0,1,2,3,4,5,6,7,8,9,10,11,12,13,14,15,16,17,18,19,20,21,22,23,24,25,26,27,28,29,30,31,32,33,34,35,36,37,38,39,40,41,42,43,44,45,46,47,48,49,50,51,52,53,54,55,56,57,58,59,60,61,62,63,64,65,66,67,68,69,70,71,72,73,74,75,76,77,78,79,80,81,82,83,84,85,86,87,88,89,90,91,92,93,94,95,96,97,98,99,100,101,102,103,104,105,106,107,108,109,110,111,112,113,114,115,116,117,118,119,120,121,122,123,124,125,126,127,128,129,130,131,132,133,134,135,136,137,138,139,140,141,142,143,144,145,146,147,148,149,150,151,152,153,154,155,156,157,158,159,160,161,162,163,164,165,166,167,168,169,170,171,172,173,174,175,176,177,178,179,chain_break_fraction,energy,num_occurrences
1,1,1,1,0,1,0,0,1,0,0,1,0,0,1,0,1,0,0,1,1,1,0,0,0,1,0,0,0,1,0,0,1,1,0,1,0,1,1,0,0,0,0,1,1,1,1,1,0,0,0,1,0,1,1,1,1,0,1,0,0,1,0,1,1,1,1,1,0,0,0,1,0,0,0,1,1,1,1,0,0,0,1,0,0,0,0,1,0,1,0,0,1,0,1,1,1,1,1,0,1,0,0,1,0,0,1,0,0,0,1,1,1,0,1,0,0,0,0,1,1,0,0,0,0,1,1,0,1,1,1,1,1,1,0,1,0,0,0,1,1,0,1,1,1,0,1,0,0,1,1,0,1,1,1,0,1,0,1,0,0,1,0,0,1,0,0,1,0,0,1,1,0,1,1,0,0,1,1,1,0.0,-4746.080000000001,1
0,0,0,1,0,1,0,1,0,1,0,1,1,0,1,0,0,0,0,1,1,1,0,0,0,1,1,0,0,0,0,0,1,0,0,1,0,1,0,0,1,0,1,1,1,1,0,0,0,0,0,0,1,1,1,1,1,0,0,0,1,1,0,0,1,0,1,1,0,0,1,0,0,1,0,1,0,0,1,0,0,1,1,0,0,0,0,1,0,1,0,0,1,0,0,1,1,1,1,1,0,1,0,1,1,1,0,0,1,1,1,1,0,0,1,0,0,1,1,1,1,0,1,0,0,1,0,1,0,1,0,1,1,0,1,1,0,1,1,1,0,0,0,1,0,0,1,1,1,0,1,0,1,0,1,1,0,0,1,0,0,1,1,1,1,1,0,1,0,1,1,1,1,0,1,1,1,1,1,0,0.0,-4745.37,1
0,0,0,0,1,1,0,1,0,1,1,1,1,0,0,1,0,0,1,0,1,0,0,1,1,1,0,1,1,0,0,1,1,1,1,0,1,0,0,1,1,1,1,0,0,1,0,0,0,0,0,0,1,0,0,1,0,0,0,1,1,1,1,0,0,1,0,0,0,0,1,0,1,0,1,1,0,0,1,0,1,0,1,0,0,0,0,0,1,0,0,0,0,1,0,1,1,0,1,1,0,1,0,0,1,1,0,1,1,1,0,1,0,1,0,0,1,1,1,1,1,0,1,0,0,0,0,1,0,0,0,0,0,0,1,0,1,1,1,0,0,0,0,0,0,1,0,1,1,0,0,1,0,0,0,1,0,0,0,1,0,0,1,0,0,1,1,0,1,0,0,0,1,0,0,1,1,0,0,0,0.0,-4744.209999999999,1
1,1,0,1,0,1,0,1,0,1,1,1,1,0,1,0,0,0,0,1,1,1,0,1,0,0,1,0,0,0,0,0,1,0,0,1,0,0,0,1,1,0,1,0,1,1,0,0,0,1,0,0,1,0,1,1,1,0,0,0,0,1,0,0,1,1,0,1,0,0,1,0,1,0,0,0,0,0,1,1,0,0,0,1,0,0,1,0,0,1,0,0,1,1,0,0,1,1,0,1,0,1,1,0,1,1,0,0,1,1,1,1,0,0,0,0,0,1,1,1,1,1,1,0,0,1,0,1,0,1,0,0,1,0,1,1,0,1,1,1,0,1,0,0,0,0,1,1,1,0,1,0,1,0,1,1,0,1,1,0,0,1,1,1,1,1,0,1,1,0,1,1,1,0,0,1,1,1,1,0,0.0,-4743.099999999999,1
0,1,0,0,1,0,0,1,0,1,1,1,1,0,0,1,0,0,1,0,1,0,0,0,1,1,0,1,1,0,0,1,1,1,0,0,1,0,0,1,1,1,1,0,0,1,0,0,0,1,0,0,1,1,0,1,0,0,0,1,0,1,1,0,0,0,1,0,1,0,1,0,1,1,1,1,0,0,1,0,1,1,1,0,0,1,1,1,1,0,1,1,0,1,0,0,1,0,1,1,0,1,1,0,1,1,0,1,1,1,0,1,0,1,1,0,1,1,1,1,0,0,1,0,1,0,0,1,0,0,0,0,0,0,1,0,1,1,1,0,0,0,0,1,0,1,0,1,1,0,0,1,0,0,0,1,0,1,0,1,0,0,1,1,0,1,1,0,0,1,0,0,1,0,1,1,1,0,0,0,0.0,-4739.689999999998,1
0,0,0,1,1,1,1,1,0,1,0,0,1,1,1,1,0,1,1,0,0,0,1,1,1,0,1,1,1,0,1,1,0,0,1,0,1,1,0,0,1,1,0,1,0,0,0,1,1,1,1,0,1,0,0,0,1,1,0,0,1,0,1,1,0,1,1,1,0,1,1,1,0,1,0,0,0,0,0,1,1,1,0,1,1,1,1,0,1,0,1,0,0,0,0,0,1,1,0,0,0,0,1,1,1,0,0,1,0,1,1,0,0,1,0,1,1,1,0,0,0,1,0,1,1,0,1,1,1,1,0,1,0,0,0,0,1,1,1,0,0,1,0,0,1,1,0,0,1,1,0,1,0,0,1,1,1,1,0,0,1,0,1,1,0,0,0,1,1,1,0,0,1,0,0,1,0,0,1,0,0.0,-4739.46,1
0,1,0,0,1,1,0,1,0,1,0,1,1,1,0,1,0,0,1,0,1,0,0,1,1,0,0,1,1,0,0,1,1,1,1,0,1,1,0,0,1,1,1,1,0,1,0,1,0,1,0,0,1,0,0,1,0,0,0,1,0,1,1,0,0,1,1,0,0,0,1,0,0,1,1,0,0,0,1,0,1,1,0,1,0,0,1,0,1,0,0,0,0,0,0,1,1,0,0,1,0,0,0,1,1,1,0,1,1,1,0,1,0,1,0,0,1,1,0,1,1,1,1,1,1,0,0,1,1,0,0,1,0,0,1,0,1,1,1,0,0,0,0,0,0,1,0,1,1,0,0,1,0,0,0,1,1,0,0,1,0,0,1,1,0,0,1,0,1,1,0,0,1,0,0,1,1,0,0,0,0.0,-4736.26,1
0,0,1,0,1,1,0,0,1,0,1,1,0,1,0,1,1,0,1,0,1,0,0,0,1,1,1,1,1,1,0,1,1,0,1,0,1,0,1,1,0,1,0,0,0,1,1,1,0,0,0,1,0,1,0,1,0,0,1,1,1,1,1,1,0,1,1,0,0,0,0,1,1,0,1,1,1,1,1,0,1,0,1,0,0,0,0,1,1,0,1,0,0,1,1,1,0,1,1,0,1,0,0,0,0,0,1,1,0,0,0,0,1,1,1,0,1,0,0,1,1,0,0,1,1,0,1,0,1,0,1,0,0,1,0,0,1,0,0,0,1,0,1,1,1,1,1,0,0,1,0,1,0,1,0,0,1,0,0,1,1,0,0,0,0,0,1,1,0,0,0,0,0,1,1,0,0,0,0,1,0.0,-4735.869999999999,1
1,0,1,1,0,0,1,0,1,0,0,1,0,0,1,0,1,1,0,1,0,1,1,1,0,1,0,0,0,1,1,0,0,1,0,1,0,1,1,0,0,0,0,1,1,0,1,0,1,0,1,1,0,1,1,0,1,1,1,0,1,0,0,1,1,0,1,1,1,1,0,1,0,0,0,1,1,1,0,0,0,0,1,0,1,1,0,0,0,1,0,1,1,0,1,0,0,0,1,0,1,1,1,1,0,0,1,0,0,0,1,0,1,0,0,1,0,0,1,0,0,0,0,0,0,1,1,0,0,1,1,1,1,1,0,1,0,0,0,1,1,0,1,0,1,0,1,0,0,1,1,0,1,1,1,0,0,1,1,0,1,1,0,0,1,1,0,0,0,0,1,1,0,1,0,0,0,1,1,1,0.0,-4735.079999999999,1
0,1,0,0,1,0,1,1,0,1,0,0,1,0,0,1,0,1,1,0,0,0,1,0,1,0,1,1,1,0,0,1,0,0,1,0,1,1,0,0,1,1,0,1,0,0,0,0,1,1,1,0,1,0,0,0,0,1,0,1,0,0,1,1,0,0,0,0,1,1,1,1,0,1,1,0,0,0,0,1,1,1,0,1,1,1,1,0,1,0,0,1,0,0,0,0,1,1,0,0,0,1,1,1,1,0,0,1,0,1,0,0,0,1,1,1,1,1,1,0,0,1,0,0,1,0,1,1,0,0,0,1,0,0,0,0,1,1,1,0,0,1,0,0,1,1,1,0,1,1,0,1,0,0,0,1,0,1,0,1,1,0,1,1,0,1,1,1,1,1,0,0,1,0,1,1,0,0,0,0,0.0,-4734.769999999999,1
0,1,0,0,1,1,0,1,0,1,0,1,1,0,0,1,0,0,1,0,1,0,0,0,1,0,0,1,1,0,0,1,1,1,1,0,1,1,0,0,1,1,1,1,0,1,0,0,0,0,0,0,1,1,0,1,0,0,0,1,0,1,1,0,0,1,0,0,0,0,1,0,0,1,1,0,0,0,1,1,1,1,0,1,0,0,0,1,1,0,0,0,0,0,0,0,1,1,0,1,0,1,1,1,1,1,0,1,1,1,0,1,0,1,1,0,1,1,1,1,1,1,1,0,0,0,0,1,0,0,0,1,0,0,1,0,1,1,1,0,0,1,0,1,0,1,0,1,1,0,0,1,0,0,0,1,0,1,0,1,0,0,1,1,0,1,1,1,0,1,0,0,1,0,1,1,1,0,0,0,0.0,-4729.019999999999,1
0,0,0,0,1,1,0,1,0,1,0,1,1,1,0,1,0,0,1,0,1,0,0,0,1,1,1,1,1,0,0,1,1,0,1,0,1,1,0,0,1,1,1,1,0,1,0,1,0,0,0,0,1,1,0,1,0,0,0,1,1,1,1,0,0,1,1,0,0,0,1,0,0,1,1,1,0,0,1,0,1,1,1,0,0,1,0,1,1,0,0,0,0,0,0,1,1,1,1,1,0,0,0,1,1,1,0,1,1,1,0,1,0,1,1,0,1,1,0,1,0,0,1,1,1,0,0,1,1,0,0,1,0,0,1,0,1,1,1,0,0,0,0,1,0,1,1,1,1,0,0,1,0,0,0,1,1,0,0,1,0,0,1,0,0,0,1,1,0,1,0,0,1,0,1,1,1,0,0,0,0.0,-4727.329999999999,1
0,1,1,1,1,1,0,0,1,0,1,1,0,0,1,1,1,0,1,0,1,0,0,1,1,1,0,1,1,1,1,1,1,1,0,0,1,0,1,1,0,1,1,0,0,1,1,0,0,0,0,1,0,1,0,1,1,0,1,0,0,1,1,0,0,1,0,1,0,0,0,0,1,0,0,1,1,1,1,0,1,0,1,0,0,0,0,1,1,0,0,0,0,1,1,1,0,0,1,1,1,1,0,0,0,1,1,1,1,0,1,0,1,1,0,0,1,0,1,1,1,0,1,0,1,0,0,0,0,1,1,0,0,1,1,0,1,0,0,0,1,0,1,1,0,1,0,1,0,0,0,1,0,1,1,0,0,0,0,0,1,0,0,0,0,1,0,0,0,0,0,0,0,1,0,0,1,0,1,1,0.0,-4726.149999999999,1
1,0,0,1,0,0,1,0,1,0,1,1,0,0,1,0,0,1,0,1,0,1,1,0,0,1,0,0,0,1,0,0,0,1,0,1,0,0,1,1,1,0,0,0,1,0,1,0,1,0,1,0,0,1,1,0,1,1,0,0,1,0,0,1,1,0,0,1,1,1,1,1,1,0,0,1,1,1,0,0,0,0,1,0,1,1,0,1,0,1,1,1,1,1,0,0,1,0,1,0,1,1,1,0,1,0,0,0,0,1,1,0,1,0,1,1,0,1,1,0,0,0,0,0,0,1,1,0,0,1,0,0,1,0,0,1,0,1,1,1,1,0,1,1,1,0,1,0,1,1,1,0,1,0,1,0,0,1,1,0,1,1,0,1,1,1,0,0,0,0,1,1,0,0,1,1,0,1,1,0,0.0,-4726.149999999999,1
0,0,0,0,1,0,0,1,0,1,0,1,1,0,0,1,0,0,1,0,1,0,0,0,1,1,0,1,1,0,1,1,1,1,1,0,1,1,0,0,1,1,1,1,0,1,0,0,0,0,0,0,1,1,0,1,0,0,0,1,1,1,1,0,0,0,1,0,1,0,1,0,0,1,1,1,0,0,1,0,1,1,1,0,0,1,0,1,1,0,0,1,0,0,0,1,1,0,1,1,1,1,0,1,1,1,0,1,1,1,0,1,0,1,1,0,1,1,1,1,0,0,1,0,0,0,0,1,0,0,0,1,0,0,1,0,1,1,1,0,0,1,0,1,0,1,1,1,1,0,0,1,0,0,0,1,0,0,0,1,0,0,1,1,0,1,1,0,0,1,0,0,0,0,1,1,1,0,0,0,0.0,-4726.039999999998,1
1,1,1,0,1,1,0,0,1,0,1,1,0,1,0,1,1,0,1,0,1,0,0,1,1,0,0,1,1,1,0,1,1,1,1,0,1,0,1,1,0,1,1,0,0,1,1,1,0,1,0,1,0,0,0,1,0,0,1,1,0,1,1,0,0,1,0,0,0,0,0,0,1,1,1,0,1,1,1,1,1,0,0,1,0,0,1,0,1,0,0,0,0,1,1,1,0,1,0,1,1,0,0,0,0,1,1,1,1,1,0,0,1,1,0,0,1,0,0,1,1,1,1,1,0,0,0,0,1,0,1,0,0,1,1,0,1,0,0,0,1,1,1,0,0,1,0,1,0,0,0,1,0,1,0,0,1,0,0,1,1,0,0,1,0,0,1,1,1,0,0,0,0,1,0,0,1,0,0,1,0.0,-4725.88,1
1,0,0,1,1,0,0,1,0,1,1,0,1,1,1,1,0,0,1,0,1,0,0,0,1,1,0,1,1,0,1,1,1,1,1,0,1,0,0,1,1,1,1,0,0,1,0,1,0,0,0,0,1,1,0,1,1,0,0,0,1,1,1,0,0,0,0,1,1,0,1,0,1,1,0,1,0,0,1,0,1,1,1,0,0,1,0,1,1,0,0,1,0,1,0,0,1,1,1,1,0,0,1,0,1,1,0,1,1,1,1,1,0,1,1,0,1,1,0,1,0,0,1,1,0,0,0,1,1,1,0,0,0,0,1,0,1,1,1,0,0,0,0,1,0,1,0,1,1,0,0,1,0,0,1,1,1,1,0,0,0,0,1,1,0,0,0,1,0,1,0,0,1,0,1,1,1,0,1,0,0.0,-4725.2699999999995,1
0,0,1,0,1,0,1,0,1,0,1,1,0,1,0,1,1,1,1,0,0,0,1,1,1,0,1,1,1,1,1,1,0,0,1,0,1,0,1,1,0,1,0,0,0,0,1,1,1,1,1,1,0,0,0,0,0,1,1,1,1,0,1,1,0,0,1,0,1,1,0,1,1,1,1,0,1,1,0,1,1,1,0,1,1,1,1,0,1,0,1,1,0,1,1,0,0,1,0,0,1,0,1,0,0,0,1,1,0,0,0,0,1,1,0,1,1,0,0,0,0,1,0,1,1,0,1,0,1,0,1,0,0,1,0,0,1,0,0,0,1,1,1,0,0,1,0,0,0,1,0,1,0,1,0,0,1,1,0,1,1,0,0,0,0,0,1,1,1,1,0,0,0,1,0,0,0,0,0,1,0.0,-4724.48,1
1,1,1,1,0,1,0,0,1,0,0,1,0,1,1,0,1,0,0,1,1,1,0,1,0,0,1,0,0,1,0,0,1,0,0,1,0,1,1,0,0,0,0,1,1,1,0,0,0,1,0,1,0,0,1,1,1,0,1,0,0,1,0,1,1,1,1,1,0,0,0,1,0,0,0,0,1,1,1,0,0,0,0,1,0,0,1,0,0,1,0,0,1,0,1,1,0,1,1,0,1,1,0,1,0,0,1,0,0,0,1,0,1,0,0,0,0,0,1,1,1,0,0,1,0,1,1,0,0,1,1,1,1,1,0,1,0,0,0,1,1,0,1,0,1,0,1,0,0,1,1,0,1,1,1,0,0,0,1,0,1,1,0,0,1,1,0,1,1,0,1,1,0,1,0,0,0,1,1,1,0.0,-4723.870000000001,1
0,1,0,1,0,0,0,1,0,1,1,1,1,0,1,0,0,0,0,1,1,1,0,1,0,0,1,0,0,0,0,0,0,0,0,1,0,0,0,1,1,0,1,0,1,1,0,0,0,0,0,0,1,0,1,1,1,0,0,0,0,1,0,0,1,0,0,1,1,0,1,0,1,0,0,0,0,0,1,1,0,0,0,1,1,1,0,0,0,1,1,1,1,1,0,0,1,1,0,1,0,1,1,0,1,1,0,0,1,1,1,0,0,0,0,0,0,1,1,1,0,1,1,0,1,1,0,1,0,1,0,0,1,0,1,1,0,1,1,1,0,1,0,0,0,0,1,1,1,0,1,0,1,0,1,1,0,1,1,0,1,1,1,1,1,1,0,1,1,0,1,1,1,0,0,1,1,1,1,0,0.0,-4722.900000000001,1
0,1,0,0,1,1,0,1,0,1,1,1,1,0,0,1,0,0,1,0,1,0,0,0,1,1,1,1,1,0,0,1,1,0,1,0,1,1,0,0,1,1,1,1,0,1,0,0,0,1,0,0,1,1,0,1,0,0,0,1,0,1,1,0,0,1,1,0,0,0,1,0,1,1,1,1,0,0,1,0,1,1,1,0,0,0,1,1,1,0,1,0,0,0,0,1,1,0,1,1,0,1,0,0,1,1,0,1,1,1,0,1,0,1,1,0,1,1,1,1,1,0,1,0,1,0,0,1,0,0,0,1,0,0,1,0,1,1,1,0,0,0,0,1,0,1,0,1,1,0,0,1,0,0,0,1,0,0,0,1,0,0,1,0,0,1,1,0,0,1,0,0,1,0,1,1,1,0,0,0,0.0,-4722.489999999998,1
1,1,0,1,0,1,0,1,0,1,1,1,1,0,1,0,0,0,0,1,1,1,0,0,0,0,1,0,0,0,0,0,1,0,0,1,0,0,0,1,1,0,1,0,1,1,0,0,0,1,0,0,1,1,1,1,1,0,0,0,0,1,0,0,1,1,0,1,0,0,1,0,1,1,0,0,0,0,1,1,0,1,0,1,0,0,1,1,0,1,1,0,1,1,0,1,1,1,0,1,0,1,0,0,1,0,0,0,1,1,1,1,0,0,1,0,0,1,1,1,1,1,1,0,0,1,0,1,0,1,0,0,1,0,1,1,0,1,1,1,0,1,0,1,0,0,1,1,1,1,0,0,1,0,1,1,0,0,1,0,0,1,1,1,1,1,0,1,0,1,1,1,1,0,1,1,1,1,1,0,0.0,-4721.91,1
0,0,0,1,1,0,0,1,0,1,1,1,1,0,1,1,1,0,1,0,1,0,0,1,1,1,1,1,1,0,0,1,1,0,1,0,1,0,0,1,1,1,1,0,0,1,1,0,0,0,0,0,1,1,0,1,1,0,1,0,1,1,1,0,0,0,0,1,1,0,0,0,1,1,0,1,0,0,1,0,1,1,1,0,0,1,0,0,1,0,0,1,0,1,0,1,1,0,1,1,0,1,0,0,1,1,0,1,1,1,1,1,0,1,0,0,1,1,1,1,0,0,1,0,1,0,0,1,0,1,1,0,0,0,1,0,1,1,1,0,0,0,0,0,0,1,0,1,1,0,0,1,0,0,1,1,0,0,0,0,0,0,1,0,0,1,0,0,0,1,0,0,1,1,0,1,1,0,1,0,0.0,-4721.789999999998,1
0,0,1,0,1,1,0,0,1,0,0,1,0,0,0,1,1,0,1,0,1,0,0,1,1,1,1,1,1,1,0,1,1,0,1,0,1,1,1,0,0,1,1,1,0,1,1,0,0,0,0,1,0,0,0,1,0,0,1,1,1,1,1,0,0,1,1,0,0,0,0,0,0,0,1,1,1,1,1,0,1,0,1,0,0,0,0,0,1,0,0,0,0,0,1,0,1,0,1,1,1,1,1,1,0,1,1,1,1,0,0,1,1,1,0,0,1,0,1,1,1,0,1,0,1,0,0,0,0,0,1,1,0,1,1,0,1,0,0,0,1,0,1,0,0,1,0,1,0,0,0,1,0,1,0,0,0,1,0,1,0,0,0,1,0,1,1,0,1,0,0,0,0,1,0,0,1,0,0,1,0.0,-4721.669999999999,1
0,1,1,0,1,1,0,0,1,0,0,1,0,1,0,1,1,0,1,0,1,0,0,0,1,1,0,1,1,1,0,1,1,1,1,0,1,1,1,0,0,1,1,1,0,1,1,1,0,0,0,1,0,1,0,1,0,0,0,1,0,1,1,0,0,1,1,0,0,0,0,0,0,0,1,1,1,1,1,0,1,0,1,0,0,0,0,1,1,0,1,0,0,0,1,1,0,0,1,1,1,0,0,1,0,1,1,1,1,0,0,1,1,1,1,0,1,0,0,1,1,0,1,1,1,0,0,0,1,0,1,1,0,1,1,0,1,0,0,0,1,1,1,1,0,1,1,1,0,0,0,1,0,1,0,0,1,0,0,1,0,0,0,0,0,0,1,0,0,0,0,0,0,0,1,0,1,0,0,1,0.0,-4721.239999999998,1
1,1,1,0,1,1,1,0,1,0,1,1,0,1,0,1,1,1,1,0,0,0,1,1,1,1,1,1,1,1,1,1,0,0,1,0,1,0,1,1,0,1,0,0,0,0,1,1,1,0,1,1,0,1,0,0,0,1,1,1,0,0,1,1,0,1,0,0,0,1,0,1,1,0,1,1,1,1,0,0,1,0,1,0,1,0,0,1,1,0,1,0,0,1,1,1,0,0,1,0,1,0,0,0,0,1,1,1,0,0,0,0,1,1,0,1,1,0,0,0,1,0,0,1,0,0,1,0,1,0,1,0,0,1,0,0,1,0,0,0,1,0,1,1,1,1,0,0,0,0,0,1,0,1,0,0,1,0,0,1,1,0,0,0,0,0,1,0,0,0,0,0,0,1,0,0,0,0,0,1,0.0,-4720.91,1
0,1,0,1,1,1,0,1,0,1,1,1,1,0,1,1,0,0,1,0,1,0,0,0,1,1,1,1,1,0,0,1,1,0,1,0,1,0,0,1,1,1,1,0,0,1,0,0,0,0,0,0,1,1,0,1,1,0,0,0,0,1,1,0,0,1,1,1,0,0,1,0,1,1,0,1,0,0,1,0,1,1,1,0,0,0,0,1,1,0,0,0,0,1,0,1,1,1,1,1,0,1,0,0,1,0,0,1,1,1,1,0,0,1,1,0,1,1,1,1,1,0,1,0,1,0,0,1,0,1,0,0,0,0,1,0,1,1,1,0,0,0,0,1,0,1,1,1,1,1,0,1,0,0,1,1,0,0,0,0,1,0,1,1,0,1,0,1,0,1,0,0,1,0,1,1,1,0,1,0,0.0,-4720.73,1
1,1,1,0,1,1,0,0,1,0,0,1,0,0,0,1,1,0,1,0,1,0,0,0,1,1,1,1,1,1,0,1,1,0,1,0,1,1,1,0,0,1,1,1,0,1,1,1,0,0,0,1,0,1,0,1,0,0,1,1,0,1,1,0,0,1,1,0,0,0,0,0,0,0,1,1,1,1,1,0,1,0,1,0,0,0,0,1,1,1,1,0,0,0,1,1,1,1,1,1,1,0,0,1,0,1,1,1,1,0,0,1,1,1,1,0,1,0,0,1,1,0,1,0,1,0,0,0,1,0,1,1,0,1,1,0,1,0,0,0,1,0,1,1,0,1,1,1,0,0,1,1,0,1,0,0,1,0,0,1,0,0,0,0,0,0,1,1,0,0,0,0,0,1,1,0,1,0,0,1,0.0,-4717.509999999999,1
0,1,1,0,1,1,0,1,0,1,1,1,1,1,0,1,1,0,1,0,1,0,0,1,1,0,1,1,1,0,0,1,1,0,1,0,1,0,0,1,0,1,1,0,0,1,1,0,0,1,0,1,1,0,0,1,0,0,1,1,0,1,1,0,0,1,0,0,0,0,0,0,1,1,1,0,0,0,1,1,1,1,0,1,0,0,1,0,1,0,0,0,0,1,1,1,0,1,0,1,0,1,0,0,0,1,1,1,1,1,0,0,0,1,0,0,1,0,1,1,1,1,1,1,1,0,0,1,0,0,1,0,0,1,1,0,1,0,0,0,0,1,0,0,0,1,0,1,0,0,0,1,0,1,0,0,0,0,0,1,1,0,1,0,0,1,1,1,1,1,0,0,1,1,0,0,1,0,0,1,0.0,-4716.8099999999995,1
0,1,1,0,1,1,1,0,1,0,1,0,0,0,1,1,1,1,1,0,0,0,1,1,1,1,1,1,1,1,1,1,0,0,1,0,1,0,1,1,0,1,0,0,0,0,1,1,1,0,1,1,0,1,0,0,0,1,1,1,0,0,1,1,0,1,0,1,0,1,0,1,1,0,1,1,1,1,0,0,1,0,1,0,1,0,0,1,1,0,0,0,0,1,1,0,0,0,1,0,1,0,1,0,0,0,1,1,0,1,0,0,1,1,0,1,1,0,0,0,1,0,0,0,1,0,1,0,1,0,1,0,0,1,0,0,1,0,0,0,1,0,1,1,1,1,0,0,0,1,0,1,0,1,0,0,1,1,0,0,1,0,0,0,0,0,1,0,0,0,0,0,0,1,0,0,0,0,1,1,0.0,-4716.759999999999,1
1,0,0,0,0,0,1,1,0,1,0,0,1,0,0,0,0,1,0,1,0,1,1,0,0,1,1,0,0,0,1,0,0,0,0,1,0,1,0,0,0,0,0,1,1,0,1,0,1,1,1,0,1,1,1,0,0,1,0,1,1,0,0,1,1,0,1,0,1,1,1,1,0,0,1,1,0,0,0,0,0,0,1,0,1,1,1,1,0,1,1,1,1,0,0,0,1,0,1,0,0,1,1,1,1,0,0,0,0,1,0,1,0,0,1,1,0,1,1,0,0,0,0,0,0,1,1,1,0,0,0,1,1,0,0,1,0,1,1,1,0,0,0,1,1,0,1,0,0,1,1,0,1,1,0,1,0,1,1,1,0,1,1,1,1,0,1,0,0,0,1,1,1,0,1,0,0,1,0,1,0.0,-4716.579999999998,1
0,0,1,1,0,0,0,1,0,1,1,1,1,1,1,0,0,0,0,1,1,1,0,0,0,0,1,0,0,0,0,0,1,0,0,1,0,0,0,1,0,0,1,0,1,1,0,1,0,1,0,1,1,0,1,1,1,0,0,0,1,1,0,0,1,0,0,1,1,0,1,0,1,1,0,0,0,0,1,1,0,1,0,1,0,1,1,0,0,1,0,1,1,1,1,1,0,1,0,1,0,0,0,0,0,1,1,0,1,0,1,0,0,0,1,0,0,0,0,1,0,1,1,1,1,1,0,1,1,1,0,0,1,1,1,1,0,0,0,1,0,1,0,0,0,0,1,1,0,0,1,0,1,1,1,1,1,0,1,0,1,1,1,1,1,0,0,1,1,1,1,1,1,0,1,0,1,1,1,1,0.0,-4715.700000000001,1
0,1,0,1,0,0,0,1,0,1,0,0,1,1,1,0,0,0,0,1,1,1,0,0,0,1,1,0,0,0,0,0,1,0,0,1,0,1,0,0,1,0,1,1,1,1,0,1,0,0,0,0,1,1,1,1,1,0,0,0,0,1,0,0,1,0,1,1,1,0,1,0,0,0,0,1,0,0,0,0,0,0,1,0,0,1,0,1,0,1,1,1,1,0,0,0,1,0,1,1,0,0,1,1,1,1,0,0,1,0,1,0,0,0,1,0,0,1,0,1,0,0,1,1,0,1,0,1,1,1,0,1,1,0,1,1,0,1,1,1,0,0,0,1,0,0,1,1,1,0,1,0,1,0,1,1,1,1,1,0,1,1,1,1,1,0,0,0,0,0,1,1,1,0,1,1,1,1,1,0,0.0,-4715.420000000001,1
0,1,0,1,1,0,0,1,0,1,1,0,1,1,1,1,0,0,1,0,1,0,0,0,1,1,0,1,1,0,1,1,0,1,1,0,1,0,0,1,1,1,1,0,0,1,0,1,0,1,0,0,1,1,0,1,1,0,0,0,0,1,1,0,0,0,0,1,1,0,1,0,1,1,0,1,0,0,1,0,1,1,1,0,1,1,1,1,1,0,0,1,0,1,0,0,1,0,1,1,0,0,1,0,1,1,0,1,1,1,1,1,0,1,1,0,1,1,0,1,0,0,1,1,1,0,0,1,1,1,0,0,0,0,1,0,1,1,1,0,0,0,0,1,0,1,1,1,1,0,0,1,0,0,1,1,1,1,0,0,0,0,1,0,0,0,0,0,0,1,0,0,1,0,1,1,1,0,1,0,0.0,-4715.3099999999995,1
0,0,0,1,1,1,0,0,1,0,1,0,0,0,1,1,0,0,1,0,1,0,0,0,1,1,0,1,1,1,0,1,1,1,1,0,1,0,1,1,1,1,1,0,0,1,0,0,0,1,0,0,0,1,0,1,1,0,0,0,1,1,1,0,0,1,0,1,0,0,1,0,1,1,0,1,1,1,1,0,1,1,1,0,0,0,1,1,1,0,0,0,0,1,0,1,0,0,1,1,1,1,0,0,1,1,0,1,1,0,1,1,1,1,1,0,1,1,1,1,1,0,1,0,1,0,0,0,0,1,0,0,0,0,1,0,1,1,1,0,1,0,1,1,0,1,1,1,1,0,0,1,0,0,1,0,0,0,0,0,0,0,0,1,0,1,0,0,0,1,0,0,0,0,1,1,1,0,1,0,0.0,-4712.169999999997,1
1,0,0,0,0,1,1,1,0,1,1,0,1,0,0,0,0,1,0,1,0,1,1,1,0,1,1,0,0,0,1,0,0,0,0,1,0,0,0,1,1,0,0,0,1,0,0,0,1,0,1,0,1,0,1,0,0,1,0,1,1,0,0,1,1,1,0,0,0,1,1,1,1,1,1,1,0,0,0,1,0,1,1,0,1,0,0,0,0,1,0,0,1,1,0,0,1,0,0,0,0,1,1,0,1,0,0,0,0,1,0,0,0,0,0,1,0,1,1,0,1,1,0,0,0,1,1,1,0,0,0,0,1,0,0,1,0,1,1,1,0,1,0,0,1,0,1,0,1,1,1,0,1,0,0,0,0,1,1,1,1,1,1,1,1,1,1,0,1,1,1,1,1,0,0,1,0,1,0,0,0.0,-4712.059999999999,1
0,0,1,1,1,0,0,1,0,1,1,1,1,0,1,1,1,0,1,0,1,0,0,1,1,1,0,1,1,0,0,1,1,1,1,0,1,0,0,1,0,1,1,0,0,1,1,0,0,0,0,1,1,1,0,1,1,0,1,0,1,1,1,0,0,0,0,1,1,0,0,0,1,0,0,1,0,0,1,0,1,0,1,0,0,1,0,1,1,0,1,1,0,1,1,1,0,0,1,1,0,1,0,0,0,1,1,1,1,0,1,1,0,1,0,0,1,0,1,1,0,0,1,0,1,0,0,1,0,1,1,0,0,1,1,0,1,0,0,0,0,0,0,1,0,1,0,1,0,0,0,1,0,1,1,1,0,0,0,0,0,0,1,0,0,0,0,0,0,0,0,0,1,1,0,0,1,0,1,1,0.0,-4710.939999999998,1
0,1,1,0,0,0,0,0,1,0,1,1,0,0,0,0,1,0,0,1,1,1,0,0,0,1,1,0,0,1,0,0,1,0,0,1,0,0,1,1,1,0,1,0,1,1,1,0,0,0,0,1,0,1,1,1,0,0,1,1,0,1,0,0,1,0,0,0,1,0,0,0,1,0,1,1,1,1,1,0,0,0,1,0,0,1,0,1,0,1,0,1,1,1,1,1,1,0,1,1,1,1,0,0,0,1,1,0,1,0,0,1,1,0,1,0,0,0,1,1,0,0,1,0,0,1,0,0,0,0,1,0,1,1,1,1,0,0,0,1,1,0,1,1,0,0,0,1,1,0,1,0,1,0,0,0,0,0,1,1,0,1,0,0,1,1,1,0,0,0,1,1,0,1,1,1,1,1,0,0,0.0,-4710.609999999999,1
0,1,1,1,0,1,1,0,1,0,1,1,0,1,1,0,1,1,0,1,0,1,1,1,0,0,1,0,0,1,1,0,0,0,1,1,0,0,1,1,0,0,0,0,1,0,1,0,1,0,1,1,0,0,1,0,1,1,1,0,0,0,0,1,1,1,0,1,0,1,0,1,1,0,0,0,1,1,0,1,0,0,0,1,1,0,0,0,0,0,0,0,1,1,1,0,0,1,0,0,1,1,1,0,0,1,1,0,0,0,1,0,1,0,0,1,0,0,1,0,1,1,0,1,0,1,1,0,0,1,1,0,1,1,0,1,0,0,0,1,1,1,1,0,1,0,0,0,0,0,0,0,1,1,1,0,0,1,1,0,1,1,0,0,1,1,0,1,1,0,1,1,0,1,0,0,0,1,1,1,0.0,-4709.780000000001,1
0,0,0,0,1,1,0,1,0,1,1,0,1,1,0,1,0,0,1,0,1,0,0,1,1,0,1,1,1,0,0,1,1,0,1,0,1,0,0,1,1,1,0,0,0,1,0,1,0,1,0,0,1,0,0,1,0,0,0,1,1,1,1,1,0,1,0,0,0,0,1,1,1,1,1,0,0,0,0,1,1,1,0,1,0,0,1,0,1,0,1,0,0,1,0,1,1,1,0,0,0,0,0,0,1,0,0,1,0,1,0,1,0,1,0,0,1,1,0,1,1,1,0,1,0,0,1,1,1,0,0,0,0,0,0,0,1,1,1,0,0,1,0,0,1,1,0,0,1,1,0,1,0,0,0,1,1,0,0,1,1,0,1,1,0,0,1,1,1,1,0,0,1,0,0,1,0,0,0,0,0.0,-4709.42,1
0,0,0,1,0,1,0,1,0,1,1,1,1,1,1,0,0,0,0,1,1,1,0,1,0,1,1,0,0,0,0,0,1,0,0,1,0,0,0,1,1,0,1,0,1,1,0,1,0,0,0,0,1,0,1,1,1,0,0,0,1,1,0,0,1,1,0,1,0,0,1,0,1,1,0,1,0,0,1,0,0,1,1,0,0,0,0,0,0,1,0,0,1,1,0,1,1,1,1,1,0,0,0,0,1,1,0,0,1,1,1,0,0,0,0,0,0,1,0,1,1,0,1,1,0,1,0,1,1,1,0,0,1,0,1,1,0,1,1,1,0,1,0,0,0,0,0,0,1,0,1,0,1,0,1,1,1,0,1,0,1,1,1,1,1,0,0,1,1,1,1,1,1,0,0,1,1,1,1,0,0.0,-4708.920000000002,1
1,0,1,1,0,1,0,0,1,0,0,0,0,0,1,0,0,0,0,1,1,1,0,0,0,1,1,0,0,1,0,0,1,0,0,1,0,1,1,0,0,0,1,1,1,1,0,0,0,0,0,1,0,1,1,1,1,0,0,0,1,1,0,0,1,1,1,1,0,0,1,0,0,0,0,1,1,1,1,0,0,0,1,0,0,0,0,1,0,1,0,0,1,0,1,1,0,1,1,1,1,1,0,1,0,1,1,0,1,0,1,1,1,0,1,0,0,0,1,1,1,0,1,0,0,1,0,0,0,1,0,1,1,1,1,1,0,0,0,1,1,1,1,1,0,0,1,1,0,0,0,0,1,1,1,0,0,0,1,0,0,1,0,0,1,1,0,1,0,0,1,1,0,0,1,0,1,1,1,1,0.0,-4708.379999999999,1
0,1,0,0,1,0,0,0,1,0,1,1,0,0,0,1,0,0,1,0,1,0,0,1,1,1,1,1,1,1,0,1,1,0,1,0,1,0,1,1,1,1,1,0,0,1,0,0,0,0,0,0,0,1,0,1,0,0,0,1,0,1,1,0,0,0,0,0,1,0,1,0,1,0,0,1,1,1,1,0,1,0,1,0,0,1,0,1,1,0,0,1,0,1,0,1,1,0,1,1,1,1,0,0,1,1,0,1,1,1,0,1,1,1,0,0,1,1,1,1,0,0,1,0,1,0,0,0,0,0,0,0,0,0,1,0,1,1,1,0,1,1,1,1,0,1,0,1,1,0,0,1,0,0,0,0,0,0,0,1,0,0,0,1,0,1,1,0,0,0,0,0,0,0,0,1,1,0,0,0,0.0,-4708.079999999999,1
1,0,1,1,0,1,0,0,1,0,0,0,0,0,1,0,1,0,0,1,1,1,0,0,0,1,0,0,0,1,0,0,1,1,0,1,0,1,1,0,0,0,0,1,1,1,1,1,0,1,0,1,0,1,1,1,1,0,1,0,1,1,0,1,1,0,1,1,0,0,0,1,0,0,0,1,1,1,0,0,0,0,1,0,0,0,1,1,0,1,0,0,1,0,1,1,0,0,1,0,1,0,0,1,0,0,1,0,0,0,1,1,1,0,1,0,0,0,0,1,1,0,0,0,0,1,1,0,1,1,1,1,1,1,0,1,0,0,0,1,1,0,1,1,1,0,1,0,0,1,1,0,1,1,1,0,1,0,1,0,0,1,0,0,1,0,0,0,0,0,1,1,0,1,1,0,0,1,1,1,0.0,-4708.07,1
0,0,0,1,0,0,0,1,0,1,1,1,1,1,1,0,0,0,0,1,1,1,0,0,0,1,0,0,0,0,0,0,1,1,0,1,0,0,0,1,1,0,1,0,1,1,0,1,0,1,0,0,1,1,1,1,1,0,0,0,1,1,0,0,1,0,0,1,1,0,1,0,1,1,0,1,0,0,1,0,0,1,1,0,0,0,1,1,0,1,0,0,1,1,0,1,1,0,1,1,1,0,0,0,1,1,0,0,1,1,1,1,0,0,1,0,0,1,0,1,1,0,1,1,0,1,0,1,1,1,0,0,1,0,1,1,0,1,1,1,0,1,0,1,0,0,1,1,1,0,1,0,1,0,1,1,1,0,1,0,0,1,1,1,1,0,0,0,0,1,1,1,0,0,1,1,1,1,1,0,0.0,-4707.95,1
1,0,0,0,1,0,0,1,0,1,1,0,1,0,0,1,0,0,1,0,1,0,0,1,1,1,0,1,1,0,0,1,1,1,1,0,1,0,0,1,1,1,1,0,0,1,0,0,0,1,0,0,1,0,0,1,0,0,0,1,1,1,1,0,0,0,0,0,1,0,1,0,1,1,1,1,0,0,1,1,1,1,1,0,0,1,1,0,1,1,0,1,0,1,0,1,1,0,0,1,0,1,0,0,1,1,0,1,1,1,0,0,0,1,0,0,1,1,1,1,0,1,1,0,0,0,0,1,0,0,0,0,0,0,1,0,1,1,1,0,0,1,0,0,0,1,1,1,1,0,1,1,0,0,0,1,0,0,0,1,1,0,1,1,0,1,1,0,1,1,0,0,1,0,0,1,1,0,0,0,0.0,-4707.939999999999,1
0,1,0,0,1,1,1,1,0,1,1,1,1,0,0,1,0,1,1,0,0,0,1,1,1,0,1,1,1,0,1,1,0,0,1,1,1,0,0,1,1,1,1,0,0,0,0,0,1,0,1,0,1,0,0,0,0,1,0,1,0,0,1,0,0,1,0,0,0,1,1,0,1,1,1,0,0,0,0,1,1,1,0,1,1,0,0,0,1,0,1,0,0,1,0,1,1,1,0,1,0,1,0,0,1,1,0,1,1,1,0,0,0,1,0,1,1,1,1,0,1,1,1,0,0,0,0,1,0,0,0,0,0,0,1,0,1,1,1,0,0,1,0,0,0,1,0,1,1,0,0,1,0,0,0,1,0,0,0,1,1,0,1,1,0,1,1,1,1,1,0,0,1,0,0,1,1,0,0,0,0.0,-4707.23,1
0,1,0,1,1,1,0,1,0,1,1,1,1,0,1,1,0,0,1,0,1,0,0,1,1,0,0,1,1,0,0,1,1,1,1,0,1,0,0,1,1,1,1,0,0,1,1,0,0,0,0,0,1,0,0,1,1,0,0,0,0,1,1,0,0,1,0,1,0,0,1,0,1,0,0,0,0,0,1,1,1,0,0,1,0,0,0,0,1,0,1,0,0,1,0,0,1,1,0,1,1,1,1,0,1,1,0,1,1,1,1,0,0,1,0,0,1,1,1,1,1,1,1,0,1,0,0,1,0,1,0,0,0,0,1,0,1,1,1,0,0,1,0,0,0,1,0,1,1,0,0,1,0,0,1,1,0,1,0,0,1,0,1,1,0,1,0,1,1,0,0,0,0,0,0,1,1,0,1,0,0.0,-4706.559999999999,1
1,1,1,1,0,0,0,0,1,0,0,1,0,0,1,0,1,0,0,1,1,1,0,0,0,1,1,0,0,1,0,0,1,0,0,1,0,1,1,0,0,0,1,1,1,1,0,0,0,0,0,1,0,0,1,1,1,0,1,0,0,1,0,0,1,0,1,1,1,0,0,0,0,0,0,1,1,1,1,0,0,0,1,0,0,1,0,0,0,1,1,1,1,0,1,0,0,1,1,1,1,1,1,1,0,1,1,0,1,0,1,1,1,0,1,0,0,0,1,1,0,0,1,0,1,1,0,0,0,1,1,1,1,1,1,1,0,0,0,1,1,0,1,0,0,0,1,1,0,0,1,0,1,1,1,0,0,1,1,0,0,1,0,1,1,1,0,1,1,0,1,1,0,1,1,0,1,1,1,1,0.0,-4706.25,1
1,0,0,0,1,0,0,1,0,1,0,0,1,0,0,1,0,0,1,0,1,0,0,0,1,1,0,1,1,0,0,1,1,1,1,0,1,1,0,0,0,1,1,1,0,1,0,0,0,1,0,0,1,1,0,1,0,0,0,1,1,1,1,0,0,0,0,0,1,0,1,0,0,1,1,1,0,0,1,0,1,1,1,0,0,1,1,1,1,1,1,1,0,0,0,1,1,0,1,1,0,1,0,1,1,1,0,1,1,1,0,1,0,1,1,0,1,1,1,1,0,0,1,0,0,0,0,1,0,0,0,1,0,0,1,0,1,1,1,0,0,0,0,1,0,1,0,1,0,0,1,1,0,1,0,1,0,0,0,1,0,0,1,1,0,1,1,0,0,1,0,0,1,0,1,0,1,0,0,1,0.0,-4704.979999999998,1
0,0,0,0,1,1,0,0,1,0,0,0,0,0,0,1,0,0,1,0,1,0,0,0,1,1,1,1,1,1,0,1,1,0,1,0,1,1,1,0,1,1,1,1,0,1,0,0,0,0,0,0,0,1,0,1,0,0,0,1,1,1,1,0,0,1,1,0,0,0,1,0,0,0,1,1,1,1,1,0,1,0,1,0,0,0,0,1,0,0,0,0,0,0,0,1,0,0,1,1,1,1,0,1,1,1,0,1,1,1,0,1,1,1,1,0,1,1,1,1,1,0,1,0,1,0,0,0,0,0,0,1,0,0,1,0,1,1,1,0,1,0,1,1,0,1,0,1,1,0,0,1,0,0,0,1,0,0,0,1,0,0,0,1,0,1,1,0,0,0,0,0,0,0,1,1,1,0,0,0,0.0,-4704.94,1
0,1,1,0,1,1,0,1,0,1,1,0,1,1,0,1,1,0,1,0,1,0,0,1,1,1,0,1,1,0,0,1,1,1,1,0,1,0,0,1,0,1,1,0,0,1,1,1,0,1,0,1,1,1,0,1,0,0,1,1,0,1,1,0,0,1,0,0,0,0,0,0,1,1,1,1,0,0,1,0,1,1,1,0,0,0,1,0,1,0,1,0,0,1,1,1,0,0,1,1,0,0,0,0,0,1,1,1,1,1,0,1,0,1,0,0,1,0,0,1,1,0,1,1,1,0,0,1,1,0,1,0,0,1,1,0,1,0,0,0,0,0,0,0,0,1,1,1,0,0,0,1,0,1,0,1,1,0,0,1,0,0,1,0,0,0,1,0,0,1,0,0,1,1,0,0,1,0,0,1,0.0,-4704.069999999998,1
1,1,0,1,0,0,0,1,0,1,1,1,1,0,1,0,0,0,0,1,1,1,0,1,0,0,1,0,0,0,1,0,1,0,0,1,0,0,0,1,1,0,0,0,1,1,0,0,0,0,0,0,1,0,1,1,1,0,0,0,0,1,0,1,1,0,0,1,1,0,1,1,1,1,0,0,0,0,1,1,0,1,0,1,0,1,0,0,0,1,1,1,1,1,0,1,1,1,0,0,0,1,0,0,1,0,0,0,0,1,1,1,0,0,0,0,0,1,1,1,0,1,0,0,0,1,1,1,0,1,0,0,1,0,0,1,0,1,1,1,0,1,0,0,1,0,0,1,1,1,1,0,1,0,1,1,0,0,1,0,0,1,1,0,1,1,0,1,1,1,1,1,1,0,0,1,0,1,1,0,0.0,-4703.99,1
1,1,1,1,0,1,0,0,1,0,1,1,0,0,1,0,1,0,0,1,1,1,0,0,0,1,1,0,0,1,0,0,0,0,0,1,0,0,1,1,0,0,0,0,1,0,1,1,1,0,0,1,0,1,1,1,1,0,1,0,0,0,0,1,1,1,0,1,0,0,0,1,1,0,0,1,1,1,1,0,0,0,1,0,1,0,0,1,0,1,1,0,1,1,1,1,1,0,1,0,1,0,0,0,0,0,1,0,0,1,1,0,1,0,1,0,0,0,0,1,1,0,0,0,0,1,1,0,1,1,1,0,1,1,0,1,0,0,0,1,1,0,1,1,1,0,1,0,0,1,1,0,1,1,1,0,1,0,1,0,1,1,0,0,1,0,0,0,0,0,1,1,0,1,1,0,0,1,1,1,0.0,-4703.660000000001,1
1,1,1,1,0,0,1,1,0,1,0,0,1,0,1,0,1,1,0,1,0,1,1,0,0,1,1,1,0,0,1,0,0,0,1,1,1,1,0,0,0,0,0,1,1,0,1,0,1,1,1,1,1,1,1,0,1,1,1,0,0,0,0,1,1,0,1,1,1,1,0,1,0,1,0,1,0,0,0,0,1,1,1,0,1,1,1,1,0,0,1,1,1,0,1,0,1,1,1,0,0,1,1,1,0,0,1,0,0,0,1,1,0,0,1,1,0,0,1,0,0,0,0,0,0,1,1,1,0,1,1,1,1,1,0,1,0,0,0,1,0,0,0,1,1,0,1,0,0,1,0,0,1,1,1,1,0,1,1,0,0,1,1,0,1,1,0,1,0,1,1,1,1,1,1,0,0,1,1,1,0.0,-4703.159999999998,1
1,0,0,0,0,0,0,1,0,1,1,1,1,0,0,0,0,0,0,1,1,1,0,0,0,0,1,0,0,0,0,0,0,0,0,1,0,0,0,1,1,0,1,0,1,1,1,0,0,0,0,0,1,1,1,1,0,0,0,1,1,1,0,0,1,0,0,0,1,0,1,0,1,1,1,0,0,0,1,1,0,1,0,1,1,0,0,1,0,1,0,1,1,1,0,1,1,1,0,1,0,1,0,0,1,1,0,0,1,1,0,0,0,0,1,0,0,1,1,1,1,1,1,0,0,1,0,1,0,0,0,0,1,0,1,1,0,1,1,1,0,1,0,1,0,0,1,1,1,0,1,0,1,0,0,1,0,0,1,1,1,1,1,0,1,1,1,1,0,1,1,1,1,0,1,1,1,1,0,0,0.0,-4703.149999999999,1
1,1,1,0,1,1,0,0,1,0,0,0,0,0,0,1,1,0,1,0,1,0,0,0,1,0,1,1,1,1,0,1,1,0,1,0,1,1,1,0,0,1,1,1,0,1,1,1,0,0,0,1,0,1,0,1,0,0,1,1,0,1,1,0,0,1,0,0,0,0,0,0,0,0,1,0,1,1,0,0,1,0,0,1,0,0,0,1,1,0,1,0,0,0,1,1,0,1,1,1,1,0,0,1,0,1,1,1,1,1,0,0,1,1,1,0,1,0,0,1,1,0,1,0,1,0,0,0,1,0,1,1,0,1,1,0,1,0,0,0,1,0,1,1,0,1,0,1,0,0,0,1,0,1,0,0,1,0,0,1,1,0,0,0,0,0,1,1,0,0,0,0,0,1,1,0,1,0,0,1,0.0,-4702.29,1
0,1,1,0,0,0,0,0,1,0,1,1,0,0,0,0,1,0,0,1,1,1,0,0,0,0,1,0,0,1,0,0,0,0,0,1,0,0,1,1,0,0,0,0,1,1,1,0,0,0,0,1,0,1,1,1,0,0,1,1,0,1,0,1,1,0,0,0,1,0,0,1,1,0,1,0,1,1,1,1,0,0,0,1,1,1,0,1,0,1,1,1,1,1,1,1,0,1,0,0,1,1,0,0,0,1,1,0,0,0,0,1,1,0,1,0,0,0,1,1,0,1,0,0,1,1,1,0,0,0,1,0,1,1,0,1,0,0,0,1,1,1,1,1,1,0,1,0,0,0,1,0,1,1,0,0,0,0,1,1,0,1,0,0,1,1,1,1,0,0,1,1,0,1,1,0,0,1,0,1,0.0,-4701.689999999998,1
0,0,0,0,1,0,0,1,0,1,1,0,1,0,0,1,0,0,1,0,1,0,0,1,1,1,1,1,1,0,1,1,1,0,1,0,1,0,0,1,1,1,1,0,0,1,0,1,0,0,0,0,1,1,0,1,0,0,0,1,1,1,1,0,0,0,0,0,1,0,1,0,1,1,1,1,0,0,1,0,1,1,1,0,0,1,0,1,1,0,1,1,0,1,0,1,1,0,1,1,0,0,0,0,1,0,0,1,1,1,0,0,0,1,0,0,1,1,0,1,0,0,1,0,0,0,0,1,1,0,0,0,0,0,1,0,1,1,1,0,0,0,0,1,0,1,0,1,1,1,0,1,0,0,0,1,1,0,0,1,1,0,1,1,0,1,1,0,0,1,0,0,1,0,0,1,1,0,0,0,0.0,-4701.24,1
1,1,1,1,1,0,0,0,1,0,1,0,0,0,1,1,1,0,1,0,1,0,0,1,1,1,0,1,1,1,0,1,0,1,1,0,1,0,1,1,0,1,1,0,0,1,1,0,0,0,0,1,0,1,0,1,1,0,1,0,0,1,1,0,0,0,0,1,1,0,0,0,1,0,0,1,1,1,0,0,1,0,1,0,1,1,0,1,1,0,0,1,0,1,1,1,0,0,1,1,1,1,0,0,0,1,1,1,1,0,1,0,1,1,0,0,1,0,1,1,0,0,1,0,0,0,0,0,0,1,1,0,0,1,1,0,1,0,0,0,1,0,1,1,0,1,0,1,0,0,0,1,0,1,1,0,0,0,0,0,1,0,0,1,0,1,0,0,0,0,0,0,0,1,0,0,1,0,1,1,0.0,-4699.969999999998,1
0,1,1,1,0,1,1,0,1,0,1,0,0,0,1,0,1,1,0,1,0,1,1,1,0,1,1,0,0,1,1,0,0,0,0,1,0,0,1,1,0,0,0,0,1,0,1,1,1,0,1,1,0,1,1,0,1,1,1,0,0,0,0,1,1,1,0,1,0,1,0,1,1,1,0,1,1,1,0,0,0,1,1,0,1,0,0,0,0,1,0,0,1,1,1,1,0,0,1,0,1,0,0,0,0,0,1,0,0,0,1,1,1,0,0,1,0,0,0,0,1,0,0,0,0,1,1,0,1,1,1,0,1,1,0,1,0,0,0,1,1,1,1,0,1,0,0,0,0,1,1,0,1,1,1,0,1,0,1,0,0,1,0,0,1,0,0,0,1,1,1,1,0,1,0,0,0,1,1,1,0.0,-4699.950000000001,1
0,1,0,1,1,0,0,1,0,1,1,1,1,1,1,1,0,0,1,0,1,0,0,1,1,1,0,1,1,0,0,1,1,1,1,0,1,0,0,1,1,1,1,0,0,1,0,1,0,1,0,0,1,0,0,1,1,0,0,0,0,1,1,0,0,0,1,1,1,0,1,0,1,1,0,1,0,0,1,0,1,1,1,0,0,0,1,0,1,1,1,0,0,1,0,0,1,0,1,1,0,0,1,0,1,1,0,1,1,1,1,1,0,1,0,0,1,1,0,1,1,0,1,1,1,0,0,1,1,1,0,0,0,0,1,0,1,1,1,0,0,0,0,0,0,1,0,1,1,0,1,1,0,0,1,1,1,1,0,0,0,0,1,1,0,0,0,0,1,1,0,0,1,0,0,1,1,0,1,0,0.0,-4699.9400000000005,1
0,1,0,1,1,1,0,1,0,1,1,1,1,1,1,1,0,0,1,0,1,0,0,0,1,1,0,1,1,0,0,1,1,1,1,0,1,0,0,1,1,1,1,0,0,1,0,0,0,0,0,0,1,1,0,1,1,0,0,0,0,1,1,0,0,1,0,1,0,0,1,0,1,1,0,1,0,0,1,0,1,1,1,0,0,1,0,1,1,0,0,0,0,1,0,1,1,1,1,1,0,1,0,0,1,0,0,1,1,1,1,1,0,1,1,0,1,1,1,1,0,0,1,1,1,0,0,1,0,1,0,0,0,0,1,0,1,1,1,0,0,0,0,1,0,1,0,1,1,1,0,1,0,0,1,1,0,0,0,0,0,0,1,1,0,1,0,1,0,1,0,0,1,0,1,1,1,0,1,0,0.0,-4699.899999999998,1
0,1,1,1,0,1,1,0,1,0,0,0,0,0,1,0,1,1,0,1,0,1,1,0,0,0,1,1,0,1,1,0,1,0,0,1,1,1,1,0,0,0,0,1,1,0,1,0,1,1,1,1,0,1,1,0,1,1,1,0,0,0,0,1,1,1,0,1,0,1,0,1,0,0,0,0,1,1,0,0,1,0,0,1,0,0,1,1,0,0,0,0,1,0,1,1,0,1,1,0,1,1,0,1,0,1,1,0,0,0,1,0,1,0,1,1,0,0,1,0,1,0,0,0,0,1,1,0,0,1,1,1,1,1,0,1,0,0,0,1,1,0,1,1,1,0,1,0,0,0,0,0,1,1,1,0,0,0,1,0,1,1,0,0,1,1,0,1,0,0,1,1,0,1,1,0,0,1,1,1,0.0,-4699.819999999999,1
0,1,1,1,1,0,0,0,1,0,0,1,0,1,1,1,1,0,1,0,1,0,0,1,1,0,0,1,1,1,0,1,1,1,1,0,1,1,1,0,0,1,1,1,0,1,0,1,0,1,0,1,0,0,0,1,1,0,1,0,0,1,1,0,0,0,1,1,1,0,0,0,0,0,0,0,1,1,1,1,1,0,0,1,0,0,1,0,1,0,0,0,0,0,1,0,0,1,0,1,1,0,1,1,0,1,1,1,1,0,1,0,1,1,0,0,1,0,0,1,1,1,1,1,0,0,0,0,1,1,1,1,0,1,1,0,1,0,0,0,1,1,1,0,0,1,0,1,0,0,0,1,0,1,1,0,1,1,0,0,1,0,0,0,0,1,0,1,1,0,0,0,0,1,0,0,1,0,1,1,0.0,-4699.7300000000005,1
0,1,0,1,0,0,0,1,0,1,0,0,1,0,1,0,0,0,0,1,1,1,0,0,0,1,1,0,0,0,0,0,1,0,0,1,0,0,1,0,1,0,1,1,1,1,0,1,0,0,0,0,1,1,1,1,1,0,0,0,0,1,0,0,1,0,1,1,1,0,1,0,0,1,0,1,0,0,1,0,0,1,1,0,0,1,0,1,0,1,1,1,1,0,0,1,1,0,1,1,0,0,0,1,1,1,0,0,1,1,1,1,0,0,1,0,0,1,0,1,0,0,1,0,0,1,0,1,1,1,0,0,1,0,1,1,0,1,1,1,0,0,0,1,0,0,1,1,1,0,1,0,1,0,1,1,1,0,1,0,0,1,1,1,1,0,0,0,0,1,1,1,1,0,1,1,1,1,1,0,0.0,-4699.580000000001,1
0,1,0,1,0,0,1,1,0,1,1,0,1,0,1,0,0,1,0,1,0,1,1,1,0,0,1,0,0,0,1,0,0,0,0,1,0,0,0,1,1,0,0,0,1,0,0,1,1,0,1,0,1,0,1,0,1,1,0,0,0,0,0,1,1,0,0,1,1,1,1,1,1,1,0,0,0,0,0,0,0,1,0,1,1,1,0,0,0,1,0,1,1,1,0,0,1,1,1,0,0,0,1,0,1,0,1,0,0,1,1,0,0,0,0,1,0,1,0,0,0,0,0,0,0,1,1,1,1,1,0,0,1,0,0,1,0,1,1,1,0,0,0,0,1,0,1,0,1,1,1,0,1,0,1,1,1,1,1,0,1,1,1,1,1,0,0,1,1,1,1,1,1,0,0,1,0,1,1,0,0.0,-4699.270000000001,1
1,0,0,1,1,1,1,1,0,1,0,1,1,0,1,1,0,1,1,0,0,0,1,0,1,1,1,1,1,0,1,1,0,0,1,0,1,1,0,0,1,1,0,1,0,0,1,0,1,1,1,0,1,1,0,0,1,1,0,0,1,0,1,1,0,1,0,1,0,1,1,1,0,1,0,1,0,0,0,0,1,1,1,0,1,0,1,1,1,0,1,0,0,0,0,1,1,0,1,0,0,1,0,1,1,0,0,1,0,1,1,0,0,1,1,1,1,1,1,0,1,0,0,0,0,0,1,1,0,1,0,1,0,0,0,0,1,1,1,0,0,0,0,1,1,1,0,0,1,1,0,1,0,0,1,1,0,0,0,0,1,0,1,1,0,1,0,0,0,1,0,0,1,0,1,1,0,0,1,0,0.0,-4699.219999999998,1
0,1,0,0,1,0,0,0,1,0,1,1,0,1,0,1,0,0,1,0,1,0,0,0,1,0,1,1,1,1,0,1,1,0,1,0,1,0,1,1,1,1,1,0,0,1,0,1,0,0,0,0,0,0,0,1,0,0,0,1,0,1,1,0,0,0,0,0,1,0,1,0,1,0,1,0,1,1,1,1,1,0,0,1,0,0,0,0,1,0,1,0,0,1,0,1,1,1,0,1,1,0,0,0,1,1,0,1,1,1,0,0,1,1,1,0,1,1,0,1,1,1,1,1,1,0,0,0,1,0,0,0,0,0,1,0,1,1,1,0,1,0,1,0,0,1,0,1,1,0,0,1,0,0,0,0,1,0,0,1,1,0,0,1,0,0,1,1,1,0,0,0,0,0,1,1,1,0,0,0,0.0,-4699.160000000001,1
0,1,1,0,1,0,0,0,1,0,1,1,0,1,0,1,1,0,1,0,1,0,0,1,1,0,1,1,1,1,1,1,1,0,1,0,1,0,0,1,1,1,1,0,0,1,1,0,0,0,0,1,0,0,0,1,0,0,1,1,0,1,1,0,0,0,0,0,1,0,0,0,1,0,1,0,1,1,1,1,1,0,0,1,0,1,0,0,1,0,1,1,0,1,1,1,0,1,0,1,1,1,0,0,0,1,1,1,1,0,0,0,1,1,0,0,1,0,1,1,0,1,1,1,0,0,0,0,0,0,1,0,0,1,1,0,1,0,0,0,1,1,1,0,0,1,0,1,0,0,0,1,0,1,0,0,0,0,0,1,1,0,0,0,0,1,1,1,1,0,0,0,0,1,0,0,1,0,0,0,0.0,-4698.79,1
1,1,0,1,0,0,0,1,0,1,1,1,1,0,1,0,0,0,0,1,1,1,0,0,0,1,1,1,0,0,0,0,1,0,0,1,0,0,0,1,1,0,1,0,1,1,0,1,0,0,0,0,1,1,1,1,1,0,0,0,0,1,0,0,1,0,0,1,1,0,1,0,1,0,0,1,0,0,1,0,1,0,1,0,0,1,0,1,0,0,0,1,1,1,0,1,1,1,1,1,0,0,0,0,1,1,0,0,1,1,1,1,0,0,1,0,0,1,0,1,0,0,1,0,1,1,0,1,1,1,0,0,1,0,1,1,0,1,1,1,0,0,0,1,0,0,1,1,1,0,0,0,1,0,1,1,1,0,1,0,0,1,1,1,1,0,0,1,0,0,1,1,1,0,1,1,1,1,1,0,0.0,-4698.600000000001,1
1,1,0,1,0,1,0,1,0,1,0,1,1,1,1,0,0,0,0,1,1,1,0,0,0,1,1,0,0,0,0,0,1,0,0,1,0,1,0,0,1,0,1,1,1,1,0,0,0,0,0,0,1,1,1,1,1,0,0,0,0,1,0,0,1,1,1,1,0,0,1,0,0,1,0,1,0,0,1,0,0,1,1,0,0,0,0,1,0,1,0,0,1,0,0,0,1,0,1,1,0,1,1,1,1,1,0,0,1,1,1,0,0,0,1,0,0,1,1,0,1,0,1,1,1,1,0,1,0,1,0,1,1,0,1,1,0,1,1,1,0,0,0,1,0,0,1,1,1,0,1,0,1,0,1,1,0,1,1,0,1,1,1,0,1,1,0,0,0,1,1,1,1,0,1,1,1,1,1,0,0.0,-4698.54,1
1,1,0,1,0,0,0,1,0,1,1,0,1,0,1,0,0,0,0,1,1,1,0,0,0,1,1,0,0,0,0,0,1,0,0,1,0,0,1,1,1,0,1,0,1,1,1,0,0,1,0,0,1,1,1,1,1,0,0,0,0,1,0,0,1,0,0,1,1,0,1,0,1,1,0,1,0,0,1,0,0,1,1,0,0,1,1,1,1,1,0,1,1,1,0,0,1,1,1,1,0,1,1,0,1,1,0,0,1,1,1,1,0,0,1,0,0,1,1,1,0,0,1,0,0,1,0,1,0,1,0,0,1,0,1,1,0,1,1,1,0,0,0,1,0,0,1,1,1,0,1,0,1,0,1,1,0,1,1,0,0,1,1,0,1,1,0,1,0,1,1,1,1,0,1,1,1,1,1,0,0.0,-4698.049999999999,1
0,1,1,0,0,1,0,0,1,0,1,1,0,0,0,0,1,0,0,1,1,1,0,0,0,1,1,0,0,1,0,0,1,0,0,1,0,0,1,1,0,0,0,0,1,1,1,1,0,1,0,1,0,1,1,1,0,0,1,1,0,1,0,1,1,1,0,0,0,0,0,0,1,0,1,1,1,1,1,0,0,0,1,0,0,0,1,1,0,1,1,0,1,1,1,1,0,0,1,1,1,0,0,0,0,0,1,0,0,0,0,0,1,0,1,0,0,0,0,1,1,0,0,0,1,1,1,0,1,0,1,0,1,1,0,1,0,0,0,1,1,0,1,1,1,0,1,0,0,1,1,0,1,1,0,0,1,0,1,1,1,1,0,0,1,0,1,0,0,0,1,1,0,1,1,0,0,1,0,1,0.0,-4697.949999999999,1
1,1,1,0,1,0,1,1,0,1,0,1,1,0,0,1,1,1,1,0,0,0,1,1,1,0,1,1,1,0,1,1,0,0,1,0,1,1,0,0,0,1,0,1,0,0,1,1,1,1,1,1,1,0,0,0,0,1,1,1,0,0,1,1,0,0,0,0,1,1,0,1,0,1,1,0,0,0,0,1,1,1,0,1,1,1,1,0,1,0,1,1,0,0,1,1,0,1,0,0,0,0,0,1,0,1,1,1,0,0,0,0,0,1,0,1,1,0,0,0,0,1,0,0,1,0,1,1,1,0,1,1,0,1,0,0,1,0,0,0,0,1,0,0,1,1,1,0,0,0,0,1,0,1,0,1,1,0,0,1,1,0,1,0,0,0,1,1,1,1,0,0,1,1,0,0,0,0,0,1,0.0,-4697.82,1
1,0,1,1,0,0,1,0,1,0,0,0,0,0,1,0,1,1,0,1,0,1,1,0,0,1,1,0,0,1,0,0,1,0,0,1,0,1,1,0,0,0,1,1,1,1,0,1,0,0,1,1,0,1,1,0,1,1,1,0,1,1,0,0,1,0,1,1,1,1,0,0,0,0,0,1,1,1,0,0,0,0,1,0,0,1,0,1,0,1,0,1,1,0,1,0,0,1,1,1,1,0,1,1,0,1,1,0,1,0,1,0,1,0,1,1,0,0,0,0,0,0,1,0,0,1,0,0,1,1,1,1,1,1,1,1,0,0,0,1,1,0,1,1,0,0,1,1,0,0,1,0,1,1,1,0,1,1,1,0,1,1,0,0,1,0,0,1,0,0,1,1,0,1,1,0,1,1,1,1,0.0,-4697.740000000001,1
0,0,0,0,1,1,0,1,0,1,0,1,1,0,0,1,0,0,1,0,1,0,0,0,1,0,0,1,1,0,0,1,0,1,1,0,1,1,0,0,1,1,0,1,0,1,0,0,0,1,0,0,1,1,0,1,0,0,0,1,1,1,1,1,0,1,1,0,0,0,1,1,0,0,1,0,0,0,1,0,1,0,0,1,1,0,1,1,1,0,1,0,0,0,0,1,1,1,1,0,0,1,0,1,1,1,0,1,0,1,0,0,0,1,1,0,1,1,1,1,1,0,0,0,1,0,1,1,0,0,0,1,0,0,0,0,1,1,1,0,0,0,0,1,1,1,0,0,1,0,0,1,0,0,0,1,0,0,0,1,1,0,1,1,0,1,1,1,0,0,0,0,1,0,1,1,0,0,0,0,0.0,-4697.579999999999,1
1,1,1,0,0,0,1,0,1,0,1,1,0,0,0,0,1,1,0,1,0,1,1,0,0,1,1,0,0,1,1,0,0,0,0,1,0,0,1,1,1,0,1,0,1,0,1,0,1,0,1,1,0,1,1,0,0,1,1,1,0,0,0,0,1,0,0,0,1,1,0,0,1,0,1,1,1,1,0,0,0,0,1,0,1,1,0,1,0,1,1,1,1,1,1,0,0,0,1,1,0,1,1,0,0,1,1,0,1,0,0,1,1,0,1,1,0,0,1,0,0,0,1,0,1,1,0,0,0,0,1,0,1,1,1,1,0,0,0,1,1,0,1,1,0,0,1,1,1,0,1,0,1,0,0,0,0,1,1,1,0,1,0,0,1,1,1,0,0,0,1,1,1,1,1,1,1,1,0,0,0.0,-4697.309999999999,1
1,1,1,0,1,0,1,1,0,1,1,1,1,0,0,1,1,1,1,0,0,0,1,0,1,1,1,1,1,0,1,1,0,0,1,0,1,0,0,1,0,1,0,0,0,0,0,1,1,1,1,1,1,1,0,0,0,1,1,1,0,0,1,1,0,0,0,0,1,1,0,1,1,1,1,1,0,0,0,0,1,1,1,0,1,1,1,1,0,0,1,1,0,1,1,0,0,0,1,0,0,0,1,0,0,1,1,1,0,0,0,1,0,1,1,1,1,0,0,0,0,0,0,0,0,0,1,1,1,0,1,0,0,1,0,0,1,0,0,0,0,0,0,1,1,1,1,0,0,0,0,1,0,1,0,1,1,1,0,1,0,0,1,0,0,0,1,0,0,1,0,0,1,1,1,0,0,0,0,1,0.0,-4696.729999999999,1
0,0,1,0,1,1,0,0,1,0,1,1,0,0,0,1,1,0,1,0,1,0,0,0,1,1,0,1,1,1,0,1,1,1,1,0,1,0,1,1,0,1,0,0,0,1,0,0,0,1,0,1,0,1,0,1,0,0,1,1,1,1,1,1,0,1,1,0,0,0,0,1,1,0,1,1,1,1,1,0,1,0,1,0,0,0,1,1,1,1,1,0,0,1,1,1,0,1,1,0,1,1,0,0,0,0,1,1,0,0,0,1,1,1,1,0,1,1,1,1,1,0,0,0,1,0,1,0,0,0,1,0,0,1,0,0,1,0,0,0,1,0,1,1,1,1,1,0,0,1,1,1,0,1,0,0,0,0,0,1,0,0,0,0,0,1,1,1,0,0,0,0,0,1,1,0,0,0,0,1,0.0,-4696.619999999997,1
1,0,0,1,1,0,0,1,0,1,1,1,1,0,1,1,0,0,1,0,1,0,0,0,1,1,0,1,1,0,1,1,1,1,1,0,1,0,0,1,1,1,1,0,0,1,1,0,0,0,0,0,1,1,0,1,1,0,0,0,1,1,1,0,0,0,0,1,1,0,1,0,1,1,0,1,0,0,0,0,1,1,1,0,0,1,0,1,1,0,0,1,0,1,0,0,1,1,1,1,0,1,1,0,1,1,0,1,1,1,1,1,0,1,1,0,1,1,1,1,0,0,1,0,0,0,0,1,0,1,0,0,0,0,1,0,1,1,1,0,0,0,0,1,0,1,0,1,1,0,0,1,0,0,1,1,0,1,0,0,0,0,1,0,0,1,0,1,0,1,0,0,1,0,1,1,1,0,1,0,0.0,-4696.609999999998,1
0,1,1,1,0,1,1,0,1,0,1,0,0,0,1,0,1,1,0,1,0,1,1,1,0,1,1,0,0,1,1,0,0,0,0,1,0,0,1,1,1,0,1,0,1,0,1,0,1,0,1,1,0,0,1,0,1,1,1,0,0,0,0,0,1,1,0,1,0,1,0,0,1,0,0,1,1,1,0,0,0,0,1,0,1,0,0,0,0,1,0,0,1,1,1,1,0,1,1,1,1,1,0,0,0,1,1,0,1,0,1,0,1,0,0,1,0,0,1,0,1,0,1,0,0,1,0,0,0,1,1,0,1,1,1,1,0,0,0,1,1,0,1,0,0,0,1,1,1,0,1,0,1,0,1,0,0,0,1,0,1,1,0,0,1,1,0,1,1,0,1,1,0,1,0,1,1,1,1,0,0.0,-4695.55,1
1,1,1,1,0,1,0,0,1,0,1,1,0,0,1,0,1,0,0,1,1,1,0,0,0,0,1,0,0,1,0,0,1,0,0,1,0,0,1,1,0,0,1,0,1,1,0,0,0,1,0,1,0,1,1,1,1,0,1,0,0,1,0,0,1,1,0,1,0,0,0,0,1,0,0,0,1,1,0,1,0,0,0,1,0,1,1,1,0,1,0,0,1,1,1,1,0,1,0,1,1,1,0,0,0,1,1,0,1,0,1,0,1,0,1,0,0,0,1,1,0,1,1,0,0,1,0,0,0,1,1,0,1,1,1,1,0,0,0,1,1,1,1,1,0,0,1,1,0,0,0,0,1,1,1,0,0,0,1,0,1,1,0,0,1,1,0,1,0,0,1,1,0,1,1,0,1,1,1,1,0.0,-4695.199999999999,1
0,1,0,0,1,0,0,1,0,1,0,0,1,0,0,1,0,0,1,0,1,0,0,0,1,1,1,1,1,0,0,1,0,0,1,0,1,1,0,0,1,1,1,1,0,1,0,1,0,1,0,0,1,1,0,1,0,0,0,1,0,1,1,0,0,0,1,0,1,0,1,0,0,1,1,1,0,0,1,0,1,1,1,0,1,1,1,1,0,0,1,1,0,0,0,1,1,0,1,1,0,0,0,1,1,1,0,1,1,1,0,1,0,1,1,0,1,1,0,1,0,0,1,0,0,0,0,1,1,0,0,1,0,0,1,0,1,1,1,0,0,0,0,1,0,1,1,0,1,0,0,1,0,0,0,1,1,0,0,1,0,0,1,1,0,0,1,0,0,1,0,0,1,0,1,1,1,0,0,0,0.0,-4694.829999999999,1
0,1,0,1,0,1,0,1,0,1,0,1,1,0,1,0,0,0,0,1,1,1,0,1,0,0,1,0,0,0,0,0,1,0,0,1,0,1,0,0,1,0,0,1,1,1,0,0,0,1,0,0,1,0,1,1,1,0,0,0,0,1,0,1,1,1,1,1,0,0,1,1,0,1,0,0,0,0,1,1,0,1,0,1,0,0,1,0,0,1,0,0,1,0,0,0,1,0,0,0,0,1,1,1,1,1,0,0,0,1,1,1,0,0,0,0,0,1,1,1,1,1,0,0,1,1,1,1,0,1,0,1,1,0,0,1,0,1,1,1,0,1,0,0,1,0,0,0,1,0,1,0,1,0,1,1,0,1,1,0,0,1,1,1,1,1,0,0,1,1,1,1,1,0,0,1,0,1,1,0,0.0,-4694.59,1
0,0,0,1,1,1,0,1,0,1,0,1,1,0,0,1,0,0,1,0,1,0,0,1,1,0,0,0,1,0,0,1,1,1,1,0,0,1,0,0,1,1,1,1,0,1,0,0,0,0,0,0,1,0,0,1,1,0,0,0,1,1,1,0,0,1,1,0,0,0,1,0,0,1,0,0,0,0,1,1,0,1,0,1,0,0,0,0,1,1,1,0,0,0,0,1,1,1,0,1,0,1,0,1,1,1,0,1,1,1,1,0,0,1,0,0,1,0,1,1,1,1,1,0,1,0,0,1,0,1,0,1,0,0,1,0,1,1,1,0,0,1,0,0,0,1,0,1,1,0,1,1,0,0,1,1,0,0,0,1,1,0,1,1,0,1,0,1,1,1,0,0,1,0,0,1,1,0,0,0,0.0,-4694.289999999999,1
0,1,1,0,1,1,1,0,1,0,0,0,0,0,0,1,1,1,1,0,0,0,1,0,1,1,1,1,1,1,1,1,0,0,1,0,1,0,1,0,0,1,0,1,0,0,1,0,1,0,1,1,0,1,0,0,0,1,1,1,0,0,1,1,0,1,0,0,0,1,0,1,0,0,1,1,1,1,0,1,1,0,1,0,1,0,0,1,1,0,1,0,0,0,1,1,0,0,0,0,1,1,0,1,0,0,1,1,0,0,0,1,1,1,1,1,1,0,1,0,1,1,0,0,1,0,1,0,0,0,1,0,0,1,0,0,1,0,0,0,1,1,1,1,1,1,0,0,0,1,0,1,0,1,0,0,0,0,0,1,0,0,0,0,0,1,1,0,0,0,0,0,0,1,1,0,0,0,0,1,0.0,-4693.589999999997,1
0,1,0,0,0,1,1,1,0,1,1,0,1,0,1,0,0,1,0,1,0,1,1,1,0,0,1,1,0,0,1,0,0,0,0,1,1,0,0,1,1,0,0,0,1,0,0,0,1,0,1,0,1,0,1,0,0,1,0,1,0,0,0,1,1,1,0,1,0,1,1,1,1,1,1,0,0,0,0,1,1,1,0,1,1,0,0,0,0,0,0,0,1,1,0,0,0,1,0,0,0,1,1,0,1,0,0,0,0,1,0,0,0,0,0,1,0,1,1,0,1,1,0,0,0,1,1,1,0,0,0,0,1,0,0,1,0,1,1,1,0,1,0,0,1,0,1,0,1,1,0,0,1,0,0,1,0,1,1,0,1,1,1,1,1,1,1,1,1,1,1,1,1,0,0,1,0,1,1,0,0.0,-4693.01,1
1,1,1,0,1,1,1,1,0,1,0,0,1,0,0,1,1,1,1,0,0,0,1,0,1,1,1,1,1,0,1,1,0,0,1,0,1,1,0,0,0,1,0,1,0,0,1,1,1,1,1,1,1,1,0,0,0,1,1,1,0,0,1,1,0,1,1,0,0,1,0,1,0,1,1,1,0,0,1,0,1,1,1,0,1,0,1,1,0,0,1,0,0,0,1,0,1,0,1,0,0,0,1,1,0,0,1,1,0,0,0,1,0,1,1,1,1,0,0,0,1,0,0,0,0,0,1,1,1,0,1,1,0,1,0,0,1,0,0,0,0,0,0,1,1,1,1,0,0,1,0,1,0,1,0,1,1,1,0,1,0,0,1,0,0,0,1,0,0,1,0,0,1,1,1,0,0,0,0,1,0.0,-4692.479999999999,1
1,1,1,1,0,1,0,1,0,1,1,1,1,0,1,1,1,0,1,1,1,0,0,1,1,1,1,0,0,0,0,0,1,0,1,0,0,0,0,1,0,1,0,0,0,1,1,0,0,1,0,1,1,0,0,1,1,0,1,0,0,1,1,1,1,1,0,1,0,0,0,1,1,1,0,1,0,0,1,0,0,1,1,0,0,0,1,0,1,1,1,0,0,1,1,1,0,0,1,0,0,1,0,0,0,0,1,1,0,0,1,1,0,1,0,0,1,0,1,1,1,0,0,0,1,0,1,1,0,1,1,0,0,1,0,0,1,0,0,0,0,0,0,0,1,1,0,0,0,1,1,1,0,1,1,1,0,0,0,0,0,1,1,0,0,1,0,0,1,1,0,0,1,1,0,0,0,0,1,1,0.0,-4692.279999999998,1
1,0,0,1,0,0,0,1,0,1,1,0,1,0,1,0,0,0,0,1,1,1,0,1,0,0,1,0,0,0,0,0,0,0,0,1,0,0,0,1,1,0,1,0,1,1,0,0,0,0,0,0,1,1,1,1,1,0,0,0,0,1,0,0,1,0,1,1,1,0,1,0,1,1,0,0,0,0,1,1,0,1,0,1,1,1,0,0,0,1,0,1,1,1,0,1,1,1,0,1,0,1,0,0,1,1,0,0,1,1,1,0,0,0,0,0,0,1,1,1,0,1,1,0,1,1,0,1,0,1,0,0,1,0,1,1,0,1,1,1,0,1,0,0,0,0,0,1,1,0,1,0,1,0,1,1,0,0,1,0,1,1,1,1,1,1,0,1,1,1,1,1,1,0,0,1,1,1,1,0,0.0,-4692.200000000001,1
1,0,1,0,0,0,1,0,1,0,0,1,0,0,1,0,0,1,0,1,0,1,1,0,0,1,1,0,0,1,1,0,0,0,0,1,0,1,1,0,0,0,1,1,1,0,0,0,1,0,1,1,0,1,1,0,0,1,0,1,1,0,0,0,1,0,1,1,1,1,1,0,0,0,1,1,1,1,0,0,0,0,1,0,1,1,0,1,0,1,0,1,1,0,1,0,0,0,1,1,1,1,1,1,0,1,1,0,1,0,0,0,1,0,1,1,0,0,1,0,0,0,1,0,0,1,0,0,0,0,0,1,1,1,1,1,0,0,0,1,1,0,1,1,0,0,1,1,0,0,1,0,1,1,0,0,0,1,1,0,1,1,0,0,1,1,1,0,0,0,1,1,0,0,1,0,1,1,1,1,0.0,-4692.08,1
1,0,0,1,1,0,1,1,0,1,1,0,1,0,1,1,0,1,1,0,0,0,1,0,1,1,1,1,1,0,0,1,0,0,1,0,1,0,0,1,1,1,1,0,0,0,0,0,1,1,1,0,1,1,0,0,1,1,0,0,1,0,1,0,0,0,0,1,1,1,1,0,1,0,0,1,0,0,0,0,1,0,1,0,1,0,1,1,1,0,0,1,0,1,0,0,1,0,1,1,0,1,1,0,1,1,0,1,1,1,1,1,0,1,1,1,1,1,1,0,1,0,1,0,0,0,0,1,0,1,0,0,0,0,1,0,1,1,1,0,0,0,0,1,0,1,1,1,1,0,0,1,0,0,1,1,0,1,0,0,0,0,1,0,0,1,0,0,0,0,0,0,1,0,1,1,1,0,1,0,0.0,-4692.059999999998,1
1,1,0,0,0,0,1,0,1,0,1,0,0,0,0,1,0,1,1,1,0,0,1,1,1,1,1,0,0,1,1,0,0,0,1,0,0,0,1,1,1,1,0,0,0,0,0,1,1,0,1,0,0,1,0,0,0,1,0,1,0,0,1,1,1,0,1,0,1,1,1,1,1,0,1,1,1,1,0,0,0,0,1,0,1,1,0,1,1,1,1,1,0,1,0,0,1,0,1,0,1,0,1,0,1,0,0,1,0,1,0,1,1,1,0,1,1,1,0,0,0,0,0,0,1,0,1,0,1,0,0,0,0,0,0,0,1,1,1,0,1,0,1,1,1,1,0,0,1,1,1,1,0,0,0,0,1,1,0,1,0,1,0,1,0,0,1,0,0,0,0,0,0,0,0,1,0,0,0,0,0.0,-4692.03,1
0,1,0,1,0,1,0,1,0,1,0,1,1,1,1,0,0,0,0,1,1,1,0,0,1,0,1,0,0,0,1,0,1,0,0,1,0,1,0,0,1,0,1,1,1,1,1,1,0,0,0,0,1,1,0,1,1,0,0,0,0,1,0,0,1,1,1,1,0,0,1,0,0,1,0,0,0,0,1,1,0,1,0,1,0,0,0,1,0,1,1,0,1,0,0,1,1,1,0,1,0,0,0,1,1,1,0,0,1,1,1,0,0,1,1,0,0,1,0,1,1,1,1,1,0,1,0,1,1,1,0,1,0,0,1,1,0,1,1,1,0,1,0,1,0,0,1,1,1,0,1,1,1,0,1,1,1,0,1,0,1,1,1,1,0,0,0,1,0,1,1,1,1,0,1,1,1,1,1,0,0.0,-4692.020000000001,1
0,0,0,0,1,0,0,1,0,1,0,0,1,1,0,1,0,0,1,0,1,0,0,1,1,0,1,1,1,0,0,1,1,0,1,0,1,1,0,0,1,1,1,1,0,1,0,0,0,1,0,0,1,0,0,1,0,0,0,1,1,1,1,0,0,0,0,0,1,0,1,0,0,0,1,0,0,0,1,1,1,0,0,1,0,1,1,0,1,1,0,1,0,0,0,1,1,1,0,1,0,1,0,1,1,1,0,1,1,1,0,0,0,1,0,0,1,0,1,1,0,1,1,1,0,0,0,1,0,0,0,1,0,0,1,0,1,1,1,0,0,1,0,0,0,1,0,1,1,0,1,1,0,0,0,1,0,0,0,1,1,0,1,1,0,1,1,1,1,0,0,0,1,0,0,1,1,0,0,0,0.0,-4691.989999999999,1
0,1,1,1,1,1,0,0,1,0,0,0,0,0,1,1,1,0,1,0,1,0,0,0,1,0,1,1,1,1,0,1,1,0,1,0,1,1,1,0,0,1,1,1,0,1,1,1,0,0,0,1,0,1,0,1,1,0,1,0,0,1,1,0,0,1,1,1,0,0,0,0,0,0,0,0,1,1,0,1,1,0,0,1,0,0,0,0,1,0,1,0,0,0,1,1,0,0,0,1,1,0,0,1,0,1,1,1,1,0,1,0,1,1,1,0,1,0,0,1,1,1,1,0,0,0,0,0,1,1,1,1,0,1,1,0,1,0,0,0,1,1,1,0,0,1,1,1,0,0,0,1,0,1,1,0,1,0,0,0,1,0,0,0,0,0,0,0,1,0,0,0,0,1,1,0,1,0,1,1,0.0,-4691.120000000001,1
0,0,0,0,1,1,0,1,0,1,1,1,1,1,0,1,0,0,1,0,1,0,0,1,1,1,0,1,1,0,0,1,1,1,1,0,1,0,0,1,1,1,1,0,0,1,0,1,0,1,0,0,1,1,0,1,0,0,0,1,1,1,1,0,0,1,0,0,0,0,1,0,1,1,1,1,0,0,1,0,1,1,1,0,0,0,1,1,1,0,1,0,0,1,0,1,1,0,1,1,0,0,0,0,1,1,0,0,1,0,0,1,0,1,0,0,1,1,0,1,1,0,1,1,1,0,0,1,1,0,0,0,0,0,1,0,1,1,1,0,0,0,0,1,0,1,0,1,1,0,0,1,0,0,0,1,1,0,0,1,0,0,1,1,0,1,1,0,0,1,0,0,1,0,0,1,1,0,0,0,0.0,-4691.049999999998,1
0,0,1,1,0,1,1,0,1,0,1,1,0,0,1,0,1,1,0,1,0,1,1,0,0,1,1,1,0,1,1,0,0,0,0,1,1,0,1,1,1,0,1,0,1,0,1,0,1,0,1,1,0,1,1,0,1,1,1,0,1,0,0,0,1,1,0,1,0,1,0,0,1,0,0,1,1,1,0,0,1,0,1,0,1,0,0,1,1,0,1,0,1,1,1,0,0,0,1,1,1,1,1,0,0,1,1,0,1,0,1,1,1,0,1,1,0,0,1,0,1,0,1,0,0,1,0,0,0,1,1,0,1,1,1,1,0,0,0,1,1,0,1,1,0,0,1,1,1,0,0,0,1,0,1,0,0,1,1,0,0,1,0,1,1,1,0,0,0,0,1,1,0,1,1,1,1,1,1,0,0.0,-4690.469999999998,1
0,1,0,1,0,1,0,1,0,1,0,1,1,1,1,0,0,0,0,1,1,1,0,0,0,0,0,0,0,0,0,0,0,1,0,1,0,1,0,0,1,0,1,1,1,1,1,1,0,1,0,0,1,0,1,1,1,0,0,0,0,1,0,0,1,1,1,1,0,0,1,0,0,0,0,0,0,0,1,1,0,0,0,1,1,0,1,0,0,1,1,0,1,0,0,1,1,1,0,1,0,0,0,1,1,1,0,0,0,1,1,0,0,0,1,0,0,1,0,1,1,1,1,1,0,1,0,1,1,1,0,1,1,0,1,1,0,1,1,1,0,1,0,0,0,0,1,1,1,0,1,0,1,0,1,1,1,0,1,0,1,1,1,1,1,0,0,1,1,0,1,1,1,0,1,1,1,1,1,0,0.0,-4690.360000000001,1
1,0,1,0,1,0,1,0,1,0,1,0,0,0,0,1,1,1,1,0,0,0,1,0,1,1,0,0,1,1,0,1,0,1,1,0,0,0,1,1,0,1,1,0,0,0,1,1,1,1,1,1,0,1,0,0,0,1,1,1,1,0,1,0,0,0,0,0,1,1,0,0,1,0,1,1,1,1,0,0,0,0,1,0,1,1,1,1,1,1,1,1,0,1,1,1,0,0,1,1,1,0,0,0,0,1,1,1,1,0,0,1,1,1,1,1,1,0,0,0,0,0,1,0,1,0,0,0,1,0,1,0,0,1,1,0,1,0,0,0,1,1,1,1,0,1,1,1,0,0,1,1,0,1,0,0,1,0,0,1,0,0,0,0,0,0,1,0,0,0,0,0,0,1,1,0,1,0,0,1,0.0,-4690.3499999999985,1
0,0,0,1,0,0,1,1,0,1,0,0,1,0,1,0,0,1,0,1,0,1,1,0,0,1,1,0,0,0,1,0,0,0,0,1,0,1,0,0,1,0,1,1,1,0,0,0,1,0,1,0,1,1,1,0,1,1,0,0,1,0,0,0,1,0,1,1,1,1,1,0,0,0,0,1,0,0,0,0,0,0,1,0,1,1,0,1,0,1,0,1,1,0,0,1,0,0,1,1,0,1,0,1,1,1,0,0,1,1,1,1,0,0,1,1,0,1,1,0,0,0,1,0,0,1,0,1,0,1,0,1,1,0,1,1,0,1,1,0,0,0,0,1,0,0,1,1,1,0,1,0,1,0,1,1,0,0,1,0,0,1,1,1,1,1,0,0,0,0,0,1,1,0,1,1,1,1,1,0,0.0,-4690.339999999999,1
0,0,1,1,1,1,0,0,1,0,1,0,0,1,1,1,0,0,1,0,1,0,0,1,1,0,1,1,1,1,0,1,1,0,0,0,1,0,1,1,0,1,0,0,0,1,0,0,0,1,0,1,0,0,0,1,1,0,0,0,1,1,1,1,0,1,1,1,0,0,1,1,1,0,0,0,1,1,1,1,1,0,0,1,0,0,1,0,1,0,1,0,0,1,1,1,0,1,0,0,1,1,0,0,0,0,1,1,0,0,1,0,1,1,0,0,1,0,1,1,1,1,0,1,1,0,1,0,0,1,0,0,0,1,0,0,1,0,0,0,1,1,1,0,1,1,0,0,0,1,0,1,0,1,1,0,0,0,0,0,1,0,0,0,0,1,0,1,1,0,0,0,0,0,0,0,0,0,1,1,0.0,-4690.189999999999,1
1,0,0,1,0,0,1,1,0,1,1,0,1,1,1,0,0,1,0,1,0,1,1,1,0,1,1,0,0,0,1,0,0,0,0,1,0,0,0,1,0,0,1,0,1,0,0,1,1,0,1,0,1,1,1,0,1,1,0,0,1,0,0,0,1,0,0,1,1,1,1,0,1,1,0,1,0,0,1,0,0,1,1,0,1,1,0,1,0,1,0,1,1,1,0,1,1,0,1,1,0,0,0,0,1,1,0,0,1,1,1,1,0,0,0,1,0,1,0,0,0,0,1,1,0,1,0,1,1,1,0,0,1,0,1,1,0,1,1,1,0,0,0,1,0,0,1,1,0,0,1,0,1,1,1,1,1,0,1,0,0,1,1,1,1,0,0,0,0,1,1,1,1,0,0,0,1,1,1,1,0.0,-4690.080000000001,1
0,1,1,0,1,1,0,1,0,1,1,0,1,0,0,1,1,0,1,0,1,0,0,1,1,1,1,1,1,0,0,1,1,0,1,0,1,0,0,1,0,1,1,0,0,1,0,0,0,1,0,1,1,0,0,1,0,0,1,1,0,1,1,0,0,1,0,0,0,0,0,0,1,1,1,1,0,0,1,0,1,1,1,0,0,0,1,0,1,0,1,0,0,1,1,1,0,0,1,1,0,1,0,0,0,1,1,1,1,0,0,1,0,1,0,0,1,0,1,1,1,0,1,0,1,0,0,1,0,0,1,0,0,1,1,0,1,0,0,0,0,0,0,0,0,1,0,1,0,0,1,1,0,1,0,1,0,0,0,1,0,0,1,0,0,0,1,0,1,1,0,0,1,1,0,0,1,0,0,1,0.0,-4689.729999999999,1
0,1,0,0,1,1,0,0,1,0,0,1,0,0,0,1,0,0,1,0,1,0,0,1,1,1,0,1,1,1,0,1,0,1,1,0,1,1,1,0,1,1,1,1,0,1,0,0,0,0,0,0,0,1,0,1,0,0,0,1,0,1,1,0,0,1,1,0,0,0,1,0,0,0,1,1,1,1,0,1,1,0,1,0,1,0,0,0,1,0,1,0,0,0,0,1,1,0,0,1,1,1,0,1,1,1,0,1,1,1,0,0,1,1,0,0,1,1,1,1,1,1,1,0,1,0,0,0,0,0,0,1,0,0,1,0,1,1,1,0,1,1,1,0,0,1,0,1,1,0,0,1,0,0,0,0,0,0,0,1,1,0,0,1,0,1,1,0,1,0,0,0,0,0,0,1,1,0,0,0,0.0,-4689.279999999998,1
1,1,0,1,0,0,0,1,0,1,1,0,1,1,1,0,0,0,0,1,1,1,0,1,0,1,0,0,0,0,0,0,1,1,1,1,0,0,0,1,1,0,1,0,1,1,0,1,0,0,0,0,1,0,1,1,1,0,0,0,0,1,0,0,1,0,0,1,1,0,1,0,1,0,0,1,0,0,1,0,0,0,1,0,0,1,0,1,0,1,0,1,1,1,0,1,1,0,1,1,0,0,0,0,1,1,0,0,1,1,1,1,0,0,0,0,0,1,0,1,0,0,1,1,0,1,0,1,1,1,0,0,1,0,1,1,0,1,1,1,0,1,0,1,0,0,0,1,1,0,1,0,1,0,1,1,1,0,1,0,0,1,1,1,1,0,0,0,0,0,1,1,1,0,0,1,1,1,1,0,0.0,-4689.150000000001,1
1,1,0,1,0,1,0,1,0,1,1,1,1,0,1,0,0,0,0,1,1,1,0,0,0,1,1,0,0,0,0,0,1,0,0,1,0,0,0,1,1,0,1,0,1,1,0,0,0,1,0,0,1,1,1,1,1,0,0,0,0,1,0,0,1,1,0,1,0,0,1,0,1,1,0,1,0,0,1,0,0,1,1,0,0,0,1,1,0,1,0,0,1,1,0,1,1,1,1,1,0,1,0,0,1,1,0,0,1,0,1,0,0,0,1,0,0,1,1,1,1,0,1,0,0,1,0,1,0,1,0,0,1,0,1,1,0,1,1,1,0,0,1,1,0,0,1,1,1,0,1,0,1,0,1,1,0,0,1,0,1,1,1,1,1,1,0,1,0,1,1,1,1,0,1,1,1,1,1,0,0.0,-4689.04,1
1,1,1,0,1,0,0,0,1,0,1,1,0,0,0,1,0,0,1,0,1,0,0,0,1,0,0,0,1,1,0,1,1,1,1,0,0,0,1,1,0,1,1,0,0,1,1,0,0,1,0,1,0,1,0,1,0,0,0,1,0,1,1,0,0,0,0,0,1,0,1,0,1,0,1,0,1,1,1,0,0,0,0,1,0,1,1,1,1,1,1,1,0,1,1,1,0,1,1,1,1,1,0,0,0,1,1,1,1,0,0,0,1,1,1,0,1,0,1,1,0,0,1,0,0,0,0,0,0,0,0,0,0,1,1,0,1,0,0,0,1,0,1,1,0,1,1,1,0,0,1,1,0,1,0,0,0,0,0,1,1,0,0,0,0,1,1,1,0,0,0,0,0,0,1,0,1,0,0,1,0.0,-4688.699999999998,1
1,0,1,1,0,1,0,1,0,1,0,0,1,1,1,0,1,0,0,1,1,1,0,1,0,0,1,0,0,0,0,0,1,0,0,1,0,0,0,1,1,0,1,0,1,1,1,1,0,0,0,1,1,0,1,1,1,0,1,0,1,1,0,0,1,1,1,1,0,0,0,0,0,1,0,0,0,0,1,1,0,1,0,1,0,0,0,0,0,1,0,0,1,1,1,1,0,1,0,1,0,0,0,1,0,1,1,0,1,0,1,0,0,0,0,0,0,0,0,1,1,1,1,1,0,1,0,1,1,1,1,0,1,1,1,1,0,0,0,1,0,1,0,0,0,0,1,1,0,0,1,0,1,1,1,1,1,0,1,0,1,1,1,0,1,0,0,1,1,1,1,1,1,1,0,0,1,1,1,0,0.0,-4688.480000000002,1
0,0,0,0,1,0,1,1,0,1,1,0,1,0,0,1,0,1,1,0,0,0,1,1,1,1,1,1,1,0,0,1,0,0,1,0,1,0,0,1,1,1,0,0,0,0,0,1,1,1,1,0,1,1,0,0,0,1,0,1,1,0,1,1,0,0,0,0,1,1,1,1,1,0,1,1,0,0,0,0,1,1,1,0,1,1,1,0,1,0,1,1,0,1,0,0,1,0,1,0,0,0,1,0,1,1,0,1,0,1,0,1,0,1,0,1,1,1,0,0,0,0,0,0,0,0,1,1,1,0,0,0,0,0,0,0,1,1,1,0,0,0,0,0,1,1,0,0,1,0,0,1,0,0,0,1,1,1,0,1,0,0,1,1,0,0,1,0,1,1,0,0,1,0,0,1,0,0,0,0,0.0,-4688.16,1
1,0,1,1,0,0,0,0,1,0,0,1,0,0,1,0,1,0,0,1,1,1,0,0,0,0,1,0,0,1,0,0,0,0,0,1,0,1,0,0,0,0,0,1,1,0,1,0,1,0,0,1,0,1,1,1,1,0,1,0,1,0,0,1,1,0,1,1,1,0,0,1,0,0,0,0,1,1,1,0,0,0,0,1,1,1,0,1,0,1,0,1,1,0,1,0,0,1,1,0,1,1,1,1,0,0,1,0,0,0,1,0,1,0,1,0,0,0,1,1,0,0,0,0,0,1,1,0,0,1,1,1,1,1,0,1,0,0,0,1,1,0,1,1,1,0,1,0,0,1,1,0,1,1,1,0,0,1,1,0,1,1,0,1,1,1,0,1,0,0,1,1,0,1,1,0,0,1,1,1,0.0,-4687.83,1
0,1,1,1,0,0,0,1,0,1,1,1,1,0,1,0,1,0,0,1,1,1,0,0,0,0,0,0,0,0,0,0,1,1,0,1,0,0,0,1,0,0,1,0,1,1,1,0,0,0,0,1,1,1,1,1,1,0,1,0,0,1,0,0,1,0,1,1,1,0,0,0,1,1,0,0,0,0,1,1,0,1,0,1,0,1,0,1,0,1,1,1,1,1,1,1,0,1,0,1,0,1,0,0,0,0,1,0,1,0,1,0,0,0,1,0,0,0,1,1,0,1,1,0,1,1,0,1,0,1,1,0,1,1,1,1,0,0,0,1,0,1,0,1,0,0,1,1,0,1,1,0,1,1,1,0,0,0,1,0,1,1,1,1,1,1,0,1,0,1,1,1,1,1,1,0,1,1,1,1,0.0,-4687.509999999999,1
0,1,0,0,1,0,1,0,1,0,0,0,0,1,0,1,0,1,1,0,0,0,1,0,1,0,0,1,1,1,0,1,0,1,1,0,1,1,1,0,1,1,0,1,0,0,0,0,1,0,1,0,0,0,0,0,0,1,0,1,0,0,1,1,0,0,0,0,1,1,1,1,0,1,1,0,1,1,0,1,1,1,0,1,1,1,0,0,1,0,1,1,0,0,0,0,1,0,0,0,1,1,1,1,1,0,0,1,0,1,0,0,1,1,1,1,1,1,1,0,0,1,0,1,0,0,1,0,0,0,0,1,0,0,0,0,1,1,1,0,1,1,1,0,1,1,1,0,1,1,0,1,0,0,0,0,0,1,0,1,1,0,0,1,0,1,1,0,1,1,0,0,0,0,1,1,0,0,0,0,0.0,-4687.449999999999,1
0,1,1,1,1,0,0,0,1,0,1,1,0,0,1,1,1,0,1,0,1,0,0,0,1,1,1,1,1,1,0,1,0,0,1,0,1,0,1,1,0,1,0,0,0,1,1,1,0,1,0,1,0,1,0,1,1,0,1,0,0,1,1,1,0,0,1,1,1,0,0,1,1,1,0,1,1,1,1,0,1,1,1,0,1,1,1,1,1,0,0,1,0,1,1,1,0,0,1,0,1,0,0,0,0,0,1,1,0,0,1,0,1,1,1,0,1,0,0,1,0,0,0,0,0,0,1,0,1,1,1,0,0,1,0,0,1,0,0,0,1,0,1,1,1,1,1,0,0,1,0,1,0,1,1,0,1,0,0,0,1,0,0,0,0,0,0,0,0,1,0,0,0,1,1,0,0,0,1,1,0.0,-4687.329999999999,1
0,1,1,0,1,0,1,1,0,1,0,1,1,1,1,1,1,1,1,0,0,0,1,1,1,0,0,1,1,0,1,1,0,1,1,0,1,1,0,0,0,1,0,1,0,0,0,1,1,1,1,1,1,0,0,0,0,1,1,1,0,0,1,1,0,0,1,1,1,1,0,1,0,0,1,0,0,0,0,1,1,0,0,1,1,1,1,0,1,0,1,1,0,0,1,1,0,1,0,0,0,0,0,1,0,0,1,1,0,0,0,0,0,1,0,1,1,0,0,0,0,1,0,1,0,0,1,1,1,0,1,1,0,1,0,0,1,0,0,0,0,1,0,0,1,1,1,0,0,1,0,1,0,1,0,1,1,0,0,0,1,0,1,0,0,0,1,1,1,0,0,0,1,1,0,0,0,0,1,1,0.0,-4686.9,1
0,1,0,1,1,0,1,1,0,1,0,0,1,0,1,1,1,1,1,0,0,0,1,1,1,1,0,1,1,0,0,1,0,1,1,0,1,1,0,0,1,1,1,1,0,0,1,0,1,0,1,0,1,1,0,0,1,1,0,0,0,0,1,0,0,0,1,1,1,1,1,0,0,1,0,1,0,0,0,0,1,1,1,0,1,1,0,1,1,0,0,1,0,0,0,0,1,0,1,1,0,1,1,1,1,1,0,1,1,1,1,1,0,1,0,1,1,1,1,0,0,0,1,0,1,0,0,1,0,1,0,1,0,0,1,0,1,1,1,0,0,0,0,1,0,1,0,1,1,0,0,1,0,0,1,0,0,1,0,0,0,0,1,1,0,1,0,0,0,1,0,0,1,0,0,1,1,0,1,0,0.0,-4686.819999999998,1
0,0,0,0,1,1,0,1,0,1,1,1,1,0,0,1,0,0,1,0,1,0,0,0,1,0,1,1,1,0,0,1,1,0,1,0,1,0,0,1,1,1,1,0,0,1,1,1,0,0,0,0,1,0,0,1,0,0,0,1,1,1,1,0,0,1,0,0,0,0,1,0,1,1,1,0,0,0,0,1,1,1,0,1,0,0,0,0,1,0,1,0,0,1,0,1,1,1,0,1,0,0,0,0,1,1,0,1,1,1,0,0,0,1,1,0,1,1,0,1,1,1,1,0,0,0,0,1,1,0,0,0,1,0,1,0,1,1,1,0,0,1,0,0,0,1,1,1,1,0,0,0,0,0,0,1,1,0,0,1,1,0,1,1,0,0,1,1,1,1,0,0,1,0,1,1,1,0,0,0,0.0,-4686.3,1
0,0,1,0,1,1,0,0,1,0,0,1,0,1,0,1,0,0,1,0,1,0,0,0,1,1,0,1,1,1,0,1,1,1,1,0,1,1,1,0,0,1,1,1,0,1,0,1,0,0,0,1,0,1,0,1,0,0,0,1,1,1,1,0,0,1,1,0,0,0,1,0,0,0,1,1,1,1,1,0,1,0,1,0,0,0,0,1,1,1,1,0,0,0,1,1,0,0,1,1,1,0,0,1,0,1,1,1,1,0,0,1,1,1,1,0,1,0,0,1,1,0,1,1,0,0,0,0,1,0,0,1,0,1,1,0,1,0,0,0,1,0,1,1,0,1,0,1,0,0,1,1,0,1,0,1,1,0,0,1,0,0,0,0,0,1,1,0,0,0,0,0,0,0,1,0,1,0,0,1,0.0,-4686.159999999999,1
0,1,1,1,1,1,0,0,1,0,0,0,0,1,1,1,1,0,1,0,1,0,0,1,1,1,0,1,1,1,0,1,1,1,1,0,1,1,1,0,0,1,0,1,0,1,1,0,0,0,0,1,0,0,0,1,1,0,1,0,0,1,1,1,0,1,0,1,0,0,0,1,0,0,0,1,1,1,1,0,1,0,1,0,0,0,0,1,1,0,0,0,0,0,1,1,0,0,1,0,1,1,0,1,0,0,1,1,0,0,1,0,1,1,0,0,1,0,1,1,1,0,0,1,1,0,1,0,0,1,1,1,0,1,0,0,1,0,0,0,1,1,1,1,1,1,0,0,0,1,0,1,0,1,1,0,0,0,0,0,1,0,0,0,0,1,0,0,0,0,0,0,0,1,0,0,0,0,1,1,0.0,-4685.969999999998,1
1,0,0,0,0,0,1,1,0,1,1,0,1,1,0,0,0,1,0,1,0,1,1,1,0,1,1,0,0,0,0,0,0,0,0,1,0,0,0,1,1,0,0,0,1,0,1,0,1,0,1,0,1,0,1,0,0,1,0,1,1,0,0,1,1,0,0,0,1,1,1,1,1,0,1,1,0,0,0,0,0,0,1,0,1,1,0,0,0,1,0,1,1,1,0,0,1,0,1,0,0,1,1,0,1,0,0,0,0,1,0,0,0,0,0,1,0,1,1,0,0,0,0,1,1,1,1,1,0,0,0,0,1,0,0,1,0,1,1,1,0,0,0,0,1,0,1,0,1,1,1,0,1,0,0,1,0,1,1,1,1,1,1,0,1,1,1,0,1,0,1,1,1,0,0,1,0,1,0,0,0.0,-4685.8499999999985,1
0,1,1,1,0,0,0,0,1,0,1,1,0,0,1,0,1,0,0,1,1,1,0,0,0,1,1,1,0,1,0,0,1,0,0,1,1,0,1,1,0,0,1,0,1,1,1,0,0,0,0,1,0,1,1,1,1,0,1,0,0,1,0,0,1,0,0,1,1,0,0,0,1,1,0,1,1,1,1,0,1,0,1,0,0,1,0,1,0,0,0,1,1,1,1,1,0,0,1,1,1,1,0,0,0,1,1,0,1,0,1,0,1,0,1,0,0,1,1,1,0,0,1,0,0,1,0,0,0,1,1,0,1,1,1,1,0,0,0,1,1,0,1,1,0,0,0,1,0,0,0,0,1,1,1,0,0,0,1,0,1,1,0,0,1,1,0,0,0,0,1,1,0,1,1,0,1,1,1,1,0.0,-4684.899999999999,1
0,1,0,1,1,1,0,1,0,1,1,0,1,0,1,1,0,0,1,0,1,0,0,0,1,1,1,1,1,0,0,1,1,0,1,0,1,0,0,1,1,1,0,0,0,1,0,0,0,0,0,0,1,1,0,1,1,0,0,0,0,1,1,1,0,1,0,1,0,0,1,1,1,1,0,1,0,0,1,0,1,1,1,0,0,0,0,1,1,0,1,0,0,1,0,1,1,1,1,0,0,1,0,0,1,0,0,1,0,1,1,1,0,1,1,0,1,1,1,1,1,0,0,0,0,0,1,1,0,1,0,0,0,0,0,0,1,1,1,0,0,0,0,1,1,1,1,0,1,1,1,1,0,0,1,1,0,0,0,0,0,0,1,0,0,1,0,1,0,1,0,0,1,0,1,1,0,0,1,0,0.0,-4684.71,1
0,0,0,0,1,1,0,1,0,1,1,1,1,0,0,1,0,0,1,0,1,0,0,0,1,1,1,1,1,0,0,1,1,0,1,1,1,0,0,1,1,1,1,0,0,1,1,1,0,1,0,0,1,1,0,1,0,0,0,1,1,1,1,0,0,1,0,0,0,0,1,0,1,1,1,1,0,0,0,0,1,1,1,0,0,0,1,1,1,0,1,0,0,1,0,1,1,0,1,1,0,0,0,0,1,1,0,1,1,0,0,1,0,1,1,0,1,1,0,1,1,0,1,0,1,0,0,1,1,0,0,0,0,0,1,0,1,1,1,0,0,0,0,1,0,1,1,1,1,0,0,1,0,0,0,1,1,0,0,1,0,0,1,1,0,0,1,0,0,1,0,0,1,0,1,1,1,0,0,0,0.0,-4684.19,1
1,1,0,0,1,0,0,1,0,1,1,1,1,0,0,1,0,0,1,0,1,0,0,0,1,1,0,1,1,0,1,1,1,1,1,0,1,0,0,1,0,1,0,0,0,1,1,1,0,1,0,0,1,1,0,1,0,0,0,1,0,1,1,1,0,0,0,0,1,0,1,1,1,1,1,1,0,0,1,0,1,1,1,0,0,1,1,1,1,0,1,1,0,1,0,1,1,0,1,0,0,0,0,0,1,1,0,1,0,1,0,1,0,1,1,0,1,1,0,1,0,0,0,0,1,0,1,1,1,0,0,0,0,0,0,0,1,1,1,0,0,0,0,1,1,1,1,0,1,0,0,1,0,0,0,1,1,0,0,1,0,0,1,1,0,0,1,0,0,1,0,0,1,0,1,1,0,0,0,1,0.0,-4683.98,1
0,1,1,1,1,1,0,0,1,0,1,1,0,0,0,1,1,0,1,0,1,0,0,0,1,0,0,1,1,1,0,1,1,1,1,0,1,0,1,1,0,1,1,0,0,1,1,0,0,0,0,1,0,0,0,1,1,0,1,0,0,1,1,0,0,1,0,0,0,0,0,0,1,0,0,0,1,1,1,1,1,0,0,1,0,0,0,0,1,0,1,0,0,1,1,1,0,0,0,1,1,1,0,0,0,1,1,1,1,0,1,0,1,1,1,0,1,0,1,1,1,1,1,0,0,0,0,0,0,1,1,0,0,1,1,0,1,0,0,0,1,1,1,0,0,1,1,1,0,0,1,1,0,1,1,0,0,0,0,1,1,0,0,0,0,1,0,0,1,0,0,0,0,1,1,0,1,0,0,1,0.0,-4683.61,1
0,0,0,0,0,0,0,0,1,0,1,0,0,0,0,0,0,0,0,1,1,1,0,1,0,0,1,0,0,1,1,0,1,0,0,1,0,0,1,1,1,0,1,0,1,1,0,0,0,0,0,0,0,0,1,1,0,0,0,1,1,1,0,0,1,0,0,0,1,0,1,0,1,0,1,0,1,1,0,1,0,0,0,1,0,1,0,0,0,1,1,1,1,1,0,1,1,1,0,1,1,1,0,0,1,1,0,0,1,0,0,0,1,0,0,0,0,1,1,1,0,1,1,0,0,1,0,0,0,0,0,0,1,0,1,1,0,1,1,1,1,0,1,0,0,0,1,1,1,0,1,0,1,0,0,0,0,0,1,1,1,1,0,0,1,1,1,1,1,0,1,1,0,0,0,1,1,1,0,0,0.0,-4683.320000000001,1
0,0,1,0,1,1,0,0,1,0,1,1,0,0,0,1,0,0,1,0,1,0,0,1,1,0,0,1,1,1,0,1,1,1,1,0,1,0,1,1,0,1,0,0,0,1,0,0,0,0,0,1,0,1,0,1,0,0,0,1,1,1,1,1,0,1,1,0,0,0,1,1,1,0,1,0,1,1,1,1,1,0,0,1,0,0,0,1,1,0,1,0,0,1,1,1,1,1,0,0,1,1,0,0,0,1,1,1,0,0,0,0,1,1,0,0,1,0,1,1,1,1,0,0,1,0,1,0,0,0,0,0,0,1,0,0,1,0,0,0,1,1,1,1,1,1,0,0,0,0,0,1,0,1,0,0,0,0,0,1,1,0,0,1,0,1,1,1,0,0,0,0,0,0,0,0,0,0,0,1,0.0,-4683.019999999998,1
0,1,1,1,0,0,0,0,1,0,0,1,0,0,1,0,1,0,0,1,1,1,0,0,0,1,1,0,0,1,0,0,0,0,0,1,0,1,1,0,0,0,1,1,1,1,0,0,0,0,0,1,0,1,1,1,1,0,1,0,0,1,0,0,1,0,1,1,1,0,0,0,0,0,0,1,1,1,1,0,0,0,1,0,1,1,0,1,0,1,1,1,1,0,1,1,0,0,1,1,1,1,0,1,0,0,1,0,1,0,1,0,1,0,1,0,0,0,1,1,0,0,1,0,1,1,0,0,0,1,1,1,1,1,1,1,0,0,0,1,1,0,1,1,0,0,1,1,0,1,0,0,1,1,1,0,0,0,1,0,1,1,0,1,1,1,0,0,0,0,1,1,0,1,1,0,1,1,1,1,0.0,-4682.779999999999,1
1,0,0,1,0,0,0,1,0,1,1,1,1,1,1,0,0,0,0,1,1,1,0,1,0,1,1,0,0,0,1,0,1,0,0,1,0,1,0,0,1,0,1,1,1,1,0,1,0,1,0,0,1,0,1,1,1,0,0,0,1,1,0,0,1,0,0,1,1,0,1,0,1,1,0,1,0,0,0,0,0,1,1,0,0,1,1,0,0,1,0,1,1,0,0,1,1,0,1,1,0,0,0,0,1,1,0,0,1,1,1,1,0,0,0,0,0,1,0,1,0,0,1,1,0,1,0,1,1,1,0,1,1,0,1,1,0,1,1,1,0,0,0,0,0,0,0,0,1,0,1,0,1,0,1,1,1,0,1,0,0,1,1,0,1,0,0,0,1,1,1,1,1,0,0,1,1,1,1,0,0.0,-4682.760000000001,1
1,1,1,1,0,0,0,0,1,0,1,1,0,0,1,0,1,0,0,1,0,1,1,0,0,1,1,0,0,1,1,0,0,0,0,1,0,0,1,1,0,0,1,0,1,1,1,0,0,0,0,1,0,1,1,1,1,0,1,0,0,1,0,0,1,0,0,1,1,0,0,0,1,0,0,1,1,1,0,0,0,0,1,0,1,1,0,1,0,1,0,1,1,1,1,0,0,0,1,1,1,1,1,0,0,1,1,0,1,0,1,1,1,0,1,0,0,0,1,0,0,0,1,0,0,1,0,0,0,1,1,0,1,1,1,1,0,0,0,1,1,1,1,1,0,0,1,1,0,0,1,0,1,1,1,0,0,1,1,0,0,1,0,0,1,1,0,0,0,0,1,1,0,1,1,0,1,1,1,1,0.0,-4682.5199999999995,1
0,0,0,0,0,1,0,1,0,1,1,1,1,1,0,0,0,0,0,1,1,1,0,0,0,1,0,0,0,0,0,0,1,1,0,1,0,0,0,1,1,0,1,0,1,1,0,1,0,0,0,0,1,1,1,1,0,0,1,1,1,1,0,0,1,1,0,0,0,0,1,0,1,1,1,1,0,0,1,0,0,1,1,0,0,1,0,1,0,1,0,1,1,1,0,1,1,0,1,1,0,0,0,0,1,1,0,0,1,1,0,0,0,0,1,0,0,1,0,1,0,0,1,1,0,1,0,1,1,0,0,0,1,0,1,1,0,1,1,1,0,0,0,1,0,0,1,1,1,0,1,0,1,0,0,1,1,0,1,1,1,1,1,1,1,0,1,0,0,1,1,1,1,1,1,1,1,1,0,0,0.0,-4682.490000000001,1
1,1,0,1,0,0,1,0,1,0,1,0,0,0,1,0,0,1,0,1,0,1,1,1,0,1,1,0,0,1,1,0,0,0,0,1,0,0,1,1,1,0,0,0,1,0,0,0,1,1,1,0,0,1,1,0,1,1,0,0,0,0,0,1,1,0,0,1,1,1,1,1,1,0,0,1,1,1,0,0,0,0,1,0,1,1,1,1,0,1,1,1,1,1,0,1,1,0,1,0,1,1,0,0,1,1,0,0,0,1,1,1,1,0,0,1,0,0,1,0,0,0,0,0,0,1,1,0,0,1,0,0,1,0,0,1,0,1,1,1,1,0,1,1,1,0,1,0,1,0,1,0,1,0,1,0,0,0,1,0,0,1,0,1,1,1,0,0,0,0,1,1,0,0,0,1,0,1,1,0,0.0,-4682.299999999998,1
0,0,0,1,0,0,0,0,1,0,0,0,0,0,1,0,0,0,0,1,1,1,0,1,0,0,1,1,0,1,0,0,1,0,0,1,0,1,1,0,1,0,1,1,1,1,0,1,0,1,0,0,0,0,1,1,1,0,0,0,1,1,0,0,1,0,1,1,1,0,1,0,0,0,0,0,1,1,1,1,1,0,0,1,0,1,1,0,0,0,1,1,1,0,0,1,1,0,0,1,1,0,0,1,1,1,0,0,1,1,1,0,1,0,0,0,0,1,0,1,0,1,1,0,1,1,0,0,1,1,0,1,1,0,1,1,0,1,1,1,1,1,1,0,0,0,0,1,1,0,0,0,1,0,1,0,1,0,1,0,1,1,0,1,1,0,0,0,1,0,1,1,0,0,0,1,1,1,1,0,0.0,-4681.950000000003,1
1,0,0,0,0,0,0,1,0,1,1,0,1,0,0,0,0,0,0,1,1,1,0,0,0,1,0,0,0,0,0,0,1,1,0,1,0,0,0,1,0,0,0,0,1,1,0,0,0,1,0,0,1,1,1,1,0,0,0,1,1,1,0,1,1,0,0,0,1,0,1,1,1,1,1,1,0,0,1,0,0,1,1,0,0,1,1,1,0,1,1,1,1,1,0,1,1,0,1,0,0,1,0,0,1,1,0,0,0,1,0,0,0,0,1,0,0,1,1,1,0,0,0,0,0,1,1,1,0,0,0,0,1,0,0,1,0,1,1,1,0,1,0,1,1,0,1,0,1,0,1,0,1,0,0,1,0,0,1,1,1,1,1,1,1,1,1,0,0,1,1,1,1,0,1,1,0,1,0,1,0.0,-4681.469999999998,1
0,1,1,1,1,0,1,0,1,0,0,1,0,0,1,0,1,1,0,0,0,1,1,0,0,1,1,0,1,1,0,1,0,0,0,1,0,1,1,0,0,0,0,1,1,0,1,1,1,0,1,1,0,1,1,0,1,1,1,0,0,0,0,1,0,0,1,1,1,1,0,1,0,0,0,1,1,1,0,0,0,0,1,0,1,1,0,1,0,1,0,1,1,0,1,1,0,0,1,0,1,0,0,1,0,0,1,0,0,0,1,1,1,0,1,1,0,0,0,0,0,0,0,0,0,1,1,0,1,1,1,1,1,1,0,1,0,0,0,1,1,0,1,1,1,0,1,0,0,1,1,0,1,1,1,0,1,0,1,0,0,0,0,1,1,0,0,0,0,0,1,1,0,1,1,0,0,1,1,1,0.0,-4680.880000000001,1
1,1,1,1,0,0,0,1,0,1,1,1,1,0,1,0,1,0,0,1,1,1,0,1,0,0,1,0,0,0,0,0,0,0,0,1,0,0,0,1,0,0,1,0,1,1,1,0,0,0,0,1,1,1,1,1,1,0,1,0,0,1,0,0,1,0,1,1,1,0,0,0,1,1,0,0,0,0,1,1,0,1,0,1,1,1,0,1,0,1,0,1,1,1,1,1,0,1,0,1,0,1,0,0,0,0,1,0,1,0,1,0,0,0,0,0,0,0,1,1,0,1,1,0,1,1,0,1,0,1,1,0,1,1,1,1,0,0,0,1,0,1,0,1,0,0,1,1,0,1,1,0,1,1,1,1,0,0,1,0,1,1,1,1,1,1,0,1,0,1,1,1,1,1,0,0,1,1,1,1,0.0,-4680.679999999999,1
0,1,1,0,1,1,1,0,1,0,0,1,0,1,0,1,1,1,1,0,0,0,1,0,1,1,0,1,1,1,1,0,0,1,1,0,1,1,1,0,0,1,0,1,0,0,1,0,1,1,1,1,0,0,0,0,0,1,1,1,0,0,1,1,0,1,1,0,0,1,0,1,0,1,1,1,1,1,0,0,1,1,1,0,1,0,1,1,1,0,1,0,0,0,1,0,0,0,1,0,1,1,1,1,0,0,1,1,0,0,0,1,1,1,1,1,1,0,1,0,1,0,0,1,0,0,1,0,0,0,1,1,0,1,0,0,1,0,0,0,1,0,1,1,1,1,0,0,0,1,0,1,0,1,0,0,0,1,0,1,0,0,0,1,0,1,1,0,0,1,0,0,0,1,1,0,0,0,0,1,0.0,-4680.599999999997,1
0,0,0,1,1,1,0,0,1,0,1,1,0,0,1,1,0,0,1,0,1,0,0,1,1,1,1,1,1,1,1,1,1,0,1,0,1,0,1,1,1,1,1,0,0,1,0,0,0,1,0,0,0,1,0,1,1,0,1,0,1,1,1,0,0,1,0,1,0,0,1,0,1,0,0,1,1,1,1,0,1,0,1,0,0,0,1,1,1,0,0,0,0,1,0,1,1,1,1,1,1,1,0,0,1,1,0,1,1,1,1,0,1,1,0,0,1,1,1,1,1,0,1,0,0,0,0,0,0,1,0,0,0,0,1,0,1,1,1,0,1,0,1,1,0,1,0,1,1,0,0,1,0,0,1,0,0,0,0,0,1,0,0,1,0,1,0,1,0,0,0,0,0,1,0,1,1,0,1,0,0.0,-4680.419999999999,1
1,0,1,0,1,1,0,0,1,0,0,0,0,0,0,1,1,0,1,0,1,0,0,0,1,0,0,0,1,1,0,1,1,1,1,0,0,1,1,0,0,1,1,1,0,1,1,0,0,1,0,1,0,0,0,1,0,0,1,1,1,1,1,0,0,1,1,0,0,0,0,0,0,0,1,0,1,1,1,1,0,0,0,1,0,0,1,1,1,1,1,0,0,0,1,0,0,0,0,1,1,1,1,1,0,1,1,1,1,0,0,1,1,1,1,0,1,0,1,1,1,1,1,0,1,0,0,0,0,0,1,1,0,1,1,0,1,0,0,0,1,1,1,1,0,1,1,1,0,0,1,1,0,1,0,0,0,1,0,1,0,0,0,0,0,1,1,0,0,0,0,0,0,1,1,0,1,0,0,1,0.0,-4680.3899999999985,1
0,1,0,1,0,1,0,0,1,0,0,0,0,1,1,0,0,0,0,1,1,1,0,1,0,1,1,0,0,1,0,0,1,0,0,1,0,1,1,0,1,0,1,1,1,1,0,0,0,0,0,0,0,0,1,1,1,0,0,0,0,1,0,0,1,1,1,1,0,0,1,0,0,0,0,1,1,1,0,0,0,0,1,0,0,0,0,0,0,1,1,0,1,0,0,1,1,1,1,1,1,1,0,1,1,0,0,0,1,1,1,1,1,0,0,0,0,1,1,1,1,0,1,1,0,1,0,0,0,1,0,1,1,0,1,1,0,1,1,1,1,1,1,0,0,0,0,1,1,1,1,0,1,0,1,0,0,0,1,0,0,1,0,1,1,1,0,1,1,0,1,1,0,0,0,1,1,1,1,0,0.0,-4680.39,1
0,1,1,1,1,1,0,1,0,1,1,0,1,1,1,1,1,0,1,0,1,0,0,1,1,0,0,1,1,0,0,1,1,1,1,0,1,1,0,1,0,1,1,0,0,1,1,0,0,0,0,1,1,0,0,1,1,0,1,0,0,1,1,0,0,1,0,1,0,0,0,0,1,1,0,0,0,0,0,1,1,1,0,1,0,0,0,0,1,0,0,0,0,1,1,1,1,1,0,1,0,1,0,0,0,1,1,1,1,0,1,0,0,1,0,0,1,0,1,1,1,1,1,1,1,0,0,1,0,1,1,1,0,1,1,0,1,0,0,0,0,1,0,0,0,1,0,1,0,0,0,1,0,1,1,1,0,0,0,0,1,0,1,0,0,1,0,1,1,1,0,0,1,1,0,0,1,0,1,1,0.0,-4680.059999999999,1
0,1,1,1,1,0,0,0,1,0,1,1,0,0,1,1,1,0,1,0,1,0,0,1,1,0,1,1,1,1,0,1,1,0,1,0,1,0,1,1,1,1,1,0,0,1,0,0,0,0,0,1,0,0,0,1,1,0,1,0,0,1,1,0,0,0,0,1,1,0,0,0,1,0,0,0,1,1,1,1,1,0,0,1,0,0,0,0,1,0,0,0,0,1,1,1,1,0,0,1,1,1,0,0,0,1,1,1,1,0,1,0,1,1,0,0,1,0,1,1,1,1,1,0,1,0,0,0,0,1,1,0,0,1,1,0,1,0,0,0,1,1,1,0,0,1,0,1,1,0,0,1,0,0,1,0,0,0,0,0,1,0,0,0,0,1,0,0,1,0,0,0,0,1,0,1,1,0,1,0,0.0,-4679.899999999999,1
0,0,0,1,0,1,0,1,0,1,0,1,1,0,1,0,0,0,0,1,1,1,0,0,0,1,1,0,0,0,0,0,1,0,0,1,0,0,0,1,1,0,1,0,1,1,1,1,0,0,0,0,1,1,1,1,1,0,0,0,1,1,0,0,1,1,1,1,0,0,1,0,0,1,0,1,0,0,1,0,0,1,1,0,0,0,0,1,0,1,0,0,1,1,0,1,1,1,1,1,0,0,0,0,1,0,0,0,1,1,1,1,0,0,1,0,0,1,0,1,1,0,1,0,0,1,0,1,1,1,0,0,1,0,1,1,0,1,1,1,0,1,0,1,0,0,1,1,1,1,1,0,1,0,1,1,1,0,1,0,0,1,1,1,1,0,0,1,0,1,1,1,1,0,1,1,1,1,1,0,0.0,-4679.180000000001,1
1,1,0,1,0,0,0,0,1,0,0,1,0,0,1,0,1,0,0,1,1,1,0,0,0,0,0,0,0,1,0,0,1,1,0,1,0,1,1,0,1,0,1,1,1,1,1,1,0,1,0,0,0,1,1,1,1,0,1,0,0,1,0,0,1,0,1,1,1,0,0,0,0,1,0,0,1,1,1,1,0,1,0,1,0,1,1,1,0,1,1,1,1,0,0,1,1,1,0,1,0,0,0,1,1,1,0,0,1,1,1,0,1,0,1,0,0,1,0,1,0,1,1,0,0,1,0,0,1,1,1,1,1,0,1,1,0,1,1,1,1,1,1,1,0,0,1,1,1,0,1,0,1,0,1,0,1,0,1,0,1,1,0,1,1,0,0,1,0,1,1,1,1,1,1,1,1,1,1,0,0.0,-4679.170000000001,1
1,0,1,1,0,0,0,0,1,0,0,1,0,1,1,0,1,0,0,1,1,1,0,0,0,0,1,0,0,1,1,0,1,0,0,1,0,1,1,0,0,0,0,1,1,1,1,0,0,0,0,1,0,1,1,1,1,0,1,0,1,1,0,1,1,0,1,1,1,0,0,1,0,1,0,0,1,1,1,0,0,0,0,1,0,1,0,1,0,1,0,1,1,0,1,1,0,1,1,0,1,1,0,1,0,0,1,0,0,0,1,0,1,0,1,0,0,0,1,1,0,0,0,1,1,1,1,0,0,1,1,1,1,1,0,1,0,0,0,1,1,0,1,1,1,0,1,0,0,1,0,0,1,1,1,0,0,0,1,0,1,1,0,0,1,1,0,1,0,0,1,1,0,1,1,0,0,1,1,1,0.0,-4679.0,1
0,1,1,1,1,1,1,0,1,0,0,1,0,0,1,1,1,1,1,0,0,0,1,0,1,1,1,1,1,1,0,1,0,0,1,0,1,1,1,0,0,1,1,1,0,0,1,0,1,1,1,1,0,1,0,0,1,1,1,0,0,0,1,0,0,1,1,1,0,1,0,0,0,0,0,1,1,1,1,0,1,0,1,0,1,1,1,1,1,0,0,0,0,0,1,0,0,0,1,1,1,1,1,1,0,1,1,1,1,0,1,1,1,1,1,1,1,0,1,0,0,0,1,0,1,0,0,0,0,1,1,1,0,1,1,0,1,0,0,0,1,1,1,1,0,1,0,1,0,0,0,1,0,1,1,0,0,1,0,0,0,0,0,1,0,1,0,0,0,0,0,0,0,1,1,0,1,0,1,1,0.0,-4678.929999999998,1
1,0,1,0,0,1,0,0,1,0,1,1,0,1,0,0,1,0,0,1,1,1,0,1,0,1,0,0,0,1,0,0,1,1,0,1,0,0,1,1,0,0,0,0,1,1,1,1,0,0,0,1,0,1,1,1,0,0,1,1,1,1,0,1,1,1,0,0,0,0,0,1,1,0,1,1,1,1,1,0,0,0,1,0,0,0,0,1,0,1,0,0,1,1,1,1,0,0,1,0,1,0,0,0,0,0,1,0,1,0,0,1,1,0,0,0,0,0,0,1,1,0,0,1,0,1,1,0,1,0,1,0,1,1,0,1,0,0,0,1,1,0,1,0,1,0,1,0,0,1,1,0,1,1,0,0,1,0,1,1,0,1,0,0,1,0,1,0,0,0,1,1,0,1,0,0,0,1,0,1,0.0,-4678.5199999999995,1
1,1,1,1,1,1,0,0,1,0,0,1,0,0,1,1,1,0,1,0,1,0,0,1,1,1,1,1,1,1,0,1,1,0,1,0,1,1,1,0,0,1,1,1,0,1,1,1,0,1,0,1,0,1,0,1,1,0,1,0,0,1,1,0,0,1,1,1,0,0,0,0,0,0,0,1,1,1,1,0,1,0,1,0,0,0,1,1,1,1,1,0,0,0,1,1,0,1,1,1,1,0,0,1,0,1,1,1,1,0,1,1,1,1,0,0,1,0,0,1,1,0,1,0,0,0,0,0,1,1,1,1,0,1,1,0,1,0,0,0,1,0,1,0,0,1,0,1,0,0,1,1,0,1,1,0,1,0,0,0,0,0,0,0,0,0,0,1,0,0,0,0,0,1,0,0,1,0,1,1,0.0,-4677.99,1
0,1,0,0,1,1,1,0,1,0,1,0,0,1,0,1,0,1,0,0,0,0,1,1,1,0,1,1,1,1,1,1,0,0,0,0,1,0,1,1,1,1,1,0,0,0,0,1,1,0,1,0,0,0,0,0,0,1,0,1,0,0,1,0,0,1,0,0,0,1,1,0,1,0,1,0,1,1,0,1,1,0,0,1,1,0,0,0,1,0,1,0,0,1,0,0,1,1,0,1,1,0,1,0,1,1,0,1,0,1,0,0,1,1,0,1,1,1,0,0,1,1,1,1,1,0,0,0,1,0,0,0,0,0,1,0,1,1,1,0,1,1,1,0,0,1,0,1,1,0,0,1,0,0,0,0,1,1,0,1,1,0,0,1,0,0,1,1,1,0,0,0,0,0,0,1,1,0,0,0,0.0,-4677.630000000001,1
1,0,1,0,1,1,0,0,1,0,0,0,0,0,0,1,1,0,1,0,1,0,0,0,1,0,1,1,1,1,0,1,1,0,1,0,1,1,1,0,0,1,1,1,0,1,0,0,0,0,0,1,0,0,0,1,0,0,1,1,1,1,1,0,0,1,1,0,0,0,0,0,0,0,1,0,1,1,1,0,1,0,0,1,0,0,0,1,1,0,0,0,0,0,1,0,0,1,0,1,1,1,1,1,0,1,1,1,1,0,0,0,1,1,1,0,1,0,1,1,1,1,1,0,1,0,0,0,0,0,1,1,0,1,1,0,1,0,0,0,1,0,1,1,0,1,0,1,0,0,0,1,0,1,0,0,0,1,0,1,1,0,0,0,0,1,1,1,1,0,0,0,0,1,1,0,1,0,0,1,0.0,-4677.44,1
0,0,1,1,1,1,0,1,0,1,0,1,1,1,1,1,1,0,1,0,1,0,0,1,1,0,1,1,1,0,0,1,1,0,1,0,1,1,0,0,1,1,1,1,0,1,1,1,0,0,0,1,1,0,0,1,1,0,1,0,1,1,1,0,0,1,1,1,0,0,0,0,0,1,0,0,0,0,1,1,1,1,0,1,0,0,0,0,1,0,1,0,0,0,1,1,0,0,0,1,0,0,0,1,0,0,1,1,1,0,1,0,0,1,0,0,1,0,0,1,1,1,1,1,1,0,0,1,1,1,1,1,0,1,1,0,1,0,0,0,0,1,0,0,0,1,0,1,1,1,0,1,0,0,1,0,1,0,0,0,1,0,1,0,0,0,0,0,1,1,0,0,1,1,0,1,1,0,1,0,0.0,-4677.320000000001,1
0,1,0,1,1,1,0,1,0,1,0,1,1,0,1,1,0,0,1,0,1,0,0,0,1,1,1,1,1,0,0,1,1,0,1,0,1,1,0,0,1,1,1,1,0,1,0,0,0,1,0,0,1,1,0,1,1,0,1,0,0,1,1,0,0,1,0,1,0,0,1,0,0,0,0,1,0,0,1,0,1,0,1,0,0,0,1,1,1,0,0,0,0,0,0,1,1,1,1,1,0,1,0,1,1,1,0,1,1,1,1,1,0,1,1,0,1,1,1,1,1,0,1,0,1,0,0,1,0,1,0,1,0,0,1,0,1,1,1,0,0,1,0,1,0,1,1,1,1,0,0,1,0,0,1,1,0,0,0,0,0,0,1,1,0,1,0,1,0,0,0,0,1,1,1,1,1,0,1,0,0.0,-4676.959999999999,1
0,1,1,0,1,0,0,1,0,1,1,1,1,0,0,1,1,0,1,0,1,0,0,1,0,0,0,1,1,0,0,1,1,1,1,0,1,0,0,1,0,1,1,0,0,1,1,0,0,1,0,1,1,0,1,1,0,0,1,1,0,1,1,0,0,0,0,0,1,0,0,0,1,0,1,0,0,0,1,1,1,0,0,1,0,1,1,0,1,1,1,1,0,1,1,1,0,1,0,1,0,1,0,0,0,1,1,1,1,0,0,0,0,0,0,0,1,0,1,1,0,1,1,0,0,0,0,1,0,0,1,0,1,1,1,0,1,0,0,0,0,1,0,0,0,1,0,1,0,0,1,0,0,1,0,1,0,0,0,1,1,0,1,0,1,1,1,1,1,0,0,0,1,1,0,0,1,0,0,1,0.0,-4676.879999999998,1
0,1,0,0,1,1,1,1,0,1,0,0,1,1,1,1,0,1,1,0,0,0,1,1,1,0,1,1,1,0,1,1,0,0,1,0,1,1,0,0,1,1,0,1,0,0,1,1,1,1,1,0,1,0,0,0,0,1,0,1,0,0,1,1,0,1,0,1,0,1,1,1,0,1,1,0,0,0,0,1,1,1,0,1,1,0,1,0,1,0,0,0,0,0,0,0,1,0,0,0,0,0,1,1,1,0,0,1,0,0,0,0,0,1,0,1,1,1,0,0,1,1,0,1,0,0,1,1,1,0,0,1,0,0,0,0,1,1,1,0,0,1,0,0,1,1,0,0,1,1,0,1,0,0,0,1,1,1,0,0,1,0,1,1,0,1,1,0,1,1,0,0,1,0,0,1,0,0,1,0,0.0,-4676.69,1
1,1,1,0,1,1,1,0,1,0,0,0,0,0,0,1,1,1,1,0,0,0,1,0,1,1,1,1,1,1,0,1,0,0,1,0,1,1,1,0,0,1,0,1,0,0,1,1,1,1,1,1,0,1,0,0,0,1,1,1,0,0,1,1,0,1,0,0,0,1,0,1,0,1,1,1,1,1,0,0,1,1,1,0,1,0,1,1,1,0,0,0,0,0,1,1,0,0,1,0,1,0,0,1,0,1,1,1,0,0,0,0,1,1,1,1,1,0,0,0,1,0,0,0,1,0,1,0,1,0,1,1,0,1,0,0,1,0,0,0,1,0,1,1,1,1,1,0,0,0,0,1,0,1,0,0,1,0,0,1,1,0,0,0,0,1,1,0,0,1,0,0,0,1,1,0,0,0,0,1,0.0,-4676.629999999999,1
0,1,1,1,0,1,0,0,1,0,1,0,0,0,1,0,0,0,0,1,1,1,0,0,0,1,1,0,0,1,0,0,0,0,0,1,0,0,0,1,0,0,1,0,1,1,0,0,0,0,0,1,0,1,1,1,1,0,0,0,0,1,0,0,1,1,0,1,0,0,1,0,1,0,0,1,1,1,0,0,0,0,1,0,1,0,0,1,0,1,0,0,1,1,1,1,0,1,1,1,1,1,0,0,0,1,1,0,1,0,1,1,1,0,1,0,0,0,1,1,1,0,1,0,1,1,0,0,0,1,0,0,1,1,1,1,0,0,0,1,1,0,1,1,0,0,1,1,0,0,1,0,1,1,1,0,0,0,1,0,0,1,0,0,1,1,0,1,0,0,1,1,0,0,1,0,1,1,1,1,0.0,-4676.29,1
1,0,1,1,0,0,0,1,0,1,1,0,1,0,1,0,1,0,0,1,1,1,0,0,0,0,1,0,0,0,0,0,1,0,0,1,0,0,0,1,0,0,0,0,1,1,1,1,0,0,0,1,1,0,1,1,1,0,1,0,1,1,0,1,1,0,0,1,1,0,0,1,1,0,0,0,0,0,0,0,0,0,0,1,0,1,0,1,0,1,0,1,1,1,1,1,0,1,1,0,0,0,0,0,0,0,1,0,0,0,1,0,0,0,1,0,0,0,0,1,0,0,0,0,1,1,1,1,1,1,1,0,1,1,0,1,0,0,0,1,0,0,0,1,1,0,1,0,0,1,1,0,1,1,1,1,1,0,1,0,1,1,1,0,1,0,0,1,0,0,1,1,1,1,1,0,0,1,1,1,0.0,-4675.870000000002,1
0,0,0,0,1,1,0,0,1,1,1,0,0,1,0,1,0,0,1,0,1,0,0,1,1,0,0,1,1,1,0,1,1,1,1,0,1,0,1,1,1,1,1,0,0,1,1,1,0,0,0,0,0,0,0,1,0,0,0,1,1,1,1,0,0,1,0,0,0,0,1,0,1,1,1,0,1,1,0,0,1,1,0,1,0,0,0,0,1,0,0,0,0,1,0,1,1,1,1,1,0,0,0,0,1,1,0,1,1,1,0,0,1,1,0,0,1,1,0,1,1,0,1,1,0,0,0,1,1,0,0,0,0,0,1,0,1,1,1,0,1,0,0,0,0,1,0,1,1,0,0,1,0,0,0,0,1,0,0,1,1,0,0,1,0,0,1,1,1,1,0,0,1,0,0,1,1,0,0,0,0.0,-4675.260000000001,1
0,1,0,1,0,1,0,1,0,1,1,1,1,1,1,0,0,0,0,1,1,1,0,1,0,1,1,0,0,0,0,0,1,0,0,1,0,1,0,0,1,0,1,1,1,1,0,1,0,0,0,0,1,0,1,1,1,0,0,0,0,1,0,0,1,1,1,1,0,0,1,0,1,0,0,1,0,0,1,0,0,0,1,0,0,0,0,0,0,1,1,0,1,0,0,1,0,1,1,1,0,0,0,1,1,1,0,0,1,1,1,0,0,0,0,0,0,1,0,1,1,0,1,1,0,1,0,1,1,1,0,1,1,0,1,1,0,1,1,1,0,0,0,0,0,0,0,1,1,0,1,0,1,0,1,1,1,0,1,0,1,1,1,1,1,0,0,1,1,0,1,1,1,0,0,1,1,1,1,0,0.0,-4675.020000000002,1
1,1,1,0,1,0,0,0,1,0,1,1,0,0,0,1,1,0,1,0,1,0,0,0,1,0,1,1,1,1,1,1,1,0,1,0,1,0,1,1,0,1,1,0,0,1,1,1,0,1,0,1,0,0,0,1,0,0,1,1,0,1,1,0,0,0,0,0,1,0,0,0,1,1,1,0,1,1,1,1,1,1,0,1,0,1,1,0,1,1,1,1,0,1,1,1,0,1,0,1,1,0,0,0,0,0,1,1,1,0,0,0,1,1,1,0,1,0,0,1,0,1,1,0,1,0,0,0,1,0,1,0,0,1,1,0,1,0,0,0,1,1,1,0,0,1,0,1,0,1,1,1,0,1,0,0,1,0,0,1,1,0,0,0,0,0,1,1,1,1,0,0,0,1,1,0,1,0,0,1,0.0,-4674.569999999998,1
1,0,1,0,1,1,1,0,1,0,1,0,0,1,0,1,0,1,1,0,0,0,1,0,1,1,0,1,1,1,1,1,0,1,1,0,1,0,1,1,1,1,0,0,0,0,0,1,1,1,1,1,0,1,0,0,0,1,0,1,1,0,1,1,0,1,0,0,0,1,1,1,1,0,1,1,1,1,0,0,1,0,1,0,1,0,1,1,1,0,0,0,0,1,1,0,0,1,1,0,1,0,1,0,0,0,1,1,0,0,0,0,1,1,1,1,1,0,0,0,1,0,0,1,0,0,1,0,1,0,0,0,0,1,0,0,1,0,0,0,1,0,1,1,1,1,0,0,1,1,0,1,0,0,0,0,1,1,0,1,1,0,0,1,0,0,1,1,0,0,0,0,0,0,1,1,0,0,0,0,0.0,-4674.469999999998,1
1,1,1,1,1,1,0,0,1,0,1,1,0,0,1,1,1,0,1,0,1,0,0,0,1,1,0,0,1,1,1,1,1,1,1,0,0,0,1,1,0,1,1,0,0,1,1,0,0,0,0,1,0,0,0,1,1,0,1,0,0,1,1,0,0,1,0,1,0,0,0,0,1,0,0,1,1,1,1,0,0,0,1,0,0,0,0,0,1,1,1,0,0,1,1,1,0,0,1,1,1,1,0,0,0,1,1,1,1,0,1,1,1,1,1,0,1,1,1,1,1,0,1,0,1,0,0,0,0,1,1,0,0,1,1,0,1,0,0,0,1,0,1,0,0,1,0,1,0,0,1,1,0,1,1,0,0,0,0,0,0,0,0,0,0,1,0,0,1,0,0,0,0,1,1,0,1,0,1,1,0.0,-4674.409999999999,1
0,1,1,0,1,0,0,1,0,1,1,0,1,1,0,1,1,0,1,0,1,0,0,0,1,0,1,1,1,0,0,1,1,0,1,0,1,0,0,1,0,1,0,0,0,1,1,1,0,1,0,1,1,0,0,1,0,0,1,1,0,1,1,1,0,0,0,0,1,0,0,1,1,1,1,0,0,0,1,1,1,1,0,1,0,0,1,1,1,0,1,1,0,1,1,1,0,1,0,0,0,0,0,0,0,1,1,1,0,0,0,0,0,1,1,0,1,0,0,1,1,1,0,1,1,0,1,1,1,0,1,0,0,1,0,0,1,0,0,0,0,1,0,1,1,1,0,0,0,0,0,1,0,1,0,1,1,0,0,1,1,0,1,1,0,0,1,1,1,1,0,0,1,1,1,0,0,0,0,1,0.0,-4674.239999999999,1
0,1,0,1,0,0,1,1,0,1,1,0,1,1,1,0,0,1,0,1,0,1,1,0,0,1,1,1,0,0,0,0,0,0,0,1,1,1,0,0,1,0,0,1,1,0,0,1,1,1,1,0,1,1,1,0,1,1,0,0,0,0,0,1,1,0,1,1,1,1,1,1,1,0,0,1,0,0,0,0,1,0,1,0,1,1,1,1,0,0,0,1,1,0,0,1,1,1,1,0,0,0,0,1,1,0,0,0,0,1,1,1,0,0,1,1,0,1,0,0,0,0,0,1,0,1,1,1,1,1,0,1,1,0,0,1,0,1,1,1,0,0,0,1,1,0,1,0,1,1,0,0,1,0,1,1,1,0,1,0,0,1,1,1,1,0,0,1,0,0,1,1,1,0,1,1,0,1,1,0,0.0,-4674.2,1
0,0,0,0,0,0,0,1,0,1,1,1,1,0,0,0,0,0,0,1,1,1,0,0,0,0,1,0,0,0,1,0,1,0,0,1,0,0,0,1,1,0,1,0,1,1,1,0,0,1,0,0,1,1,1,1,0,0,0,1,1,1,0,0,1,0,0,0,1,0,1,0,1,0,1,0,0,0,1,0,0,0,0,1,0,1,1,1,0,1,1,1,1,1,0,1,1,1,1,1,0,1,0,0,1,1,0,0,1,1,0,0,0,0,1,0,0,1,1,1,0,0,1,0,0,1,0,1,0,0,0,0,1,0,1,1,0,1,1,1,0,1,0,1,0,0,1,1,1,0,1,0,1,0,0,1,0,0,1,1,1,1,1,1,1,1,1,1,0,0,1,1,1,0,1,1,1,1,1,0,0.0,-4674.099999999998,1
0,1,1,1,1,1,0,0,1,0,1,1,0,0,1,1,1,0,1,0,1,0,0,0,1,0,0,1,1,1,0,1,1,1,1,0,1,0,1,1,0,1,1,0,0,1,1,1,0,1,0,1,0,1,0,1,1,0,1,0,0,1,1,0,0,1,0,1,0,0,0,0,1,0,0,0,1,1,1,1,1,0,0,1,0,0,1,1,1,0,1,0,0,1,1,1,0,1,0,1,0,0,0,0,0,1,1,1,1,0,1,0,1,1,1,0,1,0,0,1,1,1,1,0,0,0,0,0,1,1,1,0,0,1,1,0,1,0,0,0,1,1,1,1,0,1,1,1,0,0,0,0,0,1,1,0,1,0,0,0,1,0,0,1,0,0,0,1,0,0,0,0,1,1,1,0,1,0,1,1,0.0,-4673.98,1
0,0,0,1,0,0,0,0,1,0,1,1,0,0,1,0,0,0,0,1,1,1,0,0,0,1,1,0,0,1,0,0,1,0,0,1,0,0,1,1,1,0,1,0,1,1,0,1,0,0,0,0,0,1,1,1,1,0,0,0,1,1,0,0,1,0,0,1,1,0,1,0,1,0,0,1,1,1,0,0,0,0,1,0,0,1,0,0,0,1,1,1,1,1,0,1,1,1,1,1,1,0,0,0,1,1,0,0,1,1,1,0,1,0,1,0,0,1,0,1,0,0,1,0,1,1,0,0,1,1,0,0,1,0,1,1,0,1,1,1,1,0,1,0,0,0,1,1,1,0,1,0,1,0,1,0,1,0,1,0,1,1,0,1,1,0,0,1,0,0,1,1,0,0,1,1,1,1,1,0,0.0,-4673.770000000002,1
0,0,0,1,1,1,0,1,0,1,1,0,1,0,1,1,0,0,1,0,1,0,0,1,1,1,1,1,1,0,1,1,1,0,1,0,1,0,0,1,1,1,1,0,0,1,0,0,0,0,0,0,1,0,0,1,1,0,0,0,1,1,1,0,0,1,0,1,0,0,1,0,1,1,0,1,0,0,0,0,1,1,1,0,0,1,0,0,1,0,1,0,0,1,0,1,1,0,1,1,0,1,0,0,1,1,0,1,1,1,1,0,0,1,0,0,1,1,1,1,0,0,1,0,1,0,0,1,0,1,0,0,0,0,1,0,1,1,1,0,0,0,0,0,0,1,0,0,1,0,0,1,0,0,1,1,0,0,0,0,1,0,1,1,0,1,0,0,1,1,0,0,1,0,0,1,1,0,1,0,0.0,-4673.569999999999,1
1,0,1,1,0,0,1,1,0,1,1,1,1,0,1,0,1,1,0,1,0,1,1,0,0,1,1,0,0,0,1,0,0,0,0,1,0,0,0,1,0,0,0,0,1,0,1,1,1,0,1,1,1,1,1,0,1,1,1,0,1,0,0,1,1,0,1,1,1,1,0,1,1,1,0,1,0,0,0,0,0,1,1,0,1,1,0,1,0,1,1,1,1,1,1,1,0,0,1,0,0,0,0,0,0,0,1,0,0,0,1,0,0,0,1,1,0,0,0,0,0,0,0,0,0,1,1,1,1,1,1,0,1,1,0,1,0,0,0,1,0,1,0,1,0,0,1,0,0,1,1,0,1,1,1,1,1,0,1,0,1,1,1,0,1,0,0,0,0,1,1,1,1,1,1,0,0,1,1,1,0.0,-4673.26,1
1,1,1,1,0,1,0,1,0,1,0,1,1,0,1,0,1,0,0,1,1,1,0,0,0,0,0,0,0,0,0,0,1,1,0,1,0,1,0,0,0,0,0,1,1,1,1,0,0,1,0,1,1,1,1,1,1,0,1,0,0,1,0,1,1,1,1,1,0,0,0,1,0,1,0,0,0,0,1,0,0,1,0,1,0,1,1,1,0,1,0,0,1,0,1,1,0,1,1,0,0,1,0,1,0,1,1,0,0,0,1,0,0,0,1,0,0,0,1,1,0,0,0,0,0,1,1,1,0,1,1,1,0,1,0,1,0,0,0,1,0,0,0,1,1,0,1,0,0,0,1,1,1,1,1,1,0,0,1,0,1,1,1,0,1,1,0,1,0,1,1,1,1,1,1,0,0,1,1,1,0.0,-4673.18,1
0,0,0,1,1,1,1,0,1,0,0,1,0,0,1,1,0,1,1,0,0,0,1,1,1,0,0,1,1,1,1,1,1,1,1,0,1,1,1,0,1,1,1,1,0,1,0,0,0,0,1,0,0,1,0,0,1,1,0,0,1,1,1,0,0,1,1,1,0,1,1,0,0,0,0,0,1,1,1,1,1,0,0,1,0,0,0,0,1,0,0,0,0,0,0,1,1,1,0,1,1,1,0,1,1,1,0,1,1,1,1,0,1,1,0,1,1,1,1,0,1,1,1,0,1,0,0,0,0,1,0,1,0,0,1,0,1,1,1,0,1,1,1,0,0,1,0,1,1,0,0,1,0,0,1,1,0,0,0,0,1,0,0,1,0,1,0,1,1,0,0,0,0,0,0,1,1,0,1,0,0.0,-4673.05,1
0,1,1,1,1,0,0,0,1,0,0,1,0,0,1,1,1,0,1,0,1,0,0,0,1,1,0,1,1,1,1,1,1,1,1,0,1,1,1,0,0,1,1,1,0,1,1,0,0,0,0,1,0,1,0,1,1,0,1,0,0,1,1,0,0,0,1,1,1,0,0,0,0,0,0,1,1,1,1,0,1,0,1,0,0,1,0,1,1,0,0,1,0,0,1,1,0,0,1,1,1,1,0,1,0,0,1,1,1,0,1,0,1,1,1,0,1,0,1,1,0,0,1,0,0,0,0,0,0,1,1,1,0,1,1,0,1,0,0,0,1,0,1,1,0,1,1,1,0,1,0,0,0,1,1,0,0,0,0,0,1,0,0,1,0,0,0,0,0,0,0,0,0,1,1,0,1,0,1,1,0.0,-4672.879999999998,1
0,0,0,0,1,1,0,1,1,1,1,1,0,0,0,1,0,0,1,0,1,0,0,0,1,1,0,1,1,0,0,1,1,1,1,0,1,0,0,1,1,1,1,0,0,1,1,1,0,0,0,0,1,1,0,1,0,0,0,1,1,1,1,0,0,1,0,0,0,0,1,0,1,0,1,1,0,0,1,0,1,0,1,0,0,0,0,1,1,0,0,0,0,1,0,1,1,0,1,1,0,0,0,0,1,1,0,1,1,1,0,0,0,1,1,0,1,1,0,1,1,0,1,0,0,0,0,1,1,0,0,0,0,0,1,0,1,1,1,0,0,0,0,1,0,1,1,1,1,0,0,1,0,0,0,1,1,0,0,1,1,0,1,1,0,0,1,0,0,0,0,0,1,0,1,1,1,0,0,0,0.0,-4672.74,1
0,1,1,1,1,0,1,1,0,1,0,1,1,0,1,1,0,1,1,0,0,0,1,0,1,1,1,1,1,0,1,1,1,0,1,0,1,1,0,0,0,1,1,1,0,1,0,0,0,0,1,1,1,1,0,0,1,1,0,0,0,1,1,0,0,0,1,1,1,1,1,0,0,1,0,1,0,0,0,0,1,1,1,0,0,1,0,1,1,0,1,1,0,0,1,0,0,0,1,1,0,1,1,1,0,1,1,1,1,0,1,1,0,1,1,1,1,0,1,0,0,0,1,0,0,0,0,1,0,1,0,1,0,1,1,0,1,0,0,0,0,0,0,1,0,1,1,1,0,0,0,1,0,1,1,1,0,1,0,0,0,0,1,0,0,1,0,0,0,1,0,0,1,0,1,0,1,0,1,1,0.0,-4672.659999999998,1
0,1,1,0,1,1,0,1,0,1,1,0,1,0,0,1,1,0,1,0,1,0,0,1,1,1,1,1,1,0,0,1,1,0,1,0,1,0,0,1,0,1,0,0,0,1,1,0,0,1,0,1,1,1,0,1,0,0,1,1,0,1,1,1,0,1,0,0,0,0,0,1,1,1,1,1,0,0,0,0,1,1,1,0,0,0,1,1,1,0,0,0,0,1,1,1,0,0,1,0,0,1,0,0,0,0,1,1,0,0,0,1,0,1,0,0,1,0,1,1,1,0,0,0,0,0,1,1,0,0,1,0,0,1,0,0,1,0,0,0,0,0,0,1,1,1,0,1,0,1,0,1,0,1,0,0,0,0,0,1,0,0,1,1,0,1,1,0,0,1,0,0,1,1,0,0,0,0,0,1,0.0,-4672.609999999998,1
0,0,0,0,1,1,0,0,1,0,1,1,0,1,0,1,0,0,1,0,1,0,0,0,1,1,1,1,1,1,0,1,0,0,1,0,1,1,1,0,1,1,1,1,0,1,0,1,0,1,0,0,0,1,0,1,0,0,0,1,1,1,1,0,0,1,0,0,0,0,1,0,1,0,1,1,1,1,1,0,1,0,1,0,1,0,1,1,1,1,0,0,0,0,0,1,1,0,1,1,1,0,0,0,1,1,0,1,1,0,0,1,1,1,1,0,1,1,0,1,1,0,1,1,1,0,0,0,1,0,0,1,0,0,1,0,1,1,1,0,1,0,1,1,0,1,1,1,1,0,1,1,0,0,0,0,1,0,0,1,0,0,0,1,0,0,1,0,0,0,0,0,0,0,1,1,1,0,0,0,0.0,-4672.5199999999995,1
1,1,0,0,0,1,0,1,0,1,1,1,1,1,0,1,0,0,1,1,1,0,0,0,1,1,0,0,0,0,0,0,1,1,1,0,0,0,0,1,1,1,1,0,0,1,0,1,0,1,0,0,1,1,0,1,0,0,0,1,0,1,1,0,1,1,0,0,0,0,1,0,1,1,1,1,0,0,1,0,0,1,1,0,0,0,1,1,1,0,0,0,0,1,0,1,1,0,1,1,0,0,0,0,1,0,0,1,1,0,0,1,0,1,1,0,1,1,0,1,1,0,1,1,0,0,0,1,1,0,0,0,0,0,1,0,1,1,1,0,0,0,0,1,0,1,0,1,1,1,0,1,0,0,0,1,1,0,0,1,0,1,1,1,0,0,1,0,0,1,0,0,1,0,1,1,1,0,0,0,0.0,-4672.49,1
1,1,0,1,0,0,0,1,0,1,1,1,1,1,1,0,0,0,0,1,1,1,0,0,0,1,1,1,0,0,0,0,1,0,0,1,1,0,0,1,1,0,1,0,1,1,0,0,0,1,0,0,1,0,1,1,1,0,0,0,0,1,0,0,1,0,0,1,1,0,1,0,1,0,0,1,0,0,1,0,1,0,1,0,0,1,1,0,0,0,1,1,1,1,0,1,1,1,1,1,0,1,0,0,1,1,0,0,1,1,1,1,0,0,1,0,0,1,1,1,0,0,1,1,0,1,0,1,0,1,0,0,0,0,1,1,0,1,1,1,0,0,0,0,0,0,1,1,1,0,0,1,1,0,1,1,0,0,1,0,0,1,1,1,1,1,0,1,1,0,1,1,1,0,1,1,1,1,1,0,0.0,-4672.46,1
0,1,0,1,0,0,0,1,0,1,0,1,1,0,1,0,0,0,0,1,1,1,0,0,0,0,1,0,0,0,0,0,1,0,0,1,0,1,0,0,0,0,1,1,1,1,0,0,0,1,0,0,1,1,1,1,1,0,0,0,0,1,0,0,1,0,1,1,1,0,1,0,0,1,0,0,0,0,1,0,0,1,0,1,0,1,1,1,0,1,1,1,1,0,0,1,1,1,1,1,0,1,0,1,1,1,0,0,1,1,1,0,0,0,1,0,0,1,1,1,0,0,1,0,0,1,0,1,0,1,0,1,1,0,1,1,0,1,1,1,0,0,0,1,1,0,0,1,1,0,1,0,1,0,1,1,0,0,1,0,1,1,1,1,1,1,0,1,0,1,1,1,1,0,1,1,1,1,1,1,0.0,-4672.010000000001,1
1,0,0,1,0,0,0,1,0,1,0,0,1,0,0,0,0,0,0,1,1,1,0,0,0,0,1,0,0,0,1,0,1,0,0,1,0,1,0,0,1,0,1,1,1,1,0,0,0,1,0,0,1,0,1,1,1,0,0,0,1,1,0,0,1,0,1,0,1,0,1,0,0,1,0,0,0,0,0,1,0,1,0,1,0,0,1,0,0,1,1,0,1,0,0,1,1,1,0,1,0,1,0,1,1,1,0,0,1,1,1,1,0,0,1,0,0,1,1,1,1,1,1,0,0,1,0,1,0,1,0,1,1,0,1,1,0,1,1,1,0,0,0,0,0,0,1,1,1,0,1,0,1,0,1,1,0,0,1,1,0,1,1,1,1,1,0,1,1,1,1,1,1,0,1,1,1,1,0,0,0.0,-4671.58,1
0,0,0,1,1,1,0,0,1,0,1,1,0,1,1,1,0,0,1,0,1,0,0,1,1,1,1,1,1,1,0,1,1,0,1,0,1,0,1,1,0,1,1,0,0,1,0,1,0,1,0,0,0,0,0,1,1,0,0,0,1,1,1,0,0,1,0,1,0,0,1,0,1,0,0,1,1,1,1,0,1,0,1,0,0,0,1,0,1,0,0,0,0,1,0,0,1,0,1,1,1,0,1,0,1,1,0,1,1,1,1,0,1,1,0,0,1,1,0,1,1,0,1,1,1,0,0,0,1,1,0,0,0,0,1,0,1,1,1,0,1,0,1,0,0,1,0,1,1,0,0,1,0,0,1,0,1,1,0,0,1,0,0,1,0,1,0,0,1,0,0,0,0,0,0,1,1,0,1,0,0.0,-4671.21,1
0,0,0,1,0,0,0,1,0,1,0,1,1,0,1,0,0,0,0,1,1,1,0,1,0,0,1,1,0,0,0,0,1,0,1,1,1,1,0,0,1,0,1,1,1,1,0,0,0,1,0,0,1,0,1,1,1,0,0,0,1,1,0,0,1,0,1,1,1,0,1,0,0,0,0,0,0,0,1,1,1,0,0,1,0,1,1,0,0,1,0,1,1,0,0,1,1,1,0,1,0,1,0,1,1,1,0,0,1,1,1,0,0,0,0,0,0,1,1,1,0,1,1,0,0,1,0,1,0,1,0,1,1,0,1,1,0,1,1,1,0,1,0,0,1,0,1,1,1,0,1,0,1,0,1,1,0,0,1,0,1,1,1,1,1,1,0,1,1,0,1,1,1,0,0,1,1,1,1,0,0.0,-4671.1500000000015,1
0,0,0,0,1,1,1,0,1,0,0,0,0,0,0,1,0,1,1,0,0,0,1,0,1,1,0,1,1,1,1,1,0,1,1,0,1,1,1,0,1,1,1,1,0,0,0,0,1,1,1,0,0,1,0,0,0,1,0,1,0,0,1,0,0,1,1,0,0,1,1,0,0,1,1,1,1,1,0,0,1,1,1,0,1,0,1,1,1,0,0,0,0,0,0,1,0,0,1,1,1,1,0,1,1,1,0,1,1,1,0,1,1,1,1,1,1,1,1,0,1,0,1,0,0,0,0,0,0,0,0,1,0,0,1,0,1,1,1,0,1,0,1,1,0,1,1,1,1,0,0,1,0,0,0,0,0,0,0,1,0,0,0,1,0,1,1,0,0,1,0,0,0,0,1,1,1,0,0,0,0.0,-4671.109999999999,1
0,0,0,1,0,0,0,1,0,1,1,0,1,1,1,0,1,0,0,1,1,1,0,0,0,1,1,0,0,0,0,0,1,0,0,1,0,0,0,1,1,0,1,0,1,1,1,1,0,1,0,0,1,0,1,1,1,0,1,0,1,1,0,0,1,0,0,1,1,0,0,0,1,1,0,1,0,0,1,1,0,1,1,0,0,1,1,0,0,1,0,1,1,1,0,1,1,0,0,1,0,0,0,0,1,1,0,0,1,1,1,1,0,0,1,0,0,1,0,1,0,1,1,1,0,1,0,1,1,1,1,0,0,0,1,1,0,1,1,1,0,1,0,0,0,0,0,1,1,0,1,1,1,0,1,1,1,0,1,0,0,1,1,0,1,0,0,0,1,1,1,1,1,1,1,1,1,1,1,0,0.0,-4670.490000000001,1
0,1,0,1,1,0,0,1,0,1,0,0,1,1,1,1,0,0,1,0,1,0,0,1,1,1,1,1,1,0,0,1,1,0,1,0,1,1,0,0,1,1,1,1,0,1,0,1,0,0,0,0,1,0,0,1,1,0,0,0,0,1,1,0,0,0,1,1,1,0,1,0,0,1,0,1,0,0,0,0,1,1,1,0,0,1,0,0,1,0,0,1,0,0,0,0,1,0,1,1,0,0,1,1,1,1,0,1,1,1,1,0,0,1,0,0,1,1,0,1,0,0,1,1,1,0,0,1,1,1,0,1,0,0,1,0,1,1,1,0,0,1,0,0,0,1,0,1,1,0,0,1,0,0,1,1,1,0,0,0,1,0,1,1,0,0,0,0,1,1,0,0,1,0,0,1,1,0,1,0,0.0,-4670.300000000001,1
1,0,1,0,0,1,1,0,1,0,1,1,0,0,0,0,0,1,0,1,0,1,1,0,0,0,0,0,0,1,1,0,0,1,0,1,0,0,1,1,0,0,0,0,1,0,0,0,1,1,1,1,0,1,1,0,0,1,0,1,1,0,0,1,1,1,1,0,0,1,1,1,1,1,1,0,1,1,0,1,0,1,0,1,1,0,1,1,0,1,1,0,1,1,1,0,0,1,0,0,1,1,1,0,0,0,1,0,0,0,0,0,1,0,1,1,0,0,1,1,1,1,0,0,0,1,1,0,0,0,0,0,1,1,0,1,0,0,0,1,1,1,1,1,1,0,1,0,0,1,1,0,1,1,0,0,0,1,1,1,1,1,0,0,1,1,1,1,0,1,1,1,0,0,1,0,0,1,0,1,0.0,-4670.139999999998,1
0,1,1,1,0,0,0,0,1,0,1,0,0,0,1,0,1,0,0,1,1,1,0,1,0,0,0,0,0,1,0,0,1,1,0,1,0,0,1,1,0,0,0,0,1,1,0,0,0,1,0,1,0,0,1,1,1,0,0,0,0,1,0,1,1,0,1,1,1,0,1,1,1,0,0,0,1,1,1,1,0,0,0,1,0,1,1,0,0,1,1,1,1,1,1,1,0,1,0,0,1,1,0,0,0,0,1,0,0,0,1,0,1,0,0,0,0,0,1,1,0,1,0,0,1,1,1,0,0,1,0,0,1,1,0,1,0,0,0,1,1,1,1,0,1,0,1,0,0,1,1,0,1,1,1,0,0,0,1,0,1,1,0,0,1,1,0,1,1,0,1,1,0,0,0,0,0,1,1,1,0.0,-4670.08,1
0,0,0,1,1,1,0,1,0,1,0,1,1,0,0,1,0,0,1,0,1,0,0,1,1,1,1,1,1,0,0,1,0,0,1,0,1,1,0,0,1,1,1,1,0,1,0,1,0,0,0,0,1,1,0,1,1,0,0,0,1,1,1,0,0,1,1,0,0,0,1,0,0,1,0,1,0,0,1,0,1,1,1,0,1,0,0,1,1,0,0,0,0,0,0,1,1,0,1,1,0,0,0,1,1,1,0,1,1,1,1,1,0,1,0,0,1,1,0,1,1,0,1,0,0,0,0,1,1,1,0,1,0,0,1,0,1,1,1,0,0,0,0,1,0,1,1,1,1,0,0,1,0,0,1,1,1,0,0,1,0,0,1,0,0,0,0,0,0,1,0,0,1,0,0,1,1,0,0,0,0.0,-4670.04,1
0,0,1,0,1,1,0,0,1,0,1,1,0,0,0,1,0,0,1,0,1,0,0,0,1,0,0,1,1,1,0,1,1,1,1,0,1,0,1,1,0,1,0,0,0,1,0,1,0,1,0,1,0,0,0,1,0,0,0,1,1,1,1,1,0,1,0,0,0,0,1,1,1,0,1,0,1,1,1,0,1,0,0,1,0,0,1,1,1,0,0,0,0,1,1,1,0,1,1,0,1,0,0,0,0,0,1,1,0,0,0,1,1,1,1,0,1,0,0,1,1,0,0,0,0,0,1,0,1,0,0,0,0,1,0,0,1,0,0,0,1,0,1,1,1,1,1,0,0,1,0,1,0,1,0,0,1,0,0,1,0,0,0,1,0,0,1,1,0,0,0,0,0,0,1,0,0,0,0,1,0.0,-4669.56,1
1,1,1,0,0,0,1,0,1,0,1,1,0,0,0,1,1,1,1,1,0,0,1,1,1,1,1,0,0,1,1,0,0,0,1,0,0,0,1,1,0,1,0,0,0,0,0,0,1,0,1,1,0,1,0,0,0,1,1,1,0,0,1,1,1,0,0,0,1,1,0,1,1,0,1,1,1,1,0,0,0,0,1,0,1,1,0,0,1,1,1,1,0,1,1,0,0,1,1,0,1,1,1,0,0,0,1,1,0,0,0,1,1,1,0,1,1,0,1,0,0,0,0,0,1,0,1,0,0,0,1,0,0,1,0,0,1,0,0,0,1,0,1,0,1,1,0,1,0,1,1,1,0,1,0,0,0,1,0,1,0,1,0,0,0,1,1,1,1,0,0,0,0,1,0,0,0,0,0,1,0.0,-4669.529999999998,1
0,0,1,0,1,1,1,0,1,0,1,0,0,1,1,1,0,1,1,0,0,0,1,0,1,0,0,1,1,1,1,1,0,1,1,0,1,0,1,1,0,1,0,0,0,0,0,0,1,1,1,1,0,1,0,0,0,1,0,1,1,0,1,1,0,1,0,1,0,1,1,1,1,1,1,0,1,1,0,0,1,1,0,1,1,0,1,1,1,0,0,0,0,1,1,0,0,0,1,0,1,1,1,0,0,0,1,1,0,0,0,0,1,1,1,1,1,0,1,0,1,0,0,1,0,0,1,0,0,0,0,0,0,1,0,0,1,0,0,0,1,0,1,1,1,1,1,0,0,1,0,1,0,1,0,0,0,1,0,0,1,0,0,0,0,1,1,0,0,1,0,0,0,0,1,0,0,0,1,1,0.0,-4669.329999999997,1
1,1,0,1,0,1,0,1,0,1,1,1,1,0,1,0,0,0,0,1,1,1,0,1,0,0,0,0,0,0,0,0,0,1,0,0,0,0,0,1,1,0,0,0,1,1,0,0,0,1,0,0,1,0,1,1,1,0,0,0,0,1,0,1,1,1,0,1,0,0,1,1,1,1,0,0,0,0,1,1,0,1,0,1,1,0,1,0,0,1,0,0,1,1,0,1,1,1,0,0,0,1,0,0,1,0,1,0,0,1,1,0,0,0,0,0,0,1,1,1,1,1,0,0,0,1,1,1,0,1,0,0,1,0,0,1,0,1,1,1,0,1,0,0,1,0,0,0,1,1,1,0,1,0,1,1,0,0,1,0,1,1,1,1,1,1,0,1,1,1,1,1,1,0,0,1,0,1,1,0,0.0,-4669.2300000000005,1
1,1,1,1,1,1,1,0,1,0,1,1,0,1,1,1,1,1,1,0,0,0,1,1,1,0,1,1,1,1,1,1,0,0,1,0,1,0,0,1,0,1,1,0,0,0,0,1,1,0,1,1,0,0,0,0,1,1,1,0,0,0,1,0,0,1,0,1,0,1,0,0,1,0,0,0,1,1,0,1,1,0,0,1,1,1,0,0,1,0,0,1,0,1,1,0,0,0,0,1,1,0,1,0,0,1,1,1,1,0,1,0,1,1,0,1,1,0,0,0,0,1,1,1,0,0,0,0,1,1,1,0,0,1,1,0,1,0,0,0,1,1,1,0,0,1,0,1,0,0,0,1,0,1,1,0,1,1,0,0,1,0,0,0,0,0,0,0,1,0,0,0,0,1,0,0,1,0,1,1,0.0,-4669.090000000001,1
1,0,0,1,0,1,0,0,1,0,0,0,0,0,1,0,0,0,0,1,1,1,0,0,0,1,1,0,0,1,0,0,1,0,0,1,0,0,1,1,0,0,1,0,1,1,0,0,0,0,0,0,0,1,1,1,1,0,0,0,1,1,0,0,1,1,0,1,0,0,1,0,0,0,0,1,1,1,1,0,0,0,1,0,0,0,0,1,0,0,0,0,1,1,0,1,1,0,1,1,1,1,0,0,1,1,0,0,1,1,1,1,1,0,1,0,0,1,1,1,1,0,1,0,0,1,0,0,0,1,0,0,1,0,1,1,0,1,1,1,1,1,1,1,0,0,1,1,0,0,0,0,1,1,1,0,0,0,1,0,0,1,0,1,1,1,0,0,0,0,1,1,0,0,1,0,1,1,1,1,0.0,-4669.06,1
1,0,0,1,0,0,0,1,0,1,1,1,1,1,1,0,0,0,0,1,1,1,0,1,0,1,0,0,0,0,0,0,1,1,0,1,0,0,0,1,1,0,1,0,1,1,1,0,0,0,0,0,1,0,1,1,1,0,0,0,1,1,0,0,1,0,0,1,1,0,1,0,1,0,0,1,0,0,0,0,0,0,1,0,0,1,0,0,0,1,0,1,1,1,0,1,1,0,1,1,0,1,0,0,1,1,0,0,1,1,1,1,0,0,0,0,0,1,1,1,0,0,1,1,0,1,0,1,0,1,0,0,1,0,1,1,0,1,1,1,0,1,0,0,0,0,0,1,1,0,0,0,1,0,1,1,0,0,1,0,0,1,1,0,1,1,0,0,1,0,1,1,1,0,0,1,1,1,1,0,0.0,-4668.68,1
1,0,0,1,0,0,1,0,1,0,0,0,0,0,1,1,0,1,1,1,0,0,1,1,1,0,1,0,0,1,1,0,0,0,1,0,0,1,1,0,1,1,0,1,0,0,0,0,1,0,1,0,0,0,0,0,1,1,0,0,1,0,1,1,1,0,1,1,1,1,1,1,0,0,0,0,1,1,0,1,0,0,0,1,1,1,0,0,1,1,1,1,0,0,0,1,1,0,0,0,1,1,0,1,1,0,0,1,0,1,1,0,1,1,0,1,1,1,1,0,0,1,0,0,1,0,1,0,0,1,0,1,0,0,0,0,1,1,1,0,1,1,1,0,1,1,1,0,1,1,1,1,0,0,1,0,0,0,0,0,1,1,0,1,0,1,0,0,1,0,0,0,0,0,0,1,0,0,1,0,0.0,-4668.639999999999,1
1,1,1,0,1,1,0,0,1,0,0,0,0,1,0,1,1,0,1,0,1,0,0,1,1,1,0,1,1,1,0,1,1,1,1,0,1,0,1,1,0,1,0,0,0,1,1,1,0,0,0,1,0,1,0,1,0,0,1,1,1,1,1,1,0,1,0,0,0,0,0,1,0,0,1,1,1,1,1,0,1,0,1,0,0,0,0,1,1,0,1,0,0,1,1,1,0,0,1,0,1,0,0,0,0,0,1,1,0,0,0,1,1,1,0,0,1,0,0,1,1,0,0,1,1,0,1,0,1,0,1,0,0,1,0,0,1,0,0,0,1,0,1,1,1,1,0,0,0,1,0,1,0,1,0,0,1,0,0,1,0,0,0,1,0,0,1,0,0,0,0,0,0,1,0,0,0,0,0,1,0.0,-4668.249999999999,1
1,0,0,1,0,1,1,1,0,1,0,1,1,0,1,0,0,1,0,1,0,1,1,0,0,1,1,0,0,0,1,0,0,0,0,1,0,1,1,0,1,0,1,1,1,0,0,0,1,1,1,0,1,1,1,0,1,1,0,0,1,0,0,0,1,1,1,1,0,1,1,0,0,0,0,1,0,0,0,0,0,0,1,0,1,0,1,1,0,0,0,0,1,0,0,1,1,0,1,1,0,1,0,1,1,1,0,0,1,1,1,0,0,0,1,1,0,1,1,0,1,0,1,0,0,1,0,1,0,1,0,1,0,0,1,1,0,1,1,1,0,0,0,1,0,0,1,1,1,0,0,1,1,0,1,1,0,0,1,0,1,1,1,1,1,1,0,0,0,0,1,1,1,0,1,1,1,1,1,0,0.0,-4667.8099999999995,1
0,1,1,0,1,0,0,0,1,0,1,1,0,0,0,1,1,0,1,0,1,0,0,1,1,0,0,0,1,1,0,1,1,1,1,0,0,0,1,1,0,1,1,0,0,1,1,1,0,0,0,1,0,0,0,1,0,0,1,1,0,1,1,0,0,0,0,0,1,0,0,0,1,0,1,0,1,1,1,1,0,0,0,1,0,0,0,0,1,1,1,0,0,1,1,1,0,0,0,1,1,0,0,0,0,0,1,1,1,0,0,0,1,1,0,0,1,0,0,1,1,1,1,0,1,0,0,0,1,0,1,0,0,1,1,0,1,0,0,0,1,0,1,0,0,1,0,1,0,1,1,1,0,1,0,0,1,0,0,1,1,0,0,0,0,0,1,0,1,0,0,0,0,1,0,0,1,0,0,1,0.0,-4667.679999999999,1
1,1,1,1,0,1,0,0,1,0,1,1,0,0,1,0,1,0,0,1,1,1,0,1,0,1,1,0,0,1,0,0,1,0,0,1,0,0,1,1,0,0,0,0,1,1,1,1,0,0,0,1,0,1,1,1,1,0,1,0,0,1,0,1,1,1,0,1,0,0,0,1,1,0,0,1,1,1,1,0,0,0,1,0,0,0,0,0,0,1,0,0,1,1,1,0,0,1,1,0,1,0,1,0,0,0,1,0,0,0,1,0,1,0,0,0,0,0,0,1,1,0,0,0,0,1,1,0,1,1,1,0,1,1,0,1,0,0,0,1,1,1,1,0,1,0,0,0,0,1,1,0,1,1,1,1,1,1,1,0,1,1,0,0,1,0,0,1,1,0,1,1,0,1,0,0,0,1,1,1,0.0,-4666.850000000001,1
0,0,0,0,1,1,0,1,0,1,1,0,1,0,0,1,0,0,1,0,1,0,0,1,1,0,0,1,1,0,0,1,1,1,1,0,1,0,0,1,1,1,0,0,0,1,0,1,0,0,0,0,1,0,0,1,0,0,0,1,1,1,1,1,0,1,1,0,0,0,1,1,1,1,1,0,0,0,1,1,1,1,0,1,0,1,0,0,1,0,1,1,0,1,0,1,1,1,0,0,0,0,0,0,1,1,0,1,0,1,0,0,0,1,0,0,1,1,0,1,0,1,0,0,0,0,1,1,1,0,0,0,0,0,0,0,1,1,1,0,0,1,0,0,1,1,0,0,1,0,1,1,0,0,0,1,1,0,0,1,1,0,1,1,0,0,1,1,1,1,0,0,1,0,0,1,0,0,0,0,0.0,-4666.54,1
1,1,0,1,1,0,1,1,0,1,1,0,1,0,1,1,0,1,1,0,0,0,1,1,1,1,1,1,1,0,1,1,0,0,1,0,1,0,0,1,0,1,0,0,0,0,0,0,1,0,1,0,1,0,0,0,1,1,0,0,0,0,1,1,0,0,0,1,1,1,1,1,1,1,0,1,0,0,1,0,1,1,1,0,1,1,0,0,1,0,0,1,0,1,0,1,1,1,1,0,0,1,0,0,1,0,0,1,0,1,1,0,0,1,0,1,1,1,1,0,0,0,0,0,0,0,1,1,0,1,0,0,0,0,0,0,1,1,1,0,0,0,0,0,1,1,0,0,0,1,0,1,0,1,1,1,0,0,0,0,1,0,1,1,0,1,0,1,1,1,0,0,1,0,0,0,0,0,1,1,0.0,-4666.400000000001,1
1,1,1,1,0,1,0,0,1,0,0,1,0,0,1,0,0,0,0,1,1,1,0,0,0,1,1,0,0,1,1,0,1,0,1,1,0,1,1,0,0,0,1,1,1,1,0,0,0,1,0,1,0,1,1,1,1,0,0,0,0,1,0,0,1,1,0,1,0,0,1,0,0,0,0,1,1,1,1,0,0,0,1,0,0,0,1,1,0,1,0,0,1,0,1,1,1,0,1,1,1,1,0,1,0,1,1,0,1,0,1,0,1,0,1,0,0,0,1,1,1,0,1,0,1,1,0,0,0,1,0,1,1,1,1,1,0,0,0,1,1,0,1,1,0,0,1,1,0,0,1,0,1,1,1,1,0,0,1,0,1,1,0,0,1,1,0,0,0,0,1,1,0,0,1,0,1,1,1,1,0.0,-4666.349999999999,1
0,0,1,0,0,1,0,0,1,0,1,0,0,1,0,0,1,0,0,1,1,1,0,1,0,1,1,0,0,1,0,0,1,0,0,1,0,0,1,1,0,0,0,0,1,1,1,1,0,1,0,1,0,0,1,1,0,0,1,1,1,1,0,1,1,1,0,0,0,0,0,1,1,1,1,1,1,1,0,0,0,0,1,0,0,1,1,0,0,1,0,0,1,1,1,1,0,1,1,0,1,0,0,0,0,0,1,0,0,0,0,1,1,0,0,0,0,0,0,1,0,0,0,1,0,1,1,0,1,0,1,0,1,1,0,1,0,0,0,1,1,0,1,0,1,0,1,0,0,1,1,0,1,1,0,0,1,0,1,1,0,1,0,0,1,0,1,1,1,0,1,1,0,1,0,0,0,1,0,1,0.0,-4666.07,1
0,0,0,0,0,0,0,0,1,0,1,1,0,1,1,0,0,0,0,1,1,1,0,0,0,1,1,0,0,1,0,0,1,0,0,1,0,0,1,1,1,0,1,0,1,1,0,1,0,0,0,0,0,1,1,1,0,0,0,1,1,1,0,0,1,0,1,1,1,0,1,0,1,0,1,1,1,1,1,0,0,0,1,0,0,1,0,1,0,1,1,1,1,1,0,0,1,1,1,1,1,0,1,0,1,1,0,0,1,1,0,1,1,0,1,0,0,1,0,1,0,0,1,1,0,1,0,0,1,0,0,0,1,0,1,1,0,1,1,1,1,0,1,1,0,0,1,0,1,0,1,0,1,0,0,0,1,1,1,0,0,1,0,1,1,0,1,1,0,0,1,1,0,0,1,1,1,1,1,0,0.0,-4666.0,1
0,0,0,0,1,1,0,0,1,0,0,1,0,1,0,1,0,0,1,0,1,0,0,1,1,0,1,1,1,1,0,1,0,0,1,0,1,1,1,0,1,1,0,1,0,0,0,0,1,1,0,0,0,0,0,1,0,0,0,1,1,0,1,1,0,1,1,0,0,0,1,1,0,0,1,0,1,1,1,1,1,0,0,1,1,0,1,0,0,0,0,0,0,0,0,1,1,1,0,0,1,1,0,1,1,0,0,1,0,1,0,0,1,1,0,0,1,1,1,1,1,1,0,1,1,0,1,0,0,0,0,1,0,0,0,0,1,1,1,0,1,1,1,0,1,1,0,1,1,1,0,1,0,0,0,0,0,0,0,1,1,0,0,0,0,1,1,1,1,0,0,0,0,0,0,1,0,0,0,0,0.0,-4665.869999999999,1
0,0,0,1,1,1,0,0,1,0,1,1,0,1,1,1,0,0,1,0,1,0,0,1,1,0,0,1,1,1,0,1,1,1,1,0,1,0,1,1,1,1,0,0,0,1,0,1,0,0,0,0,0,1,0,1,1,0,0,0,1,1,1,1,0,1,0,1,0,0,1,1,1,0,0,0,1,1,1,1,1,0,0,1,0,0,0,1,1,1,1,0,0,1,0,0,1,0,0,0,1,0,1,0,1,0,0,1,0,1,1,0,1,1,0,0,1,1,0,1,1,1,0,1,1,0,1,0,1,1,0,0,0,0,0,0,1,1,1,0,1,1,1,1,1,1,0,0,1,1,1,1,0,0,1,0,1,1,0,0,1,0,0,0,0,0,0,0,0,0,0,0,0,0,0,1,0,0,1,0,0.0,-4665.829999999999,1
1,0,0,0,1,0,0,1,0,1,1,0,1,1,0,1,0,0,1,0,1,0,0,1,1,0,1,1,1,0,0,1,1,0,1,0,1,0,0,1,1,1,1,0,0,1,0,0,0,1,0,0,1,0,0,1,0,0,0,1,1,1,1,0,0,0,1,0,1,0,1,0,1,1,1,0,0,0,0,0,1,1,0,1,0,1,1,0,1,0,0,1,0,1,0,1,1,1,1,1,1,1,0,0,1,1,0,1,1,0,0,0,0,1,0,0,1,1,1,1,0,0,1,1,0,0,0,1,0,0,0,0,0,0,1,0,1,1,1,0,0,0,0,0,0,1,0,1,1,0,0,1,0,0,0,1,0,0,0,1,1,0,1,1,0,1,1,1,1,1,0,0,0,0,0,1,1,0,0,0,0.0,-4665.76,1
1,1,1,0,0,1,0,0,1,0,1,1,0,0,0,1,0,0,1,1,1,0,0,0,1,0,0,0,0,1,0,0,1,1,1,0,0,0,1,1,0,1,0,0,0,1,1,0,0,0,0,1,0,1,0,1,0,0,0,1,0,1,1,1,1,1,0,0,0,0,1,1,1,0,1,0,1,1,1,0,0,0,0,1,0,0,0,1,1,1,0,0,0,1,1,0,0,1,1,0,1,1,1,0,0,0,1,1,0,0,0,0,1,1,1,0,1,0,1,1,1,0,0,0,1,0,1,0,0,0,0,0,0,1,0,0,1,0,0,0,1,0,1,1,1,1,1,0,0,1,1,1,0,1,0,0,0,1,0,1,1,1,0,0,0,1,1,1,0,0,0,0,0,0,1,0,0,0,0,1,0.0,-4665.719999999998,1
1,1,1,1,0,0,0,0,1,0,0,0,0,0,1,0,1,0,0,1,1,1,0,0,0,0,1,0,0,1,0,0,1,0,0,1,0,0,1,0,1,0,1,1,1,1,1,0,0,1,0,1,0,1,1,1,1,0,1,0,0,1,0,0,1,0,1,1,1,0,0,0,0,0,0,0,1,1,1,1,0,0,0,1,0,1,1,0,0,1,0,1,1,0,1,1,0,1,0,1,1,1,0,1,0,1,1,0,1,0,1,0,1,0,1,0,0,0,1,1,0,1,1,0,0,1,0,0,0,1,1,0,1,1,1,1,0,0,0,1,1,1,1,0,0,0,1,1,1,0,1,0,1,0,1,0,0,0,1,0,1,1,0,0,1,1,0,1,0,0,1,1,0,1,1,1,1,1,1,0,0.0,-4665.669999999999,1
0,1,1,1,0,1,0,0,1,0,1,1,0,1,1,0,1,0,0,1,1,1,0,1,0,1,1,0,0,1,0,0,1,0,0,1,0,0,1,1,0,0,1,0,1,1,0,0,0,1,0,1,0,1,1,1,1,0,1,0,0,1,0,0,1,1,0,1,0,0,0,0,1,0,1,1,1,1,1,0,0,0,1,0,0,0,1,0,0,1,0,0,1,1,1,1,0,0,1,1,1,1,0,0,0,1,1,0,1,0,1,0,1,0,0,0,0,0,1,1,1,0,1,1,1,1,0,0,0,1,1,0,1,1,1,1,0,0,0,1,1,0,1,0,0,0,1,1,0,0,1,0,1,1,1,0,0,0,1,0,1,1,0,1,1,1,0,0,1,0,1,1,0,1,0,0,1,1,1,1,0.0,-4665.650000000001,1
1,1,1,1,1,1,0,0,1,0,0,1,0,1,1,1,1,0,1,0,1,0,0,0,1,1,0,0,1,1,0,1,1,1,1,0,0,1,1,0,0,1,1,1,0,1,1,1,0,0,0,1,0,1,0,1,1,0,1,0,0,1,1,0,0,1,1,1,0,0,0,0,0,1,0,1,1,1,1,0,0,1,1,0,0,0,0,1,1,1,1,0,0,0,1,1,0,0,1,1,1,0,0,1,0,1,1,1,1,0,1,0,1,1,1,0,1,0,0,1,1,0,1,1,1,0,0,0,1,1,1,1,0,1,1,0,1,0,0,1,1,0,1,1,0,1,1,1,0,0,1,1,0,1,1,0,1,0,0,0,1,0,0,0,0,0,0,0,0,1,1,0,0,1,1,0,1,0,1,1,0.0,-4665.62,1
1,1,1,0,1,1,1,1,0,1,0,0,1,1,0,1,1,1,1,0,0,0,1,1,1,0,1,1,1,0,1,1,0,0,1,0,1,1,0,0,0,1,0,1,0,0,1,0,1,0,1,1,1,1,0,0,0,1,1,1,0,0,1,1,0,1,1,0,0,1,0,1,0,1,1,0,0,0,0,1,1,1,0,1,1,1,0,1,1,0,1,1,0,0,1,0,1,1,0,0,0,1,1,1,0,0,1,1,0,1,0,0,0,1,0,1,1,0,1,0,0,1,0,1,1,0,1,1,0,0,1,1,0,1,0,0,1,0,0,0,0,1,0,1,1,1,0,0,0,1,0,1,0,1,0,1,0,1,0,1,1,0,1,0,0,1,1,1,0,1,0,0,1,1,0,0,0,0,0,1,0.0,-4665.559999999998,1
1,0,0,1,0,0,0,1,0,1,1,0,1,0,0,0,0,0,0,1,1,1,0,0,0,1,0,0,0,0,0,0,1,1,0,1,0,0,0,1,1,0,1,0,1,1,0,0,0,1,0,0,1,1,1,1,1,0,0,0,1,1,0,0,1,0,0,0,1,0,1,0,1,1,0,1,0,0,1,0,0,1,1,0,0,1,1,1,0,1,1,1,1,1,0,1,1,1,1,1,1,1,0,0,1,1,0,0,1,0,1,0,0,0,1,0,0,1,1,1,0,0,1,0,0,1,0,1,0,1,0,0,1,0,1,1,0,1,1,1,0,0,0,1,0,0,1,1,1,0,1,1,1,0,1,1,0,0,1,1,1,1,1,1,1,1,0,1,0,1,1,1,0,0,1,1,1,1,0,0,0.0,-4665.54,1
0,0,1,1,0,0,0,0,1,0,1,0,0,0,1,0,1,0,0,1,1,1,0,1,0,1,1,0,0,1,0,0,1,0,0,1,0,0,1,1,0,0,1,0,1,1,1,0,0,1,0,1,0,0,1,1,1,0,1,0,1,1,0,0,1,0,0,1,1,0,0,0,1,1,0,1,1,1,1,0,0,1,1,0,0,0,1,0,0,1,1,1,1,1,1,1,0,0,1,1,1,1,0,0,0,1,1,0,1,1,1,1,1,0,0,0,0,0,1,1,1,0,1,0,0,1,0,0,0,1,1,0,1,1,1,1,0,0,0,1,1,1,1,0,0,0,1,1,0,0,1,0,1,1,1,0,0,0,1,0,0,1,0,0,1,1,0,0,1,1,1,1,0,1,0,0,1,1,1,1,0.0,-4665.5,1
0,1,0,1,0,0,0,1,0,1,0,1,1,0,1,0,0,0,0,1,1,1,0,0,0,1,0,0,0,0,1,0,1,1,0,1,0,1,0,0,0,0,1,1,1,1,0,0,0,1,0,0,1,1,1,1,1,0,0,0,0,1,0,0,1,0,1,1,1,0,1,0,0,1,0,1,0,0,1,1,0,1,1,0,0,1,1,1,0,1,0,1,1,0,0,1,1,0,1,1,0,1,0,1,1,1,0,0,1,1,1,0,0,0,1,0,0,1,1,1,0,0,1,0,0,1,0,1,0,1,0,1,1,0,1,1,0,1,1,1,0,1,0,1,0,0,1,1,0,0,1,0,1,1,1,1,0,0,1,0,0,1,1,1,1,1,0,0,0,1,1,1,1,0,1,0,1,1,1,1,0.0,-4665.42,1
1,0,0,0,1,0,0,1,0,1,1,1,1,1,1,1,1,0,1,0,1,0,0,1,1,0,1,1,1,0,0,1,1,0,1,0,1,0,0,1,1,1,1,0,0,1,1,1,0,0,0,0,1,0,0,1,0,0,1,1,1,1,1,0,0,0,0,1,1,0,0,0,1,1,1,0,0,0,1,1,1,1,0,1,0,1,0,0,1,1,0,1,0,1,0,0,1,1,0,1,0,0,1,0,1,1,0,1,1,1,0,0,0,1,0,0,1,1,0,1,0,1,1,1,0,0,0,1,1,0,1,0,1,0,1,0,1,1,1,0,0,1,0,0,0,1,0,1,1,0,1,0,0,0,0,1,1,1,0,0,1,0,1,1,0,0,1,1,1,1,0,0,1,1,0,1,1,0,1,0,0.0,-4665.24,1
0,1,1,0,1,0,0,0,1,0,1,1,0,0,0,1,1,0,1,0,1,0,0,1,1,1,1,1,1,1,0,1,1,0,1,0,1,0,1,1,1,1,1,0,0,1,1,1,0,0,0,1,0,1,0,1,0,0,1,1,0,1,1,0,0,0,0,0,1,0,0,0,1,0,1,1,1,1,1,0,1,0,1,0,0,0,0,0,1,0,0,0,0,1,1,1,0,0,1,1,1,0,0,0,0,0,1,1,1,0,0,1,1,1,0,0,1,0,0,1,1,0,1,0,1,0,0,0,1,0,1,0,0,1,1,0,1,0,0,0,1,0,1,0,0,1,0,1,0,1,0,1,0,1,0,0,1,0,0,1,0,0,0,0,0,0,1,0,0,0,0,0,0,1,0,0,1,0,0,0,0.0,-4665.159999999999,1
1,0,1,0,1,0,0,0,1,0,1,0,0,0,0,1,1,0,1,0,1,0,0,0,1,0,0,1,1,1,0,1,1,1,1,0,1,0,1,1,0,1,0,0,0,1,1,0,0,0,0,1,0,1,0,1,0,0,1,1,1,1,1,1,0,0,0,0,1,0,0,0,1,0,1,0,1,1,1,0,1,0,0,1,0,1,0,1,1,0,1,1,0,1,1,1,0,0,1,1,1,1,0,0,0,0,1,1,0,0,0,0,1,1,1,0,1,0,1,1,0,0,1,0,0,0,1,0,0,0,1,0,0,1,0,0,1,0,0,0,1,0,1,1,1,1,1,1,0,1,0,1,0,1,0,0,0,0,0,1,1,0,0,1,0,1,1,0,0,0,0,0,0,1,1,0,0,0,0,1,0.0,-4665.119999999998,1
0,1,1,1,1,1,0,1,0,1,1,1,1,0,1,1,1,0,1,0,1,0,0,1,1,0,1,1,1,0,1,1,1,0,1,0,1,0,0,1,0,1,1,0,0,1,1,0,0,1,0,1,1,0,0,1,1,0,1,0,0,1,1,0,0,1,0,1,0,0,0,0,1,1,0,0,0,0,1,1,1,1,0,1,0,0,1,0,1,1,0,0,0,1,1,1,0,1,0,1,0,1,0,0,0,0,1,1,1,0,1,0,0,1,0,0,1,0,1,1,1,1,1,0,1,0,0,1,0,1,1,0,0,1,1,0,1,0,0,0,0,1,0,0,0,1,1,1,0,1,1,0,0,1,1,1,0,0,0,0,1,0,1,0,0,1,0,1,1,1,0,0,1,1,0,0,1,0,1,1,0.0,-4665.059999999999,1
0,1,1,1,0,1,0,0,1,0,1,0,0,1,1,0,1,0,0,1,1,1,0,1,0,0,0,0,0,1,0,0,1,1,0,1,0,0,1,1,0,0,0,0,1,1,1,1,0,1,0,1,0,0,1,1,1,0,1,0,0,1,0,1,1,1,0,1,0,0,0,1,1,0,0,0,1,1,1,1,0,0,0,1,0,0,1,0,0,1,0,0,1,1,1,0,0,1,0,0,1,0,1,0,0,1,0,0,0,0,1,1,1,0,0,0,0,0,0,1,1,1,0,1,0,1,1,0,1,1,1,0,1,1,0,1,0,0,0,1,1,1,1,0,1,0,0,0,0,0,0,0,1,1,1,0,1,1,1,0,0,1,0,1,1,0,0,1,1,0,1,1,0,1,0,0,0,1,1,1,0.0,-4665.060000000001,1
0,1,1,0,1,0,0,0,1,0,1,1,0,1,0,1,1,0,1,0,1,0,0,0,1,0,0,1,1,1,0,1,1,1,1,0,1,1,1,1,0,1,1,0,0,1,0,1,0,0,0,1,0,1,0,1,0,0,1,1,0,1,1,0,0,0,0,0,1,0,0,0,1,0,1,0,1,1,1,0,1,0,0,1,0,1,0,1,1,1,0,1,0,1,1,1,0,1,1,1,1,0,0,0,0,1,1,1,1,0,0,1,1,1,1,0,1,0,0,1,0,0,1,1,1,0,0,0,1,0,1,1,0,1,1,0,1,0,0,0,1,0,1,1,0,1,0,1,0,0,1,1,0,1,0,0,1,0,0,1,0,0,0,0,0,0,1,1,0,0,0,0,0,1,1,0,1,0,0,1,0.0,-4664.86,1
1,1,0,0,1,1,0,0,1,0,1,1,0,0,0,1,0,0,1,0,1,0,0,0,1,1,1,1,1,1,0,1,1,0,1,0,1,0,1,1,1,1,1,0,0,1,0,0,0,0,0,0,0,1,0,1,0,0,0,1,0,1,1,0,0,1,0,0,0,0,1,0,1,1,1,1,1,1,1,0,1,1,1,0,0,0,0,1,1,0,0,0,0,1,0,1,1,1,1,1,1,1,0,0,1,1,0,1,1,0,0,1,1,1,1,0,1,1,1,1,1,0,1,0,1,0,0,0,0,0,0,0,0,0,1,0,1,1,1,0,1,0,1,1,0,1,1,1,1,0,1,0,0,0,0,0,0,0,0,1,0,0,0,1,0,1,1,1,0,1,0,0,0,0,1,1,1,0,0,0,0.0,-4664.479999999998,1
1,1,1,0,1,1,0,0,1,0,0,0,0,0,0,1,0,0,1,0,1,0,0,0,1,1,0,1,1,1,0,1,1,1,1,1,1,1,1,0,0,1,0,1,0,1,0,1,0,0,0,1,0,1,0,1,0,0,0,1,0,1,1,1,0,1,1,0,0,0,1,1,0,1,1,1,1,1,1,0,1,1,1,0,0,0,0,1,1,0,1,0,0,0,1,1,0,0,1,0,1,0,0,1,0,0,1,1,0,0,0,1,1,1,1,0,1,0,0,1,1,0,0,0,1,0,1,0,1,0,0,1,0,1,0,0,1,0,0,0,1,0,1,1,1,1,1,0,0,1,0,1,0,1,0,0,1,0,0,1,0,0,0,1,0,0,1,0,0,1,0,0,0,0,1,0,0,0,0,1,0.0,-4664.329999999999,1
1,1,0,0,0,0,0,1,0,1,1,1,1,0,0,0,0,0,0,1,1,1,0,1,0,1,1,0,0,0,0,0,1,0,0,1,0,0,0,1,1,0,1,0,1,1,0,0,0,1,0,0,1,1,1,1,0,0,0,1,0,1,0,0,1,0,0,0,1,0,1,0,1,1,1,1,0,0,1,0,0,0,1,0,0,1,1,1,0,1,1,1,1,1,0,1,1,1,1,1,1,1,0,0,1,1,0,0,1,1,0,0,0,0,0,0,0,1,1,1,0,0,1,0,1,1,0,1,0,0,0,0,1,0,1,1,0,1,1,1,0,0,0,1,0,0,0,1,1,0,1,0,1,0,0,1,0,0,1,1,1,1,1,1,1,1,1,1,0,0,1,1,0,0,0,1,1,1,0,0,0.0,-4664.15,1
1,1,0,1,1,0,0,1,0,1,0,1,1,0,1,1,0,0,1,0,1,0,0,0,1,0,0,1,1,0,1,1,1,1,1,0,1,1,0,0,1,1,1,1,0,1,1,1,0,0,0,0,1,1,0,1,1,0,0,0,0,1,1,0,0,0,1,1,1,0,1,0,0,0,0,0,0,0,1,1,1,0,0,1,0,1,0,1,1,0,0,1,0,0,0,0,1,0,0,1,0,0,1,1,1,1,0,1,1,0,1,1,0,1,1,0,1,1,0,1,0,1,1,0,1,0,0,1,1,1,0,1,0,0,1,0,1,1,1,0,0,1,0,1,0,1,0,1,1,0,0,1,0,0,1,1,1,1,0,0,0,0,1,1,0,0,0,0,0,0,0,0,1,0,1,1,1,0,1,0,0.0,-4664.119999999999,1
0,0,1,0,1,1,1,0,1,0,1,1,0,0,0,1,1,1,1,0,0,0,1,1,1,1,1,1,1,1,0,1,0,0,1,0,1,0,1,1,0,1,1,0,0,0,0,0,1,0,1,1,0,1,0,0,0,1,1,1,1,0,1,0,0,1,0,0,0,1,0,0,1,0,1,1,1,1,0,0,1,0,1,0,1,0,0,0,1,0,0,0,0,1,1,1,0,0,1,1,1,1,0,0,0,1,1,1,1,0,0,0,1,1,0,1,1,0,1,0,1,0,1,0,1,0,0,0,0,0,1,0,0,1,1,0,1,0,0,0,1,0,1,0,0,1,0,1,0,0,0,1,0,1,0,1,0,0,0,1,1,0,0,1,0,1,1,0,0,0,0,0,0,1,0,0,1,0,0,1,0.0,-4664.05,1
1,1,0,1,0,0,0,1,0,1,1,0,1,0,1,0,0,0,0,1,1,1,0,0,0,0,0,0,0,0,0,0,1,1,0,1,0,0,0,1,1,0,1,0,1,1,0,0,0,0,0,0,1,1,1,1,1,0,0,0,0,1,0,0,1,0,1,1,1,0,1,0,1,1,0,0,0,0,1,0,0,1,0,1,0,1,0,0,0,1,1,1,1,1,0,1,1,1,1,1,0,1,0,0,1,1,1,0,1,1,1,0,0,0,1,0,0,1,1,1,0,0,1,0,1,1,0,1,0,1,0,0,1,0,1,1,0,1,1,1,0,1,0,0,0,0,1,1,1,0,1,0,1,0,1,1,0,0,1,0,1,1,1,1,1,1,0,1,0,1,1,1,1,0,1,1,1,1,1,0,0.0,-4663.970000000001,1
1,0,0,0,1,1,0,0,1,0,0,0,0,1,0,1,0,0,1,0,1,0,0,0,1,1,0,1,1,1,0,1,0,1,1,0,1,1,1,0,1,1,1,1,0,1,0,1,0,0,0,0,0,1,0,1,0,0,0,1,1,1,1,0,0,1,1,0,0,0,1,0,0,0,1,1,1,1,1,0,1,0,1,0,1,0,0,1,1,0,0,0,0,0,0,1,0,0,1,1,1,0,0,1,1,1,0,1,1,0,0,0,1,1,1,0,1,0,0,1,1,0,1,1,1,0,0,0,1,0,0,1,0,0,1,0,1,1,1,0,1,0,1,1,0,1,1,1,1,0,0,1,0,0,0,0,1,0,0,1,1,0,0,1,0,0,1,0,0,0,0,0,0,0,1,1,1,0,0,0,0.0,-4663.8899999999985,1
0,1,1,1,0,0,0,0,1,0,1,0,0,1,1,0,1,0,0,1,1,1,0,0,0,1,1,1,0,1,1,0,1,0,0,1,1,0,1,1,1,0,1,0,1,1,1,1,0,0,0,1,0,1,1,1,1,0,1,0,0,1,0,0,1,0,1,1,1,0,0,0,1,0,0,1,1,1,1,0,1,0,1,0,0,0,0,1,0,0,0,1,1,1,1,1,0,1,1,1,1,0,0,0,0,1,1,0,1,0,1,1,1,0,1,0,0,0,0,1,1,0,1,1,0,1,0,0,1,1,1,0,1,1,1,1,0,0,0,1,1,0,1,1,0,0,1,1,1,0,0,0,1,0,1,0,1,0,1,0,0,1,0,1,1,0,0,1,0,0,1,1,0,1,1,1,1,1,1,0,0.0,-4663.47,1
0,1,1,0,0,0,1,0,1,0,1,1,0,0,0,0,1,1,0,1,0,1,1,0,0,0,1,1,0,1,1,0,0,0,0,1,1,0,1,1,0,0,1,0,1,0,1,1,1,1,1,1,0,0,1,0,0,1,1,1,0,0,0,0,1,0,0,0,1,1,0,0,1,0,1,0,1,1,0,1,1,0,0,1,1,1,1,0,0,0,1,1,1,1,1,0,0,1,0,1,1,0,1,0,0,1,1,0,1,0,0,0,1,0,1,1,0,0,0,0,0,1,1,0,1,1,0,0,1,0,1,0,1,1,1,1,0,0,0,1,1,0,1,0,0,0,0,1,0,0,0,0,1,1,0,0,1,1,1,1,1,1,0,0,1,0,1,1,1,0,1,1,0,1,1,0,1,1,0,1,0.0,-4663.260000000002,1
1,0,0,0,1,1,1,0,1,0,0,0,0,1,0,1,0,1,1,0,0,0,1,0,1,1,1,1,1,1,0,1,0,0,1,0,1,1,1,0,1,1,1,1,0,0,0,1,1,1,1,0,0,0,0,0,0,1,0,1,1,0,1,0,0,1,1,0,0,1,1,0,0,0,1,1,1,1,0,0,1,0,1,0,1,0,1,0,1,0,0,0,0,0,0,1,1,0,1,1,1,0,0,1,1,1,0,1,1,1,0,0,1,1,1,1,1,0,0,0,1,0,1,1,1,0,0,0,1,0,0,1,0,0,1,0,1,1,1,0,1,0,1,0,0,1,0,1,1,0,0,1,0,0,0,0,1,0,0,1,1,0,0,1,0,0,1,0,1,0,0,0,0,0,1,1,1,0,0,0,0.0,-4663.049999999999,1
0,1,1,0,1,1,0,0,1,0,0,0,0,1,0,1,1,0,1,0,1,0,0,0,1,0,1,1,1,1,0,1,0,0,1,1,1,1,1,0,0,1,1,1,0,1,1,1,0,1,0,1,0,1,0,1,0,0,1,1,0,1,1,0,0,1,1,0,0,0,0,0,0,0,1,0,1,1,1,0,1,0,0,1,1,0,1,1,1,0,0,0,0,0,1,1,0,1,1,1,1,0,0,1,0,1,1,1,1,0,0,0,1,1,1,0,1,0,0,1,1,0,1,1,0,0,0,0,1,0,1,1,0,1,1,0,1,0,0,0,1,1,1,1,0,1,1,1,0,0,0,1,0,1,0,0,1,0,0,1,1,0,0,0,0,0,1,1,0,0,0,0,0,1,1,0,1,0,0,1,0.0,-4663.049999999999,1
1,1,1,0,1,0,1,0,1,0,1,0,0,0,0,1,1,1,1,0,0,0,1,1,1,0,1,0,1,1,1,1,0,0,1,0,0,0,0,1,0,1,1,0,0,0,1,0,1,0,1,1,1,0,0,0,0,1,1,1,0,0,1,0,0,0,0,0,1,1,0,0,1,1,1,0,1,1,0,1,0,1,0,1,1,1,0,0,1,1,1,1,0,1,1,0,0,1,0,1,1,1,1,0,0,1,1,1,1,0,0,1,1,1,0,1,1,0,1,0,0,1,1,0,0,0,0,0,0,0,1,0,0,1,1,0,1,0,0,0,1,1,1,0,0,1,0,1,0,0,1,1,0,1,0,0,0,1,0,1,0,0,0,1,0,1,1,1,1,1,0,0,0,1,0,0,1,0,0,1,0.0,-4662.989999999998,1
0,0,0,1,1,0,1,1,0,1,1,1,1,1,1,1,1,1,1,0,0,0,1,1,1,0,0,1,1,0,1,1,0,1,1,0,1,0,0,1,1,1,1,0,0,1,0,1,0,0,1,0,1,0,0,0,1,1,0,0,1,1,1,0,0,0,1,1,1,1,1,0,1,0,0,0,0,0,0,1,1,0,0,1,1,1,0,0,1,0,0,1,0,1,0,0,1,1,0,1,0,0,1,0,1,1,0,1,1,1,1,0,0,1,0,1,1,1,0,0,0,1,1,1,1,0,0,1,1,1,0,0,0,0,1,0,1,1,1,0,0,1,0,0,0,1,0,1,1,0,0,1,0,0,1,1,1,1,0,0,1,0,1,1,0,0,0,1,1,0,0,0,1,0,0,1,1,0,1,0,0.0,-4662.9,1
0,1,1,1,1,1,0,0,1,0,0,0,0,1,1,1,1,0,1,0,1,0,0,0,1,0,0,1,1,1,0,1,1,1,1,0,1,1,1,0,0,1,1,1,0,1,1,1,0,0,0,1,0,1,0,1,1,0,1,0,0,1,1,0,0,1,1,1,0,0,0,0,0,0,0,0,1,1,1,1,1,0,0,1,0,1,0,1,1,0,1,0,0,0,1,0,0,1,0,1,1,0,1,1,0,1,1,1,1,0,1,0,1,1,1,0,1,0,0,1,0,1,1,1,0,0,0,0,1,1,1,1,0,1,1,0,1,0,0,0,1,1,1,1,0,1,1,1,0,0,0,1,0,1,1,1,1,1,0,0,1,0,0,0,0,1,0,1,0,0,0,0,0,1,1,0,1,0,1,1,0.0,-4662.679999999999,1
0,0,0,1,1,1,0,1,0,1,0,1,1,1,1,1,0,0,1,0,1,0,0,1,1,0,1,1,1,0,0,1,1,0,1,0,1,0,0,1,1,1,1,0,0,1,0,1,0,1,0,0,1,1,0,1,1,0,0,0,1,1,1,0,0,1,1,1,0,0,1,0,1,1,0,0,0,0,1,0,1,1,0,1,0,0,1,1,1,0,0,0,0,1,0,1,1,1,1,1,0,0,0,0,1,1,0,1,1,1,1,0,0,1,0,0,1,1,0,1,1,0,1,1,0,0,0,1,1,1,0,0,0,0,1,0,1,1,1,0,0,0,0,1,0,1,1,1,1,0,0,1,0,0,1,1,1,0,0,0,1,0,1,1,0,0,0,1,0,1,0,0,1,0,0,1,1,0,1,0,0.0,-4662.67,1
1,1,0,1,0,0,1,1,0,1,1,0,1,0,1,0,0,1,0,1,0,1,1,0,0,1,1,0,0,0,1,0,0,0,0,1,0,1,0,0,1,0,1,1,1,0,0,0,1,0,1,0,1,1,1,0,1,1,0,0,0,0,0,0,1,0,0,1,1,1,1,0,1,0,0,1,0,0,0,0,0,0,1,0,1,1,0,1,0,1,1,1,1,0,0,1,1,0,1,1,0,1,0,1,1,1,0,0,1,0,1,0,0,0,1,1,0,1,1,0,0,0,1,0,0,1,0,1,0,1,0,1,1,0,1,1,0,1,1,1,0,1,0,1,0,0,1,1,1,0,1,0,1,0,1,1,0,0,1,0,1,1,1,1,1,1,0,0,0,0,1,1,1,0,1,1,1,1,1,0,0.0,-4662.569999999999,1
0,0,0,1,1,1,0,1,0,1,1,0,1,0,1,1,0,0,1,0,1,0,0,1,1,1,1,1,1,0,0,1,1,0,1,0,1,1,0,1,1,1,1,0,0,1,0,1,0,1,0,0,1,1,0,1,1,0,0,0,1,1,1,0,0,1,0,1,0,0,1,0,1,1,0,1,0,0,1,0,1,1,1,0,0,0,1,1,1,1,1,0,0,1,0,1,1,0,1,1,0,0,0,0,1,1,0,1,1,1,1,1,0,1,0,0,1,1,0,1,1,0,1,0,0,0,0,1,1,1,0,1,0,0,1,0,1,1,1,0,0,0,0,1,0,1,1,1,1,0,1,1,0,0,1,1,1,0,0,0,0,0,1,1,0,0,0,0,0,1,0,0,1,0,0,1,1,0,1,0,0.0,-4662.5,1
1,1,1,0,0,1,0,0,1,0,1,0,0,0,0,0,0,0,0,1,1,1,0,0,0,0,0,0,0,1,0,0,1,1,0,1,0,0,1,1,0,0,1,0,1,1,0,0,0,1,0,1,0,0,1,1,0,0,0,1,0,1,0,0,1,1,0,0,0,0,1,0,1,1,1,0,1,1,1,1,0,0,0,1,0,0,1,0,0,1,1,0,1,1,1,1,0,1,0,1,1,1,0,0,0,0,1,0,1,0,0,0,1,0,1,0,0,0,1,1,1,1,1,0,0,1,0,0,0,0,0,0,1,1,1,1,0,0,0,1,1,1,1,0,0,0,1,1,0,1,1,0,1,1,0,0,0,0,1,1,1,1,0,1,1,1,1,1,1,0,1,1,0,0,1,0,1,1,0,1,0.0,-4662.459999999999,1
0,0,0,0,0,0,0,1,0,1,0,0,1,0,0,1,0,0,1,1,1,1,0,0,0,0,0,1,0,0,0,0,1,1,1,0,1,1,0,0,1,0,1,1,1,1,0,1,0,0,0,0,1,1,1,1,0,0,0,1,1,1,1,0,1,0,1,0,1,0,1,0,0,1,1,0,0,0,1,0,1,1,0,1,0,1,0,1,0,0,1,1,1,0,0,1,1,1,1,1,0,0,0,1,1,1,0,0,1,1,0,0,0,0,1,0,1,1,0,1,0,0,1,0,0,0,0,1,1,0,0,1,1,0,1,0,1,1,1,0,0,0,0,1,0,0,0,1,1,0,0,0,0,0,0,1,1,0,1,1,1,1,1,1,1,0,1,1,0,1,0,0,1,0,1,1,1,1,0,0,0.0,-4662.37,1
1,0,0,0,1,0,0,1,0,1,1,1,1,0,1,1,0,0,1,0,1,0,0,1,1,1,0,0,1,0,1,1,1,1,1,0,0,0,0,1,1,1,1,0,0,1,0,1,0,1,0,0,1,1,0,1,0,0,0,1,1,1,1,0,0,0,0,1,1,0,1,0,1,0,1,1,0,0,1,0,0,0,1,0,0,1,1,1,1,1,0,1,0,1,0,1,1,1,1,1,0,0,0,0,1,1,0,1,1,1,0,0,0,1,0,0,1,1,0,1,0,0,1,0,0,0,0,1,1,0,0,0,0,0,1,0,1,1,1,0,0,0,0,1,0,1,0,1,1,0,1,1,0,0,0,1,1,0,0,0,1,0,1,0,0,0,1,1,0,0,0,0,1,0,0,1,1,0,1,0,0.0,-4662.339999999998,1
0,1,1,1,0,1,1,0,1,0,1,0,0,1,1,0,1,1,0,1,0,1,1,1,0,0,1,0,0,1,0,0,0,0,0,1,0,0,1,1,1,1,1,0,1,0,0,1,1,0,1,1,0,0,1,0,1,1,1,0,0,0,0,0,1,1,0,1,0,1,0,0,1,0,0,0,1,1,0,1,0,0,0,1,1,0,0,0,0,1,0,0,1,1,1,0,0,1,0,1,1,0,1,0,0,1,1,1,1,0,1,0,1,0,0,1,0,0,0,0,1,1,1,1,0,1,0,0,1,1,1,0,1,1,1,1,0,0,0,1,1,1,1,0,0,0,0,1,1,0,1,0,1,0,1,0,1,1,0,0,1,1,0,0,1,0,0,1,1,0,1,1,0,1,0,1,1,1,1,0,0.0,-4662.280000000001,1
0,1,0,1,0,1,0,0,1,0,1,1,0,0,1,0,0,0,0,1,0,1,1,0,0,1,1,1,0,1,0,0,1,0,0,1,1,0,1,1,1,0,1,0,1,1,0,0,0,0,0,0,0,1,1,1,1,0,0,0,0,1,0,0,1,1,0,1,0,0,1,0,1,0,0,1,1,1,0,0,1,0,1,0,0,0,0,1,0,1,0,0,1,1,0,1,1,0,1,1,1,1,0,0,1,1,0,0,1,1,1,1,1,0,1,0,0,1,1,0,1,0,1,0,0,1,0,0,0,1,0,0,1,0,1,1,0,1,1,1,1,0,1,1,0,0,1,1,1,0,1,0,1,0,1,0,0,0,1,0,0,1,0,0,1,0,0,0,0,0,1,1,0,0,1,1,1,1,1,0,0.0,-4662.2699999999995,1
0,1,1,1,0,0,1,0,1,0,1,1,0,0,1,0,1,1,0,1,0,1,1,0,0,1,1,0,0,1,1,0,0,0,0,1,0,1,1,0,0,0,0,1,1,0,0,1,1,0,1,1,0,1,1,0,1,1,1,0,0,0,0,1,1,0,0,1,1,1,0,1,1,0,0,1,1,1,0,0,0,0,1,0,1,1,0,1,0,1,0,1,1,0,1,1,0,1,1,0,1,0,0,0,0,0,0,0,0,0,1,0,1,0,1,1,0,0,0,0,0,0,0,0,1,1,1,0,1,1,1,1,1,1,0,1,0,0,0,1,1,0,1,1,1,0,1,0,0,1,1,0,1,1,1,0,1,0,1,0,1,1,0,0,1,0,0,1,0,0,1,1,0,1,1,0,0,1,1,1,0.0,-4662.210000000002,1
1,0,1,1,0,0,0,0,1,0,1,1,0,1,1,0,1,0,0,1,1,1,0,0,0,1,0,0,0,1,0,0,1,1,0,1,0,0,1,1,1,0,1,0,1,1,1,0,0,1,0,1,0,1,1,1,1,0,1,0,1,1,0,0,1,0,0,1,1,0,0,0,1,0,0,1,1,1,1,0,0,0,1,0,0,1,1,1,0,1,0,1,1,1,1,1,0,1,1,1,1,1,0,0,0,1,1,0,1,0,1,0,1,0,1,0,0,0,1,1,0,0,1,1,1,1,0,0,0,1,1,0,1,1,1,1,0,0,0,1,1,0,1,1,0,0,1,1,1,0,0,1,1,0,1,0,0,0,1,0,1,1,0,0,1,1,0,1,0,0,1,1,0,1,1,1,1,1,1,0,0.0,-4662.079999999999,1
1,0,0,0,1,0,0,1,0,1,1,0,1,0,0,1,0,0,1,0,1,0,0,1,1,0,0,0,1,0,0,1,1,1,1,0,0,0,0,1,1,1,1,0,0,1,0,0,0,1,0,0,1,0,0,1,0,0,0,1,1,1,1,0,0,0,0,0,1,0,1,0,1,0,1,0,0,0,0,1,0,0,0,1,0,0,1,0,1,1,0,1,0,1,0,1,1,1,0,1,0,1,0,0,1,1,0,1,1,1,0,0,0,1,0,0,1,1,1,1,1,1,1,0,0,0,0,1,0,0,0,0,0,0,1,0,1,1,1,0,0,1,0,0,0,1,0,1,1,0,0,1,0,0,0,1,0,0,0,1,1,0,1,1,0,0,1,1,1,0,0,0,1,0,0,1,1,0,0,0,0.0,-4661.7,1
1,1,0,1,0,1,0,0,1,0,1,1,0,0,1,0,0,0,0,1,1,1,0,1,0,1,1,0,0,1,0,0,0,0,0,1,0,1,1,0,1,0,1,1,1,1,1,0,0,0,0,0,0,1,1,1,1,0,0,0,0,1,0,0,1,1,1,1,0,0,1,0,1,0,0,1,1,1,1,0,0,0,1,0,1,0,0,0,0,1,1,0,1,0,0,0,1,0,1,1,1,1,1,1,1,1,0,0,1,1,1,1,1,0,0,0,0,1,1,1,1,0,1,0,0,1,0,0,0,1,0,1,1,0,1,1,0,1,1,1,1,0,1,0,0,0,0,1,1,0,1,0,1,0,1,0,0,1,1,0,0,1,0,1,1,1,0,0,1,0,1,1,0,0,0,1,1,1,1,0,0.0,-4661.36,1
0,1,0,1,0,0,1,0,1,0,1,0,0,0,1,0,0,1,0,1,0,1,1,0,0,1,1,0,0,1,0,0,0,0,0,1,0,0,1,1,1,0,1,0,1,0,1,0,1,0,1,0,0,1,1,0,1,1,0,0,0,0,0,0,1,0,1,1,1,1,1,1,1,0,0,1,1,1,0,0,0,0,1,0,1,1,0,1,0,1,0,1,1,1,0,1,1,0,1,0,1,1,0,0,1,1,0,0,1,1,1,0,1,0,1,1,0,1,1,0,0,0,1,0,0,1,0,0,0,1,0,0,1,0,1,1,0,1,1,1,1,0,1,1,0,0,1,1,1,0,1,0,1,0,1,0,0,0,1,0,1,1,0,1,1,1,0,0,0,0,1,1,0,0,1,1,1,1,1,0,0.0,-4660.919999999999,1
1,1,0,0,1,1,0,1,0,1,1,0,1,0,0,1,0,0,1,0,1,0,0,1,1,0,0,1,1,0,0,1,1,1,1,0,1,0,0,1,1,1,1,0,0,1,0,1,0,1,0,0,1,1,0,1,0,0,0,1,0,1,1,0,0,1,1,0,0,0,1,0,1,0,1,0,0,0,1,0,1,0,0,1,0,0,1,0,0,1,1,0,0,1,0,1,1,1,1,1,0,0,0,0,1,1,0,1,1,1,0,0,0,1,0,0,1,1,0,1,1,0,1,0,1,0,0,1,1,0,0,0,0,0,1,0,1,1,1,0,0,0,0,0,0,1,0,1,1,0,1,1,0,0,0,1,1,0,0,1,1,0,1,1,0,0,1,1,0,0,0,0,1,0,0,1,1,0,0,0,0.0,-4660.550000000001,1
1,1,1,1,0,1,0,0,1,0,1,1,0,0,1,0,1,0,0,1,1,1,0,0,0,1,1,0,0,1,0,0,1,0,0,1,0,0,1,1,1,0,1,0,1,1,1,0,0,1,0,1,0,1,1,1,1,0,1,0,0,1,0,0,1,1,1,1,0,0,0,0,1,0,0,1,1,1,1,0,0,0,1,0,0,0,1,1,0,1,0,0,1,1,1,0,0,1,1,1,1,1,1,0,0,0,1,0,1,1,1,0,1,0,1,0,0,0,1,1,1,0,1,0,1,1,0,0,0,1,1,0,1,1,1,1,0,0,0,1,1,0,1,1,0,0,0,1,1,1,1,0,1,0,1,0,0,1,1,0,1,1,0,1,1,1,0,1,0,0,1,1,0,1,1,1,1,1,1,0,0.0,-4660.4,1
1,1,0,1,1,0,1,1,0,1,1,1,1,0,1,1,0,1,1,0,0,0,1,0,1,1,0,0,1,0,1,1,0,1,1,0,0,0,0,1,1,1,0,0,0,0,0,1,1,1,1,0,1,1,0,0,1,1,0,0,0,0,1,1,0,0,1,1,1,1,1,1,1,1,0,1,0,0,1,0,0,1,1,0,1,1,1,1,1,1,0,1,0,1,0,0,1,0,1,0,0,0,1,0,1,0,0,1,0,0,1,1,0,1,1,1,1,1,0,0,0,0,0,0,0,0,1,1,1,1,0,0,0,0,0,0,1,1,1,0,0,0,0,1,1,1,0,0,1,1,0,1,0,0,1,1,1,1,0,0,0,0,1,1,0,0,0,0,0,1,0,0,1,0,1,1,0,0,1,0,0.0,-4660.17,1
1,0,1,0,1,0,0,1,0,1,1,1,1,0,1,1,0,0,1,0,1,0,0,1,1,0,1,1,1,0,1,1,1,0,1,0,1,0,0,1,0,1,1,0,0,1,1,1,0,1,0,1,1,0,0,1,0,0,1,1,1,1,1,0,0,0,0,1,1,0,0,0,1,1,1,0,0,0,1,1,1,1,0,1,0,1,1,0,1,0,0,1,0,1,1,1,1,1,0,1,0,0,0,0,0,1,1,1,1,0,0,0,0,1,0,0,1,0,0,1,0,1,1,0,1,0,0,1,1,0,1,0,0,1,1,0,1,0,0,0,0,1,0,0,0,1,0,1,0,0,0,1,0,1,0,1,1,0,0,0,1,0,1,0,0,0,1,1,1,1,0,0,1,1,0,0,1,0,1,1,0.0,-4660.159999999999,1
1,0,1,0,0,1,0,0,1,0,1,0,0,0,0,1,1,0,1,1,1,0,0,1,1,0,0,1,1,1,0,0,0,1,1,0,1,0,1,1,0,1,0,0,0,1,0,0,0,1,0,1,0,0,0,1,0,0,1,1,1,1,1,1,0,1,0,0,0,0,0,1,1,0,1,0,1,1,0,1,1,0,0,1,1,0,1,0,1,0,0,0,0,1,1,0,0,1,0,0,1,1,1,0,0,0,1,1,0,0,0,0,1,1,0,0,1,0,1,1,1,1,0,0,1,0,1,0,0,0,1,0,0,1,0,0,1,0,0,0,1,1,1,0,1,1,0,0,0,1,0,1,0,1,0,0,0,1,0,1,1,1,0,0,0,1,1,1,1,0,0,0,0,1,0,0,0,0,0,1,0.0,-4659.859999999998,1
1,0,0,1,0,0,0,1,0,1,1,1,1,1,1,0,1,0,0,1,1,1,0,1,0,1,0,0,0,0,0,0,1,1,0,1,0,0,1,1,1,0,1,0,1,1,0,1,0,0,0,0,1,0,1,1,1,0,1,0,1,1,0,0,1,0,0,1,1,0,0,0,1,1,0,1,0,0,1,1,0,1,1,0,0,0,0,0,0,1,0,0,1,1,0,1,1,0,0,1,0,0,0,0,1,1,0,0,1,1,1,1,0,0,0,0,0,1,0,1,1,1,1,1,0,1,0,1,1,1,1,0,1,0,1,1,0,1,1,1,0,1,0,0,0,0,1,1,1,0,1,0,1,0,1,1,1,0,1,0,0,1,1,0,1,0,0,0,1,1,1,1,1,1,0,1,1,1,1,0,0.0,-4659.850000000001,1
0,0,0,1,0,0,0,1,0,1,1,1,1,0,1,0,0,0,0,1,1,1,0,0,0,1,1,0,0,0,0,0,1,0,0,1,0,0,0,1,1,0,1,0,1,1,1,0,0,1,0,0,1,1,1,1,1,0,0,0,1,1,1,0,1,0,1,1,1,0,1,0,1,0,0,1,0,0,1,0,0,0,1,0,0,1,1,1,0,1,0,1,1,1,0,1,1,1,1,1,0,1,0,0,1,1,0,0,1,1,1,1,0,0,1,0,0,1,1,1,0,0,1,0,0,1,0,1,0,1,0,0,1,0,1,0,0,1,1,0,0,0,0,1,0,0,1,1,1,0,1,0,1,0,1,1,0,0,1,0,0,1,1,0,1,1,0,1,0,0,0,1,1,0,1,1,1,1,1,0,0.0,-4659.769999999999,1
1,1,0,1,0,0,0,1,0,1,1,0,1,1,1,0,0,0,0,1,1,1,0,1,0,0,1,0,0,0,0,0,1,0,0,1,0,1,0,0,1,0,1,1,1,1,0,1,0,1,0,0,1,0,1,1,1,0,0,0,0,1,0,0,1,0,1,1,1,0,1,0,1,1,0,0,0,0,1,0,0,1,0,1,0,1,1,0,0,0,0,1,1,0,0,0,1,1,1,1,0,0,1,0,1,1,0,0,1,0,1,0,0,0,0,0,0,1,0,1,0,0,1,1,0,1,0,1,1,1,0,1,1,0,1,1,0,1,1,1,0,0,0,0,0,0,1,1,1,0,0,0,1,0,1,1,1,1,1,0,1,1,1,1,1,0,0,1,1,1,1,1,1,0,0,1,1,1,1,0,0.0,-4659.590000000002,1
0,0,0,0,1,1,0,1,0,1,1,1,1,0,0,1,0,0,1,0,1,0,0,0,1,0,0,1,1,0,0,1,1,1,1,0,1,0,0,1,1,1,0,0,0,1,0,0,0,1,0,0,1,1,0,1,0,0,0,1,1,1,1,1,0,1,0,0,0,0,1,1,1,1,1,0,0,0,1,1,1,1,0,1,0,0,1,1,1,0,0,0,0,1,0,0,0,0,0,0,0,1,1,0,1,0,0,1,0,1,0,1,0,1,1,0,1,1,1,1,1,1,0,0,1,0,1,1,0,0,0,0,0,0,0,0,1,1,1,0,0,0,0,1,1,1,1,1,1,1,0,1,0,0,0,1,0,1,0,1,0,0,1,1,0,1,1,0,0,1,0,0,1,0,1,1,0,0,0,0,0.0,-4659.439999999999,1
1,1,0,0,0,0,0,1,0,1,0,1,1,1,0,0,0,0,0,1,1,1,0,0,0,1,1,0,0,0,0,0,1,0,0,1,0,1,0,0,1,0,1,1,1,1,0,1,0,0,0,0,1,1,1,1,0,0,0,1,0,1,0,0,1,0,1,0,1,0,1,0,0,0,1,1,0,0,1,0,0,0,1,0,0,1,0,1,0,1,0,1,1,0,0,1,0,0,1,1,0,0,0,1,1,0,0,1,1,0,0,1,0,0,1,0,0,1,0,1,0,0,1,1,0,1,0,1,1,0,0,1,1,0,1,1,0,1,1,1,0,0,0,1,0,0,1,1,1,1,1,0,1,0,0,1,1,0,1,1,0,1,1,1,1,0,1,0,0,0,1,1,1,0,1,1,1,1,0,0,0.0,-4659.35,1
0,1,0,0,0,1,1,0,1,0,1,1,0,1,1,0,0,1,0,1,0,1,1,0,0,1,1,0,0,1,1,0,0,0,0,1,0,0,1,1,1,0,1,0,1,0,0,0,1,1,1,0,0,0,1,0,0,1,0,1,0,0,0,0,1,1,0,1,0,1,1,0,1,0,1,1,1,1,0,0,0,0,1,0,1,0,1,1,0,1,1,0,1,1,0,0,1,0,1,1,1,1,1,0,1,1,0,0,1,1,0,0,1,0,1,1,0,1,1,0,1,0,1,1,0,1,0,0,0,0,0,0,1,0,1,1,0,1,1,1,1,0,1,1,0,0,1,1,1,0,1,0,1,0,0,0,0,1,1,0,1,1,0,0,1,1,1,0,0,0,1,1,0,0,1,1,1,1,1,0,0.0,-4659.299999999998,1
0,1,1,0,0,1,0,0,1,0,0,1,0,1,1,0,1,0,0,1,1,1,0,0,0,1,0,0,0,1,0,0,1,1,0,1,0,1,1,0,0,0,1,1,1,1,1,1,0,0,0,1,0,0,1,1,0,0,1,1,0,1,0,0,1,1,0,1,0,0,0,0,0,0,1,1,1,1,1,0,0,0,1,0,0,0,0,0,0,1,0,0,1,0,1,1,0,1,1,1,1,0,0,1,0,0,1,0,1,0,0,1,1,0,1,0,0,0,0,1,1,0,1,1,0,1,0,0,1,0,1,1,1,1,1,1,0,0,0,1,1,0,1,0,0,0,0,1,0,1,1,0,1,1,0,0,1,0,1,0,0,1,0,0,1,0,1,1,1,0,1,1,0,1,1,0,1,1,1,1,0.0,-4659.28,1
0,1,1,0,0,0,0,1,0,1,1,1,1,1,0,0,1,0,0,1,1,1,0,1,0,0,1,0,0,0,0,0,1,0,0,1,0,0,0,1,0,0,1,0,1,1,0,1,0,1,0,1,1,0,1,1,0,0,1,1,0,1,0,0,1,0,1,0,1,0,0,0,1,1,1,0,0,0,1,1,0,1,0,1,0,1,1,0,0,1,0,1,1,1,1,1,0,0,0,1,0,0,0,0,0,1,1,0,0,0,0,0,0,0,0,0,0,0,0,1,0,1,1,1,0,1,0,1,1,0,1,0,0,1,1,1,0,0,0,1,0,1,0,0,0,0,1,1,0,0,1,1,1,1,0,1,1,0,1,1,1,1,1,0,1,0,1,0,1,1,1,1,1,1,0,0,1,1,0,1,0.0,-4659.200000000003,1
1,1,1,1,0,1,1,0,1,0,1,0,0,0,1,0,1,1,0,1,0,1,1,0,0,1,1,0,0,1,0,0,0,0,0,1,0,0,1,1,0,0,0,0,1,1,1,1,0,0,1,1,0,1,1,0,1,1,1,0,0,1,0,1,1,1,0,1,0,1,0,1,1,0,0,1,1,1,0,0,0,0,1,0,1,0,0,1,0,0,1,0,1,1,1,0,0,0,1,0,1,0,1,0,0,0,1,0,0,0,1,0,1,0,1,1,0,0,0,0,1,0,0,0,0,1,1,0,1,1,1,0,1,1,0,1,0,0,0,1,1,0,1,1,1,0,0,0,0,1,0,0,1,1,1,0,1,1,1,0,1,1,0,0,1,0,0,0,0,0,1,1,0,1,1,0,0,1,1,1,0.0,-4659.13,1
0,1,0,0,1,0,0,1,0,1,1,0,1,0,0,1,1,0,1,0,1,0,0,1,1,0,1,1,1,0,0,1,1,0,1,0,1,0,0,1,1,1,1,0,0,1,1,0,0,1,0,0,1,0,0,1,0,0,1,1,0,1,1,0,0,0,1,0,1,0,0,0,1,0,1,0,0,0,1,1,1,0,0,1,0,1,1,0,1,0,0,1,0,1,0,0,1,1,0,1,1,1,1,0,1,1,0,1,1,1,0,0,0,1,0,0,1,1,1,1,0,1,1,0,1,0,0,1,0,0,1,0,0,0,1,0,1,1,1,0,0,1,0,0,0,1,1,1,1,0,0,1,0,0,0,1,0,1,0,1,1,0,1,0,0,1,1,1,1,0,0,0,0,1,0,1,1,0,0,0,0.0,-4659.0999999999985,1
0,0,0,0,1,1,1,1,0,1,1,0,1,0,1,1,0,1,1,0,0,0,1,0,1,1,0,1,1,0,0,1,0,1,1,0,1,0,0,1,0,1,0,0,0,0,0,0,1,0,1,0,1,1,0,0,0,1,0,1,1,0,1,1,0,1,0,1,0,1,1,1,1,1,1,1,0,0,0,0,1,1,1,0,1,1,0,1,1,0,1,0,0,1,0,1,1,0,1,0,0,1,0,0,1,0,0,1,0,1,0,0,0,1,1,1,1,1,1,0,0,0,0,0,0,0,1,1,0,0,0,0,0,0,0,0,1,1,1,0,0,0,0,1,1,1,0,0,0,1,0,1,0,1,0,1,0,0,0,0,1,0,1,1,0,1,1,0,0,1,0,0,1,0,1,0,0,0,1,1,0.0,-4658.919999999998,1
0,1,1,1,0,1,0,0,1,0,1,1,0,0,1,0,1,0,0,1,1,1,0,0,0,0,0,1,0,1,0,0,1,1,0,1,1,0,1,1,0,0,1,0,1,1,0,0,0,1,0,1,0,1,1,1,1,0,1,0,0,1,0,0,1,1,0,1,0,0,0,0,1,0,0,0,1,1,1,1,1,0,0,1,0,1,1,1,0,0,0,1,1,1,1,1,1,0,0,1,1,1,0,0,0,1,1,0,1,0,1,0,1,0,1,0,0,0,1,1,0,1,1,0,0,1,0,0,0,1,1,0,1,1,1,1,0,0,0,1,1,1,1,1,0,0,1,0,0,0,0,0,1,1,1,0,0,0,1,0,1,1,0,0,1,1,0,0,0,0,1,1,0,1,1,0,1,1,1,1,0.0,-4658.869999999999,1
0,1,0,0,1,0,0,0,1,0,0,1,0,1,0,1,0,0,1,0,1,0,0,1,1,1,0,1,1,1,0,1,1,1,1,0,1,1,1,0,1,1,1,1,0,1,0,1,0,0,0,0,0,0,0,1,0,0,0,1,0,1,1,0,0,0,1,0,1,0,1,0,0,0,1,1,1,1,1,0,1,0,1,0,0,1,0,1,1,0,1,1,0,0,0,0,1,1,1,1,1,0,1,1,1,1,0,1,0,1,0,0,1,1,0,0,1,1,0,1,0,0,1,1,1,0,0,0,1,0,0,1,0,0,1,0,1,1,1,0,1,0,1,1,0,1,0,1,1,0,0,1,0,0,0,0,1,1,0,1,1,0,0,1,0,1,1,1,0,0,0,0,0,0,0,1,1,0,0,0,0.0,-4658.44,1
1,0,0,1,1,0,0,1,0,1,0,1,1,0,1,1,0,0,1,0,1,0,0,0,1,1,1,1,1,0,0,1,1,0,0,0,1,0,0,1,1,1,1,0,0,1,0,1,0,1,0,0,1,1,0,1,1,0,0,0,1,1,1,0,0,0,0,1,1,0,1,0,0,1,0,1,0,0,1,0,1,1,1,0,0,1,1,1,1,0,1,1,0,1,0,1,1,0,1,1,0,0,0,0,1,1,0,1,1,1,1,0,0,1,1,0,1,1,0,1,0,0,1,0,0,0,0,1,1,1,0,0,0,0,1,0,1,1,1,0,0,0,0,1,0,1,1,1,1,0,1,1,0,0,1,1,1,0,0,0,1,0,1,1,0,0,0,0,0,1,0,0,1,0,1,1,1,0,1,0,0.0,-4658.369999999999,1
1,1,1,0,0,0,0,1,0,1,0,0,1,0,0,0,1,0,0,1,1,1,0,1,0,1,0,1,0,0,0,0,1,1,0,1,1,1,0,0,0,0,1,1,1,1,1,0,0,0,0,1,1,1,1,1,0,0,1,1,0,1,0,0,1,0,1,0,1,0,0,0,0,0,1,1,0,0,1,0,1,1,1,0,0,1,0,0,0,0,1,1,1,0,1,1,0,0,1,1,0,1,0,1,0,1,1,0,1,0,0,1,0,0,0,0,0,0,1,1,0,0,1,0,0,1,0,1,0,0,1,1,1,1,1,1,0,0,0,1,0,0,0,0,0,0,1,1,0,0,0,0,1,1,0,1,0,0,1,1,0,1,1,0,1,1,1,0,1,1,1,1,1,1,0,0,1,1,0,1,0.0,-4658.33,1
1,0,1,1,0,0,1,1,0,1,1,0,1,1,0,0,0,1,0,1,0,1,1,0,0,1,1,0,0,0,1,0,0,0,0,1,0,0,0,1,0,0,1,0,1,0,1,1,1,0,1,1,1,1,1,0,1,1,1,0,1,0,0,0,1,0,1,0,1,1,0,0,1,1,0,1,0,0,0,0,0,1,1,0,1,1,0,1,0,1,1,1,1,1,1,0,0,0,1,1,0,0,1,0,0,1,1,0,1,1,1,1,0,0,1,1,0,0,0,0,0,0,1,1,0,1,0,1,1,1,1,0,1,1,1,1,0,0,0,1,0,0,0,1,0,0,1,1,0,0,1,0,1,1,1,1,1,1,1,1,0,1,1,1,1,0,0,0,0,1,1,1,1,1,1,0,1,1,0,1,0.0,-4658.15,1
1,0,1,1,0,1,1,0,1,0,1,1,0,1,1,0,1,1,0,1,1,1,0,1,0,1,1,0,0,1,1,0,0,0,0,1,0,0,1,1,0,0,1,0,1,0,1,1,1,1,1,1,0,0,1,0,1,1,1,0,1,0,0,0,1,1,0,1,0,1,0,1,1,0,0,1,1,1,1,0,0,0,1,0,1,0,1,0,0,1,0,0,1,1,1,1,0,0,1,0,1,0,0,0,0,1,1,0,1,0,1,1,1,0,0,1,0,0,0,1,1,0,1,1,0,1,0,0,1,1,1,0,1,1,1,1,0,0,0,1,1,0,1,0,0,0,0,1,0,0,1,0,1,1,1,0,1,0,1,0,0,1,0,0,1,0,0,0,1,0,1,1,0,1,0,0,1,1,1,1,0.0,-4657.980000000001,1
1,0,0,1,1,0,0,1,0,1,0,1,1,0,1,1,0,0,1,0,1,0,0,0,1,0,0,0,1,0,0,1,1,1,1,0,0,1,0,0,1,1,1,1,0,1,0,0,0,0,0,0,1,0,0,1,1,0,0,0,1,1,1,0,0,0,0,1,1,0,1,0,0,1,0,0,0,0,1,1,0,1,0,1,0,1,0,0,0,1,0,1,0,0,0,1,1,0,0,1,0,1,0,1,1,1,0,1,1,1,1,0,0,1,1,0,1,1,1,1,0,1,1,0,0,0,0,1,0,1,0,1,0,0,1,0,1,1,1,0,0,0,0,0,0,1,1,1,1,0,1,1,0,0,1,1,0,0,0,0,1,0,1,1,0,0,0,0,1,1,0,0,1,0,1,1,1,0,1,0,0.0,-4657.89,1
0,1,1,0,1,1,0,0,1,0,1,0,0,1,1,1,1,0,1,0,1,0,0,1,1,1,1,1,1,1,0,1,1,0,1,0,1,0,1,1,0,1,0,0,0,1,1,0,0,0,0,1,0,0,0,1,0,0,1,1,0,1,1,1,0,1,0,1,0,0,0,1,1,1,1,1,1,1,1,0,1,0,1,0,0,0,0,0,1,0,0,0,0,1,1,1,0,1,1,0,1,1,0,0,0,0,1,1,0,1,0,1,1,1,0,0,1,0,1,1,1,0,0,1,1,0,1,0,0,0,1,0,0,1,0,0,1,0,0,0,1,0,1,0,1,1,1,0,0,1,0,1,0,1,0,0,0,0,0,0,0,0,0,0,0,1,1,1,1,0,0,0,0,1,0,0,0,0,1,1,0.0,-4657.689999999999,1
0,1,1,0,1,1,0,0,1,0,0,0,0,0,0,1,1,0,1,0,1,0,0,0,1,0,1,1,1,1,0,1,1,0,0,0,1,1,1,0,0,1,1,1,0,1,1,0,0,1,0,1,0,1,0,1,0,0,1,1,0,1,1,0,0,1,1,0,0,0,0,0,0,0,1,0,1,1,0,0,1,0,0,1,0,0,1,1,1,1,1,0,0,0,1,1,0,1,1,1,1,1,0,1,0,0,1,1,1,1,0,0,1,1,1,0,1,0,1,1,1,0,1,0,1,0,0,0,0,0,1,1,0,1,1,0,1,0,0,0,1,0,1,1,0,1,0,1,0,1,1,1,0,1,0,0,0,0,0,1,1,0,0,1,0,1,1,1,0,0,0,0,0,1,1,0,1,0,0,1,0.0,-4657.659999999997,1
1,1,1,0,1,1,0,0,1,0,1,0,0,1,0,1,1,0,1,0,1,0,0,0,1,1,0,1,1,1,0,1,1,1,1,0,1,0,0,1,0,1,1,0,0,1,1,1,0,0,0,1,1,1,0,1,0,0,1,1,0,1,1,0,0,1,0,0,0,0,0,0,1,0,1,1,1,1,0,0,1,0,1,0,0,0,0,1,1,0,0,0,0,1,1,1,0,0,1,1,1,0,0,0,0,1,1,1,1,0,0,0,1,1,1,0,1,1,0,1,1,0,1,1,0,0,0,0,1,0,1,0,0,1,1,0,1,0,0,0,1,0,1,1,0,1,1,1,0,0,0,1,0,1,0,0,1,0,0,1,1,0,0,1,0,0,1,0,0,0,0,0,0,1,1,0,1,0,0,1,0.0,-4657.38,1
0,1,1,0,0,0,1,0,1,0,0,0,0,0,0,0,1,1,0,1,0,1,1,0,0,1,1,0,0,1,1,0,0,0,0,1,0,0,1,1,1,0,1,0,1,0,1,0,1,0,1,1,0,1,1,0,0,1,1,1,0,0,0,0,1,0,0,0,1,1,0,0,0,0,1,1,1,1,0,1,0,0,1,0,1,1,0,1,0,1,1,1,1,1,1,1,0,0,0,1,1,1,0,0,0,1,1,0,1,0,0,1,1,0,1,1,0,0,1,0,0,1,1,0,0,1,0,0,0,0,1,0,1,1,1,1,0,0,0,1,1,1,1,1,0,0,1,1,1,0,1,0,1,0,0,0,0,0,1,1,0,1,0,0,1,1,1,0,0,0,1,1,0,1,1,1,1,1,0,0,0.0,-4657.279999999998,1
1,1,0,1,0,0,0,1,0,1,0,1,1,1,1,0,0,0,0,1,1,1,0,1,0,1,1,0,0,0,0,0,0,0,0,1,0,1,0,0,1,0,0,1,1,1,0,1,0,1,0,0,1,1,1,1,1,0,0,0,0,1,0,1,1,0,1,1,1,0,1,1,0,0,0,1,0,0,1,0,0,1,1,0,1,1,1,0,0,1,0,1,1,0,0,1,1,0,1,0,0,0,0,1,1,0,0,0,0,1,1,1,0,0,0,0,0,1,0,1,0,0,0,1,0,1,1,1,1,1,0,1,1,0,0,1,0,1,1,1,0,0,0,0,1,0,0,1,1,1,1,0,1,0,1,1,1,0,1,0,0,1,1,1,1,0,0,0,1,1,1,1,1,0,0,1,0,1,1,0,0.0,-4657.16,1
0,0,0,1,1,0,0,1,0,1,1,0,1,0,0,1,0,0,1,0,1,0,0,0,1,1,1,0,1,0,1,1,1,0,1,0,0,0,0,1,1,1,1,0,0,1,1,1,0,1,0,0,1,1,0,1,1,0,0,0,1,1,1,0,0,0,0,0,1,0,1,0,1,1,0,1,0,0,1,0,0,1,1,0,0,1,1,1,1,1,1,1,0,1,0,1,1,0,1,1,0,0,0,0,1,1,0,1,1,1,1,1,0,1,1,0,1,1,0,1,0,0,1,0,1,0,0,1,1,1,0,0,0,0,1,0,1,1,1,0,0,0,0,1,0,1,1,1,1,0,1,0,0,0,1,1,1,0,0,1,0,0,1,1,0,0,0,0,0,1,0,0,1,0,1,1,1,0,0,0,0.0,-4657.119999999999,1
0,0,1,0,0,1,0,0,1,0,0,1,0,0,0,0,1,0,0,1,1,1,0,1,0,0,0,1,0,1,0,0,1,1,0,1,1,1,1,0,0,0,0,1,1,1,1,0,0,1,0,1,0,1,1,1,0,0,1,1,1,1,0,1,1,1,0,0,0,0,0,1,0,0,1,0,1,1,1,1,1,0,0,1,0,0,1,0,0,0,1,0,1,0,1,1,1,1,0,0,1,1,0,1,0,0,1,0,0,0,0,0,1,0,0,0,0,0,1,1,1,1,0,0,1,1,1,0,0,0,1,1,1,1,0,1,0,0,0,1,1,1,1,0,1,0,1,0,0,1,0,0,1,1,0,0,0,0,1,1,1,1,0,1,1,1,1,1,0,0,1,1,0,1,0,0,0,1,0,1,0.0,-4656.979999999999,1
1,0,0,1,0,1,0,0,1,0,0,1,0,1,1,0,0,0,0,1,1,1,0,1,0,1,1,0,0,1,0,0,1,0,0,1,0,1,1,0,1,0,1,1,1,1,0,1,0,0,0,0,0,1,1,1,1,0,1,0,1,1,0,0,1,1,0,1,0,0,1,0,0,0,0,1,1,1,1,1,0,0,1,0,0,0,0,0,0,1,1,0,1,0,0,1,1,1,0,1,1,0,0,1,1,1,0,0,1,1,1,0,1,0,0,0,0,1,0,1,1,1,1,1,0,1,0,0,1,1,0,1,1,0,1,1,0,1,1,1,1,1,1,0,0,0,1,1,1,0,1,0,1,0,1,0,1,0,1,0,1,1,0,1,1,0,0,1,1,0,1,1,0,1,0,1,1,1,1,0,0.0,-4656.870000000001,1
0,0,0,0,0,0,0,1,0,1,0,1,1,0,0,1,0,0,1,1,1,1,0,1,1,0,1,0,0,0,0,0,1,0,0,0,0,1,0,0,1,0,1,1,0,1,0,0,0,1,0,0,1,0,0,1,0,0,0,1,1,1,1,0,1,0,1,0,1,0,1,0,0,1,1,0,0,0,1,1,0,1,0,1,0,1,1,0,1,1,1,1,0,0,0,0,1,0,0,1,0,1,1,1,1,1,0,0,1,1,0,1,0,1,0,0,1,1,1,1,0,1,1,0,1,0,0,1,0,0,0,1,0,0,1,0,1,1,1,0,0,1,0,0,0,1,0,0,1,0,1,1,0,0,0,1,0,1,1,1,0,1,1,1,0,1,1,0,1,1,0,0,1,0,0,1,1,0,0,0,0.0,-4656.819999999999,1
1,1,0,1,1,1,0,1,0,1,1,1,1,0,1,1,0,0,1,0,1,0,0,1,1,0,1,1,1,0,1,1,1,0,1,0,1,0,0,1,1,1,1,0,0,1,0,1,0,0,0,0,1,0,0,1,1,0,1,0,0,1,1,0,0,1,1,1,0,0,1,0,1,0,0,0,0,0,1,1,1,0,0,1,0,0,0,0,1,0,1,0,0,1,0,1,1,1,0,1,0,0,0,0,1,1,0,1,1,1,1,0,0,1,0,0,1,1,0,1,1,1,1,0,1,0,0,1,1,1,0,0,0,0,1,0,1,1,1,0,0,1,0,0,0,1,0,1,1,0,0,1,0,0,1,0,1,0,0,0,1,0,1,1,0,0,0,1,1,0,0,0,1,1,0,1,1,0,1,0,0.0,-4656.72,1
0,0,0,1,0,1,0,1,0,1,1,1,1,1,1,1,0,0,1,1,1,1,0,1,1,1,1,0,0,0,0,0,1,0,1,0,0,0,0,1,1,0,1,0,0,1,0,0,0,1,0,0,1,0,0,1,1,0,0,0,1,1,1,0,1,1,0,1,0,0,1,0,1,0,0,1,0,0,1,0,0,0,1,0,0,0,1,0,1,1,1,0,0,1,0,1,0,0,1,1,0,1,0,0,1,1,0,0,1,1,1,1,0,1,0,0,1,1,1,1,1,0,1,1,1,0,0,1,0,1,0,0,0,0,1,0,1,1,1,0,0,1,0,0,0,1,0,1,1,0,1,1,0,0,1,1,0,0,1,0,0,1,1,1,0,1,0,0,1,0,0,0,1,0,0,1,1,0,1,0,0.0,-4656.599999999999,1
0,0,0,0,0,0,0,1,0,1,1,1,1,0,0,0,0,0,0,1,1,1,0,1,0,1,1,0,0,0,0,0,0,0,0,1,0,0,0,1,1,0,1,0,1,1,0,1,0,0,0,0,1,1,1,1,0,0,0,1,1,1,0,0,1,0,0,0,1,0,1,0,1,1,1,1,0,0,1,0,0,1,1,0,1,0,0,1,0,0,0,1,1,1,0,0,1,0,1,1,0,0,1,0,1,1,0,0,1,1,0,0,0,0,0,0,0,1,0,1,1,0,1,0,0,1,0,1,1,0,0,0,1,0,1,1,0,1,1,1,0,0,0,1,0,0,1,1,1,0,0,0,1,0,0,1,1,1,1,1,1,1,1,1,1,0,1,0,0,1,1,1,1,0,0,1,1,1,0,0,0.0,-4656.57,1
1,1,1,1,0,1,0,0,1,0,1,1,0,0,1,0,1,0,0,1,1,1,0,1,0,1,1,0,0,1,0,0,1,0,0,1,0,0,1,1,0,0,0,0,1,1,1,0,0,1,0,1,0,0,1,1,1,0,1,0,0,1,0,1,1,1,0,1,0,0,0,1,1,1,0,1,1,1,1,0,0,1,1,0,0,0,1,0,0,0,1,0,1,1,1,1,0,0,1,0,1,1,0,0,0,0,1,0,0,1,1,1,1,0,0,0,0,0,1,1,1,0,0,0,1,1,1,0,0,1,1,0,1,1,0,1,0,0,0,1,1,1,1,0,1,0,1,1,0,1,0,0,1,1,1,0,0,0,1,0,0,1,0,0,1,1,0,0,1,1,1,1,0,1,0,0,0,1,1,1,0.0,-4656.35,1
0,1,0,1,0,0,0,0,1,0,1,0,0,1,1,0,0,0,0,1,1,1,0,0,0,0,1,0,0,1,0,0,0,0,0,1,0,0,1,1,1,0,1,0,1,1,0,1,0,1,0,0,0,0,1,1,1,0,0,0,0,1,0,0,1,0,0,1,1,0,1,0,1,1,0,0,1,1,1,1,0,1,0,1,1,1,1,1,0,1,0,1,1,1,0,1,1,1,0,1,1,0,0,0,1,1,0,0,1,1,1,0,1,0,1,0,0,0,0,1,0,1,1,1,0,1,0,0,1,1,0,0,1,0,1,1,0,1,1,1,1,1,1,1,0,0,1,1,1,0,1,0,1,0,1,0,1,0,1,0,1,1,0,1,1,1,0,1,1,1,1,1,0,0,1,1,1,1,1,0,0.0,-4656.25,1
0,1,1,1,0,1,0,0,1,0,0,0,0,0,1,0,1,0,0,1,1,1,0,1,0,1,1,0,0,1,0,0,1,0,0,1,0,1,1,0,0,0,1,1,1,1,1,0,0,0,0,1,0,1,1,1,1,0,1,0,1,1,0,0,1,1,1,1,0,0,0,0,0,1,0,1,1,1,1,0,0,0,1,0,0,0,0,0,0,1,0,0,1,0,1,1,0,0,1,1,1,1,0,1,0,1,1,0,1,0,1,1,1,0,0,0,0,0,1,1,1,0,1,0,1,1,0,0,0,1,1,1,1,1,1,1,0,0,0,1,1,1,1,0,0,0,1,1,0,0,1,0,1,1,1,0,0,0,1,0,0,1,0,0,1,1,0,0,0,0,1,1,0,1,0,0,1,1,1,1,0.0,-4656.200000000001,1
1,1,1,1,0,1,0,1,0,1,0,1,1,1,1,0,1,0,0,1,1,1,0,0,0,1,1,0,0,1,0,0,1,0,0,1,0,1,1,0,0,0,0,1,1,1,1,1,0,0,0,1,0,1,1,1,1,0,1,0,0,1,0,1,1,1,1,1,0,0,0,1,0,0,0,1,0,0,1,0,0,0,1,0,0,0,0,1,0,1,0,0,1,0,1,1,0,0,1,0,0,0,0,1,0,1,1,0,0,0,1,1,1,0,1,0,0,0,0,1,1,0,0,1,0,1,1,1,1,1,1,1,1,1,0,1,0,0,0,1,0,0,0,1,1,0,1,0,0,0,1,0,1,1,1,0,1,0,1,0,0,1,1,0,1,0,0,0,0,0,1,1,1,1,1,0,0,1,1,1,0.0,-4655.650000000001,1
1,1,1,1,1,1,0,0,1,0,1,0,0,1,1,1,1,0,1,0,1,0,0,0,1,1,1,1,1,1,0,1,1,0,1,0,1,0,1,1,1,1,1,0,0,1,1,0,0,0,0,1,0,1,0,1,1,0,1,0,0,1,1,0,0,1,0,1,0,0,0,0,1,1,0,1,1,1,0,0,1,1,1,0,0,0,0,1,1,0,1,0,0,1,1,1,0,0,1,1,1,1,0,0,0,1,0,1,1,0,1,0,1,1,1,0,1,0,1,1,1,0,1,1,1,0,0,0,0,1,1,0,0,1,1,0,1,0,0,0,1,0,1,1,0,1,1,1,1,0,0,1,0,0,1,0,0,0,0,0,1,0,0,0,0,1,0,0,0,1,0,0,0,1,1,1,1,0,1,0,0.0,-4655.629999999998,1
0,0,0,1,1,1,1,0,1,0,1,1,0,1,1,1,0,1,1,0,0,0,1,1,1,1,0,1,1,1,1,1,0,1,1,0,1,0,0,1,1,1,0,0,0,0,0,1,1,1,1,0,0,0,0,0,1,1,0,0,1,0,1,1,0,1,0,1,0,1,1,1,1,0,0,1,1,1,0,0,1,0,1,0,1,0,1,0,0,0,1,0,0,1,0,1,1,1,1,0,1,0,0,0,1,0,0,1,0,1,1,0,1,1,0,1,1,1,0,0,1,0,0,1,0,0,1,0,1,1,0,0,0,0,0,0,1,1,1,0,1,0,1,0,1,1,0,0,1,1,0,1,0,0,1,0,1,0,0,0,1,0,0,1,0,0,0,1,1,0,0,0,0,0,0,1,0,0,1,0,0.0,-4655.56,1
1,0,1,1,0,1,0,0,1,0,0,1,0,0,1,1,1,0,1,1,1,0,0,0,1,0,1,0,0,1,0,0,1,0,1,0,0,1,1,0,0,1,1,1,0,1,1,0,0,1,0,1,0,1,0,1,1,0,1,0,1,1,1,0,1,1,1,1,0,0,0,0,0,0,0,0,1,1,1,1,0,0,0,1,0,0,1,1,1,1,0,0,0,0,1,1,0,0,0,1,1,1,0,1,0,1,1,1,0,0,1,0,1,1,1,0,1,0,1,1,1,1,1,0,1,0,0,0,0,1,1,1,0,1,1,0,1,0,0,0,1,0,1,1,0,1,1,1,0,0,1,1,0,1,1,0,0,0,0,0,1,1,0,0,0,1,0,0,0,0,0,0,0,1,1,0,1,0,1,1,0.0,-4655.549999999999,1
0,0,0,1,0,0,0,1,0,1,1,1,1,0,1,0,0,0,0,1,1,1,0,0,0,0,1,1,0,0,1,0,1,0,0,1,1,0,0,1,0,0,0,0,1,1,0,0,0,0,0,0,1,0,1,1,1,0,0,0,1,1,0,1,1,0,0,1,1,0,1,1,1,0,0,0,0,0,1,1,1,0,0,1,0,1,0,0,0,1,1,1,1,1,0,1,1,1,0,0,0,1,0,0,1,0,0,0,0,1,1,0,0,0,1,0,0,1,1,1,0,1,0,0,0,1,1,1,0,1,0,0,1,0,0,1,0,1,1,1,0,1,0,0,1,0,1,0,0,1,1,0,1,1,1,1,0,0,1,0,1,1,1,0,1,1,0,1,1,0,1,1,1,0,1,0,0,1,1,1,0.0,-4655.490000000001,1
0,0,0,0,0,0,0,1,0,1,0,0,1,0,0,0,0,0,0,1,1,1,0,0,0,1,1,0,0,0,1,0,1,0,0,1,0,1,0,0,1,0,1,1,1,1,0,0,0,1,0,0,1,0,1,1,0,0,0,1,1,1,0,0,1,0,1,0,1,0,1,0,0,0,1,1,0,0,1,0,0,0,1,0,0,1,1,1,0,1,1,1,1,0,0,1,1,0,1,1,0,1,0,1,1,1,0,0,1,1,0,1,0,0,1,0,0,1,1,1,0,0,1,0,0,1,0,1,0,0,0,1,1,1,1,1,0,1,1,1,0,1,0,1,0,0,1,1,1,0,1,0,1,0,0,1,0,0,1,1,0,1,1,1,1,1,1,0,0,0,1,1,1,0,1,1,1,1,0,0,0.0,-4655.439999999999,1
0,0,1,0,1,0,0,0,1,0,0,0,0,0,0,1,1,0,1,0,1,0,0,0,1,0,1,1,1,1,1,1,1,0,1,0,1,1,1,0,1,1,1,1,0,1,0,0,0,1,0,1,0,1,0,1,0,0,1,1,1,1,1,0,0,0,0,0,1,0,0,0,0,0,1,0,1,1,1,0,1,0,0,1,0,1,1,1,1,0,0,1,0,0,1,1,0,1,1,1,1,1,0,1,0,1,1,1,1,0,0,0,1,1,1,0,1,0,1,1,0,0,1,0,0,0,0,0,0,0,1,1,0,1,1,0,1,0,0,0,1,0,1,1,0,1,0,1,1,0,0,0,0,0,0,0,0,0,0,1,1,0,0,0,0,1,1,1,0,0,0,0,0,1,1,1,1,0,0,0,0.0,-4655.439999999999,1
1,1,0,0,1,1,0,1,0,1,0,0,1,0,0,1,0,0,1,0,1,0,0,0,1,0,0,0,1,0,0,1,1,1,1,0,0,1,1,0,1,1,1,1,0,1,0,0,0,0,0,0,0,1,0,1,0,0,0,1,0,1,1,0,0,1,1,0,0,0,1,0,0,0,1,0,0,0,1,1,0,0,0,1,0,0,0,1,0,1,0,0,0,0,0,1,1,1,0,1,0,1,0,1,1,1,0,1,1,1,0,0,0,1,1,0,1,1,1,1,1,1,1,0,0,0,0,1,0,0,0,1,0,0,1,0,1,1,1,0,0,1,0,1,0,1,0,1,1,0,1,1,0,0,0,1,0,0,0,1,1,0,1,1,0,1,1,1,0,0,0,0,1,0,1,1,1,0,0,0,0.0,-4655.37,1
1,0,1,1,0,1,0,0,1,0,1,1,0,1,1,0,1,0,0,1,1,1,0,0,0,1,0,0,0,1,0,0,1,1,0,1,0,0,1,1,0,0,1,0,1,1,1,1,0,1,0,1,0,1,1,1,1,0,1,0,1,1,0,0,1,1,0,1,0,0,0,0,1,0,0,1,1,1,1,0,0,0,1,0,0,1,1,1,0,1,1,0,1,1,1,1,0,0,1,1,1,0,0,0,0,1,0,0,1,0,1,1,1,0,1,0,0,0,1,1,0,0,1,1,0,1,0,0,0,1,1,0,1,1,1,1,0,0,0,1,1,0,1,1,0,0,1,1,0,0,1,0,1,1,1,0,0,0,1,0,0,1,0,1,1,1,0,0,0,0,1,1,0,1,1,0,1,1,1,1,0.0,-4655.019999999999,1
0,0,1,0,0,1,1,0,1,0,0,1,0,0,0,0,1,1,0,1,0,1,1,0,0,1,1,0,0,1,1,0,0,0,0,1,0,1,0,0,1,0,0,1,1,0,1,1,1,0,1,1,1,1,1,0,0,1,1,1,1,0,0,1,1,1,0,0,0,1,0,1,0,0,1,1,1,1,0,0,0,0,1,0,1,0,0,1,0,0,1,0,1,0,1,0,0,0,1,0,1,0,1,1,0,0,1,0,0,0,0,1,1,0,1,1,0,0,0,0,1,0,0,0,0,1,1,0,1,0,1,1,1,1,0,1,0,0,0,1,1,0,1,1,1,0,1,0,1,1,0,0,1,0,0,0,1,1,1,1,0,1,0,0,1,0,1,0,0,0,1,1,0,1,1,1,0,1,0,0,0.0,-4655.0199999999995,1
1,0,1,1,0,0,1,0,1,0,1,0,0,1,1,0,1,1,0,1,0,1,1,1,0,0,0,1,0,1,1,0,0,1,0,1,1,0,1,1,0,0,0,0,1,0,1,0,1,1,1,1,0,0,1,0,1,1,1,0,1,0,0,1,1,0,0,1,1,1,0,1,1,0,0,0,1,1,1,1,1,0,0,1,1,0,1,0,0,0,1,0,1,1,1,0,0,0,0,0,1,1,1,0,0,0,1,0,0,0,1,1,1,0,0,1,0,0,1,0,1,1,0,1,0,1,1,0,0,1,1,0,1,1,0,1,0,0,0,1,1,1,1,0,1,0,0,0,0,1,0,0,1,1,1,0,0,1,1,0,0,1,0,1,1,1,0,0,1,0,1,1,0,1,0,0,0,1,1,1,0.0,-4654.929999999999,1
0,1,1,1,1,1,1,0,1,0,1,0,0,0,1,1,1,1,1,0,0,0,1,1,1,1,1,1,1,1,1,1,0,0,1,0,1,0,1,1,0,1,1,0,0,0,1,0,1,1,1,1,0,0,0,0,1,1,1,0,0,0,1,0,0,1,0,1,0,1,0,1,1,0,0,1,1,1,0,0,1,0,1,0,1,0,1,1,1,0,0,0,0,1,1,1,0,0,1,0,1,1,0,0,0,1,1,1,1,0,1,0,1,1,0,1,1,0,1,0,1,0,0,0,1,0,0,0,0,1,1,0,0,1,1,0,1,0,0,0,1,0,1,1,0,1,0,0,0,0,0,1,0,1,1,0,0,0,0,0,1,0,0,0,0,1,0,0,0,0,0,0,0,1,0,0,1,0,1,1,0.0,-4654.789999999999,1
1,0,1,1,0,1,0,0,1,0,0,0,0,0,1,0,1,0,0,1,1,1,0,0,0,0,1,1,0,1,0,0,1,0,0,1,1,0,1,0,0,0,1,1,1,1,1,1,0,0,0,1,0,1,1,1,1,0,1,0,1,1,0,0,1,1,1,1,0,0,0,0,0,0,0,0,1,1,1,0,1,0,0,1,0,0,0,1,0,0,1,0,1,0,1,1,0,1,1,1,1,0,0,1,0,1,1,0,1,0,1,0,1,0,1,0,0,0,0,1,1,0,1,0,1,1,0,0,1,1,1,0,1,1,1,1,0,0,0,1,1,1,1,1,0,0,1,1,0,0,0,0,1,1,1,0,1,0,1,0,1,1,0,0,1,0,0,1,0,0,1,1,0,1,1,0,1,1,1,1,0.0,-4654.640000000001,1
1,0,0,1,0,1,0,0,1,0,1,1,0,1,1,0,0,0,0,1,1,1,0,1,0,0,1,0,0,1,0,0,1,0,0,1,0,0,1,1,1,0,1,0,1,1,0,1,0,0,0,0,0,0,1,1,1,0,0,0,1,1,0,0,1,1,0,1,0,0,1,0,1,1,0,0,1,1,1,1,0,0,0,1,0,0,0,0,0,1,1,1,1,1,0,0,1,0,0,1,1,0,1,0,1,1,0,0,1,0,1,0,1,0,0,0,0,1,0,1,1,1,1,1,0,1,0,0,1,1,0,0,1,0,1,1,0,1,1,1,1,1,1,0,0,0,0,1,1,0,1,0,1,0,1,0,1,1,1,0,1,1,0,1,1,0,0,0,1,0,1,1,0,0,0,1,1,1,1,0,0.0,-4654.420000000001,1
0,1,0,1,1,1,0,1,0,1,1,1,1,1,1,0,0,0,0,0,1,0,0,0,1,1,0,1,1,0,0,1,1,1,0,1,1,0,0,1,1,1,1,0,0,1,0,1,0,0,0,0,1,1,0,1,1,0,0,0,0,1,0,0,0,1,0,1,0,0,1,0,1,1,0,1,0,0,1,0,1,1,1,0,0,1,0,1,1,0,1,1,0,1,0,0,1,0,1,1,0,0,1,0,1,1,0,1,1,1,1,1,0,1,1,0,0,1,0,1,0,0,1,1,0,1,0,1,1,1,0,0,0,0,1,1,0,1,1,1,0,1,0,1,0,1,1,1,1,0,0,1,1,0,1,1,1,1,0,0,0,0,1,0,0,0,0,0,0,1,1,1,1,0,1,1,1,0,1,0,0.0,-4654.25,1
1,0,0,1,0,1,1,0,1,0,0,0,0,1,1,0,0,1,0,1,0,1,1,0,0,1,1,0,0,1,1,0,0,0,0,1,0,0,1,1,1,0,0,0,1,0,0,1,1,0,1,0,0,1,1,0,1,1,0,0,1,0,0,1,1,1,0,1,0,1,1,1,0,0,0,1,1,1,0,0,0,0,1,0,1,0,0,1,0,1,0,0,1,1,0,1,1,0,1,0,1,0,0,0,1,0,0,0,0,1,1,0,1,0,1,0,0,1,0,0,1,0,0,1,1,1,1,0,1,1,0,0,1,0,0,1,0,1,1,1,1,0,1,1,1,0,1,0,1,1,1,0,1,0,1,0,1,0,1,0,1,1,0,0,1,0,0,0,0,0,1,1,0,0,1,1,0,1,1,0,0.0,-4654.19,1
0,1,1,1,0,1,0,0,1,0,0,1,0,1,1,0,1,0,0,1,1,1,0,1,0,1,1,1,0,1,0,0,0,0,0,1,0,1,1,0,1,0,1,1,1,1,1,1,0,0,0,1,0,0,1,1,1,0,1,0,0,1,0,0,1,1,1,1,0,0,0,0,0,1,0,1,1,1,1,0,1,1,1,0,1,0,0,0,0,0,0,0,1,0,1,1,0,1,1,1,1,0,0,1,0,1,1,0,1,0,1,1,1,0,0,0,0,0,0,1,1,0,1,1,0,1,0,0,1,1,1,1,1,1,1,1,0,0,0,1,1,0,1,0,0,0,0,1,1,0,0,0,1,0,1,0,1,0,1,0,0,1,0,0,1,0,0,1,1,1,1,1,0,1,0,1,1,1,1,0,0.0,-4654.110000000001,1
0,1,0,0,0,1,0,1,0,1,0,1,1,0,0,1,0,0,1,1,1,0,0,1,1,1,0,1,1,0,0,0,1,1,1,0,1,0,0,0,1,1,1,1,0,1,0,0,0,0,0,0,1,0,0,1,0,0,0,1,0,1,1,0,0,1,1,0,0,0,1,0,0,1,1,1,0,0,1,0,1,1,1,0,0,0,0,0,1,1,1,0,0,0,0,1,1,0,1,1,0,1,0,1,1,1,0,1,1,1,0,1,0,1,0,0,1,1,1,1,1,0,1,0,1,0,0,1,0,0,0,0,0,0,1,0,1,1,1,0,0,0,0,0,0,1,0,1,1,0,1,1,0,0,0,1,0,0,0,1,0,1,1,1,0,1,1,0,1,1,0,0,1,0,0,1,1,0,0,0,0.0,-4653.899999999999,1
1,0,1,1,1,1,0,0,1,0,0,0,0,0,1,1,1,0,1,0,1,0,0,0,1,1,1,0,1,1,1,1,1,0,1,0,0,1,1,0,0,1,1,1,0,1,1,0,0,1,0,1,0,1,0,1,1,0,1,0,1,1,1,0,0,1,1,1,0,0,0,0,0,0,0,1,1,1,1,0,0,0,1,0,0,1,1,1,1,1,0,1,0,0,1,1,0,0,1,1,1,1,0,1,0,0,1,1,1,0,1,0,1,1,1,0,1,0,1,1,0,0,1,0,0,0,0,0,0,1,1,1,0,1,1,0,1,0,0,0,1,0,1,1,0,1,1,1,0,1,1,1,0,1,1,0,0,0,0,0,1,0,0,1,0,1,0,0,0,0,0,0,0,1,1,0,1,0,1,1,0.0,-4653.8899999999985,1
1,1,0,0,0,1,0,1,0,1,1,1,1,0,0,0,0,0,0,1,1,1,0,0,0,0,1,0,0,0,0,0,0,0,0,1,0,0,0,1,1,0,1,0,1,1,1,1,0,1,0,0,1,1,1,1,0,0,0,1,0,1,0,0,1,1,0,0,0,0,1,0,1,1,1,0,0,0,1,0,0,1,0,1,1,0,1,1,0,1,1,0,1,1,0,1,1,1,1,1,0,0,0,0,1,1,0,0,1,1,0,0,0,0,1,0,0,1,0,1,1,0,1,0,0,1,0,1,1,0,0,0,1,0,1,1,0,1,1,1,0,1,0,1,0,0,1,1,1,0,1,0,1,0,0,1,1,0,1,1,1,0,1,1,1,0,1,1,0,1,1,1,1,0,1,1,1,1,0,0,0.0,-4653.72,1
0,1,1,0,1,0,1,0,1,0,1,0,0,1,0,1,0,1,1,0,0,0,1,1,1,0,1,1,1,1,1,1,0,0,1,0,1,0,0,1,0,1,1,0,0,0,0,1,1,0,1,1,0,1,0,0,0,1,0,1,0,0,1,0,0,0,0,0,1,1,1,0,1,1,1,0,1,1,0,1,1,1,0,1,1,1,0,1,1,0,1,1,0,1,1,0,0,1,0,1,1,0,1,0,0,1,1,1,1,0,0,0,1,1,0,1,1,0,0,0,0,1,1,1,1,0,0,0,1,0,0,0,0,1,1,0,1,0,0,0,1,1,1,1,0,1,0,1,0,0,0,1,0,1,0,0,1,1,0,1,1,0,0,1,0,0,1,1,0,1,0,0,0,0,0,0,1,0,0,1,0.0,-4653.499999999999,1
0,1,1,0,1,1,0,0,1,0,0,1,0,0,0,1,1,0,1,0,1,0,0,0,1,1,0,1,1,1,0,1,1,1,1,0,1,1,1,0,1,1,1,1,0,1,1,0,0,0,0,1,0,1,0,1,0,0,1,1,0,1,1,0,0,1,1,0,0,0,0,0,0,0,1,1,1,1,1,0,1,0,1,0,0,0,0,1,1,0,0,0,0,0,1,0,0,0,1,1,0,1,1,1,0,1,1,1,1,0,0,1,1,1,1,0,1,0,1,1,1,0,1,0,0,0,0,0,0,0,1,1,0,1,1,0,1,0,0,0,1,0,1,0,0,1,1,1,1,0,0,1,0,0,0,0,0,1,0,1,0,0,0,0,0,1,1,0,0,0,0,0,1,1,1,1,1,0,0,0,0.0,-4653.169999999999,1
1,0,0,1,1,1,1,1,0,1,0,0,1,0,1,1,0,1,1,0,0,0,1,1,1,0,0,1,1,0,0,1,1,1,1,0,1,1,0,0,1,1,0,1,0,1,0,0,0,1,1,0,1,0,0,0,1,1,0,0,1,1,1,0,0,1,1,1,0,1,1,0,0,0,0,0,0,0,0,1,1,0,0,1,0,0,1,0,1,0,1,0,0,0,0,0,0,1,0,1,0,1,1,1,1,1,0,1,1,1,1,0,0,1,0,1,1,1,1,0,1,1,1,0,0,0,0,1,0,1,0,1,0,0,1,0,1,1,1,0,0,1,0,0,0,1,0,1,1,0,0,1,0,0,1,1,0,1,0,0,1,0,1,1,0,1,0,1,1,0,0,0,1,0,0,1,1,0,1,0,0.0,-4653.069999999999,1
0,0,0,1,1,1,0,0,1,0,1,1,0,0,1,1,0,0,1,0,1,0,0,0,1,1,1,1,1,1,1,1,1,0,1,0,1,0,1,1,0,1,1,0,0,1,0,0,0,0,0,0,0,1,0,1,1,0,0,0,1,1,1,0,0,1,1,1,0,0,1,0,1,0,0,1,1,1,1,0,1,0,1,0,0,0,0,1,1,0,1,0,0,1,0,0,1,0,1,1,1,1,1,0,1,0,0,1,1,1,1,0,1,1,1,0,1,1,1,1,1,0,1,0,0,0,0,0,0,1,0,0,0,0,1,0,1,1,1,0,1,0,1,1,0,1,0,1,0,1,0,1,0,1,1,0,0,1,0,0,1,0,0,1,0,1,0,0,0,0,0,0,0,0,1,0,1,0,1,1,0.0,-4653.04,1
0,1,1,1,1,1,0,0,1,0,1,1,0,0,1,1,1,0,1,0,1,0,0,1,1,0,0,0,1,1,1,1,0,1,1,0,0,0,0,1,0,1,1,0,0,1,1,0,0,0,0,1,0,0,0,1,1,0,1,0,0,1,1,0,0,1,0,1,0,0,0,0,1,0,0,0,1,1,1,0,0,0,0,1,1,0,0,0,1,1,0,0,0,1,1,1,0,0,0,1,1,1,0,0,0,1,1,1,1,0,1,0,1,1,0,0,1,0,1,1,1,1,1,0,1,0,0,0,0,1,1,0,0,1,1,0,1,0,0,0,1,0,1,0,0,1,0,1,0,0,1,1,0,1,1,0,0,0,0,0,1,0,0,0,0,1,0,0,1,0,0,0,0,1,0,0,1,0,1,1,0.0,-4653.03,1
1,1,1,1,0,1,0,0,1,0,0,1,0,1,1,0,1,0,0,1,1,1,0,0,0,1,1,0,0,0,0,0,0,0,0,1,0,1,0,0,0,0,0,1,1,1,1,1,0,0,0,1,1,0,1,1,1,0,1,0,0,1,0,1,1,1,1,1,0,0,0,1,0,0,0,1,1,1,1,0,0,0,1,0,1,0,0,1,0,1,0,0,1,0,1,1,0,0,1,0,1,0,0,1,0,0,1,0,1,0,1,0,0,0,1,0,0,0,0,1,1,0,0,1,0,1,1,0,1,1,1,1,1,1,0,1,0,0,0,1,1,0,1,1,1,0,1,0,0,1,1,0,1,1,1,0,1,0,1,0,1,1,0,0,1,0,0,0,0,0,1,1,0,1,1,0,0,1,1,1,0.0,-4652.820000000001,1
1,1,1,1,0,1,1,1,0,1,0,0,1,1,1,0,1,1,0,1,0,1,1,1,0,0,1,0,0,0,1,0,1,0,0,1,0,1,0,0,0,0,1,1,1,0,1,1,1,1,1,1,1,0,1,0,1,1,1,0,0,0,0,0,1,1,0,1,0,1,0,0,0,1,0,0,0,0,0,1,0,1,0,0,0,0,1,0,0,1,1,0,1,0,1,0,0,0,0,1,0,0,1,1,0,1,1,0,1,0,1,1,0,0,0,1,0,0,0,0,1,1,1,1,0,1,0,1,1,1,1,1,1,1,1,1,0,0,0,1,0,1,0,0,0,0,1,1,0,0,1,0,1,1,1,1,1,1,1,0,0,1,1,0,1,0,0,0,1,1,1,1,1,1,0,0,1,1,1,1,0.0,-4652.53,1
0,0,1,0,1,1,0,0,1,0,0,1,0,0,0,1,1,0,1,0,1,0,0,0,1,1,1,1,1,1,0,1,0,0,1,0,1,0,1,0,0,1,1,1,0,1,1,0,0,1,0,1,0,1,0,1,0,0,1,1,1,1,1,0,0,1,1,0,0,0,0,0,0,0,1,1,1,1,1,0,1,0,1,0,1,0,1,1,0,0,1,0,0,0,1,0,0,1,1,1,1,1,1,1,0,1,1,1,1,0,0,1,1,1,1,0,1,0,1,1,1,0,1,0,0,0,0,0,0,0,1,0,0,1,1,0,1,0,0,0,1,0,1,1,0,1,0,1,0,0,0,1,0,1,0,0,0,1,0,1,0,0,0,1,0,1,1,1,0,0,0,0,0,1,1,0,1,0,0,1,0.0,-4652.509999999998,1
0,0,0,1,0,0,0,1,0,1,1,0,1,1,1,0,1,0,0,1,1,1,0,1,0,1,1,0,0,0,0,0,0,0,0,1,0,0,0,1,1,0,1,0,1,1,1,0,0,1,0,0,1,1,1,1,1,0,1,0,1,1,0,0,1,0,0,1,1,0,0,0,1,1,0,1,0,0,1,0,0,1,1,0,1,1,1,1,0,1,1,1,1,1,0,1,1,1,1,1,0,1,0,0,1,1,0,0,1,1,1,1,0,0,0,0,0,1,1,1,0,0,1,1,1,1,0,1,0,1,1,0,1,0,1,1,0,1,1,1,0,0,0,1,0,0,1,1,1,0,1,1,1,0,1,1,0,0,1,0,0,1,1,1,1,1,0,1,0,1,1,1,1,1,0,1,1,1,1,0,0.0,-4652.41,1
0,1,0,1,1,1,1,1,0,1,1,1,1,1,1,1,0,1,1,0,0,0,1,0,1,0,1,1,1,0,1,1,1,0,1,0,1,0,0,1,1,1,0,0,0,0,0,1,1,1,1,0,1,1,0,0,1,1,0,0,0,0,1,1,0,1,0,1,0,1,1,1,1,1,0,0,0,0,0,1,1,1,0,1,0,0,1,1,1,1,0,0,0,1,0,0,1,1,0,0,0,0,1,0,1,0,0,1,0,1,1,1,0,1,1,1,1,1,0,0,1,1,0,1,0,0,1,1,1,1,0,0,0,0,0,0,1,1,1,0,0,1,0,1,1,1,1,1,1,1,1,1,0,0,1,1,1,1,0,0,0,0,1,1,0,0,0,1,0,1,0,0,1,0,1,1,0,0,1,0,0.0,-4652.12,1
1,1,0,0,0,1,0,1,0,1,0,1,1,1,0,0,0,0,0,1,1,1,0,0,0,0,0,0,0,0,0,0,1,1,0,1,0,1,0,0,1,0,1,1,1,1,0,1,0,1,0,0,1,1,1,1,0,0,0,1,0,1,0,0,1,1,1,1,0,0,1,0,0,0,1,0,0,0,1,0,0,0,0,1,0,0,1,1,0,1,0,0,1,0,0,1,1,1,1,1,0,0,0,1,1,0,0,0,1,1,0,0,0,0,1,0,0,1,0,1,1,0,1,1,0,1,0,1,1,0,0,1,1,0,1,1,0,1,1,1,0,0,0,1,0,0,0,1,1,1,1,0,1,0,0,1,1,0,1,0,1,1,1,1,1,0,1,1,0,0,1,1,1,0,1,1,1,1,1,0,0.0,-4652.04,1
0,1,1,1,1,0,1,0,1,0,1,0,0,0,1,1,0,1,1,0,0,0,1,0,1,0,1,1,1,1,1,1,0,0,1,0,1,0,1,1,0,1,0,0,0,0,0,0,1,1,1,1,0,1,0,0,1,1,0,0,0,0,1,1,0,0,0,1,1,1,1,1,1,0,0,0,1,1,0,1,1,0,0,1,1,1,1,1,0,1,0,1,0,1,1,0,0,1,0,0,1,1,1,0,0,0,1,1,0,0,1,0,1,1,1,1,1,0,1,0,0,1,0,0,1,0,1,0,0,1,0,0,0,1,0,0,1,0,0,0,1,1,1,1,0,1,1,0,0,1,1,1,0,1,1,0,0,1,0,0,1,0,0,0,0,1,0,1,0,0,0,0,0,0,1,0,0,0,1,1,0.0,-4651.819999999998,1
0,0,1,0,0,1,1,0,1,0,0,0,0,0,0,0,1,1,0,1,0,1,1,1,0,1,0,1,0,1,1,0,0,1,0,1,1,1,1,0,0,0,0,1,1,0,1,1,1,0,1,1,0,1,1,0,0,1,1,1,1,0,0,1,1,1,1,0,0,1,0,1,0,0,1,1,1,1,0,0,1,0,1,0,1,0,0,1,0,0,1,0,1,0,1,0,0,0,1,0,1,0,1,1,0,0,1,0,0,0,0,0,1,0,0,1,0,1,0,0,1,0,0,0,1,1,1,0,1,0,1,1,0,1,0,1,0,0,0,1,1,0,1,1,1,0,0,0,0,1,0,1,1,1,0,0,1,1,1,1,1,1,0,0,1,0,1,0,0,0,1,1,0,1,0,0,0,1,0,1,0.0,-4651.7300000000005,1
0,0,0,1,1,1,0,1,0,1,0,1,1,1,0,1,0,0,1,0,1,0,0,1,1,0,1,1,1,0,0,1,1,0,1,0,1,1,0,0,1,1,1,1,0,1,1,0,0,0,0,0,1,0,0,1,1,0,0,0,1,1,1,0,0,1,1,0,0,0,1,0,0,0,0,0,0,0,1,1,1,0,0,1,0,0,0,1,0,0,0,0,0,0,0,1,1,1,0,1,0,1,0,1,1,1,0,1,1,1,1,0,0,1,0,0,1,1,1,1,1,1,1,1,1,0,0,1,0,1,0,1,0,0,1,0,1,1,1,0,0,1,0,1,0,1,0,1,1,0,0,1,0,0,1,1,0,0,0,1,1,0,1,1,0,1,0,1,1,0,0,0,1,0,0,1,1,0,0,0,0.0,-4651.7,1
0,0,1,1,0,0,0,0,1,0,1,0,0,0,1,0,0,0,0,1,1,1,0,1,0,1,1,0,0,1,0,0,1,0,0,1,0,0,1,1,1,0,1,0,1,1,0,1,0,1,0,1,0,1,1,1,1,0,0,0,1,1,0,0,1,0,0,1,1,0,1,0,1,0,0,1,1,1,0,0,0,0,1,0,0,1,1,1,0,0,0,1,1,1,1,1,0,0,1,1,1,0,0,0,0,1,1,0,1,0,1,1,1,0,0,0,0,0,0,1,0,0,1,0,0,1,0,0,1,1,0,0,1,1,1,1,0,0,0,1,1,1,1,1,0,0,0,1,1,0,0,0,1,0,1,0,1,0,1,0,0,1,0,0,1,0,0,0,0,0,1,1,0,0,0,1,1,1,1,0,0.0,-4651.629999999999,1
0,1,0,1,0,1,1,0,1,0,1,1,0,0,1,0,0,1,0,1,0,1,1,0,0,1,1,1,0,1,0,0,0,0,0,1,1,0,1,1,1,0,1,0,1,0,0,0,1,0,1,0,0,1,1,0,1,1,0,0,0,0,0,0,1,0,0,1,0,1,1,0,1,1,0,1,1,1,0,0,1,1,1,0,1,0,0,1,0,0,0,0,1,1,0,0,1,0,1,1,1,1,1,0,1,1,0,0,1,1,1,1,1,0,1,1,0,1,1,0,1,0,1,0,0,1,0,0,0,1,0,0,1,0,1,1,0,1,1,1,1,1,1,1,0,0,1,1,1,0,0,0,1,0,1,0,0,1,1,0,0,1,0,1,1,1,0,0,0,1,1,1,0,0,1,1,1,1,1,0,0.0,-4651.5999999999985,1
1,1,0,0,1,0,1,0,1,0,1,1,0,0,0,1,0,1,1,0,0,0,1,0,1,0,0,1,1,1,0,1,0,1,1,0,1,0,1,1,1,1,1,0,0,0,1,0,1,0,1,0,0,1,0,0,0,1,0,1,0,0,1,0,0,0,1,0,1,1,1,0,1,0,1,0,1,1,0,0,1,0,0,1,1,1,0,1,1,0,1,1,0,1,0,1,1,1,1,1,1,1,0,0,1,1,1,1,1,1,0,0,1,1,1,1,1,1,1,0,0,0,1,0,0,0,0,0,0,0,0,0,0,0,1,0,1,1,1,0,1,0,1,1,0,1,1,1,1,0,0,1,0,0,0,0,0,0,0,1,1,0,0,1,0,1,1,1,0,0,0,0,0,0,1,1,1,0,0,0,0.0,-4651.49,1
1,0,0,0,1,1,1,1,0,1,0,0,1,0,0,1,0,1,1,0,0,0,1,1,1,0,1,1,1,0,1,1,0,0,1,0,1,1,0,0,1,1,1,1,0,0,0,1,1,0,1,0,1,0,0,0,0,1,0,1,1,0,1,0,0,1,0,0,0,1,1,0,0,1,1,0,0,0,0,1,1,1,0,1,1,0,0,0,0,0,1,0,0,0,0,0,1,0,0,1,0,0,1,1,1,1,0,1,1,1,0,1,0,1,0,1,1,1,0,0,1,1,1,0,1,0,0,1,1,0,0,1,0,0,1,0,1,1,1,1,0,1,0,0,0,1,0,1,1,0,0,1,0,0,0,1,1,1,0,1,0,0,1,1,0,0,1,0,1,1,1,0,1,0,0,1,1,0,0,0,0.0,-4651.4400000000005,1
0,0,1,1,1,0,0,0,1,0,1,1,0,0,1,1,1,0,1,0,1,0,0,1,1,0,0,1,1,1,0,1,1,1,1,0,1,0,1,1,0,1,1,0,0,1,1,0,0,1,0,1,0,1,0,1,1,0,1,0,1,1,1,0,0,0,1,1,1,0,0,0,1,1,0,0,1,1,1,1,1,0,0,1,0,1,1,0,1,0,0,1,0,1,1,0,0,1,0,1,0,1,1,0,0,1,1,1,1,0,1,1,1,1,0,0,1,0,1,1,0,1,1,0,0,0,0,0,0,1,1,0,0,1,1,0,1,0,0,0,1,1,1,0,0,1,0,1,0,0,0,1,0,1,1,0,0,1,0,0,0,0,0,1,0,1,0,1,1,0,0,0,1,1,0,0,1,0,1,1,0.0,-4651.339999999998,1
0,1,0,1,0,0,0,1,0,1,0,0,1,1,1,0,0,0,0,1,1,1,0,1,0,0,0,0,0,0,0,0,1,1,0,1,0,1,0,0,1,0,1,1,1,1,1,1,0,1,0,0,1,0,1,1,1,0,0,0,0,1,0,0,1,0,1,1,1,0,1,0,0,1,0,0,0,0,0,1,0,1,0,1,0,0,1,0,0,1,0,0,1,0,0,0,1,0,0,1,0,0,1,1,1,1,1,0,1,1,1,0,0,0,0,0,0,1,0,1,1,1,1,1,1,1,0,1,1,1,0,1,1,0,1,1,0,1,1,1,0,0,0,0,0,0,1,1,1,0,1,0,1,0,1,1,1,1,1,0,1,1,1,1,1,0,0,0,1,1,1,1,1,0,0,1,1,1,1,0,0.0,-4651.33,1
0,1,0,1,0,1,0,1,0,1,1,0,1,1,1,0,0,0,0,1,1,1,0,1,0,0,0,0,0,0,0,0,1,1,0,1,0,0,0,1,1,0,1,0,1,1,0,0,0,0,0,0,1,0,1,1,1,0,0,0,0,1,0,0,1,1,0,1,0,0,1,0,1,1,0,0,0,0,0,0,0,1,0,1,0,0,0,0,0,1,0,0,1,1,0,1,1,0,1,1,0,1,0,0,1,1,0,0,0,1,1,0,0,0,0,0,0,1,1,1,1,0,1,1,0,1,0,1,0,1,0,0,0,0,1,1,0,1,1,1,0,0,0,0,0,0,0,1,1,0,1,1,1,0,1,1,0,0,1,0,1,1,1,1,1,1,0,0,1,1,1,1,1,0,0,1,1,1,1,0,0.0,-4651.310000000001,1
1,1,0,1,0,1,0,1,0,1,0,1,1,1,1,0,0,0,0,1,1,1,0,1,0,0,1,0,0,0,1,0,1,0,0,1,0,1,0,0,1,0,0,1,1,1,0,0,0,1,0,0,1,0,1,1,1,0,0,0,0,1,0,1,1,1,1,1,0,0,1,1,0,1,0,0,0,0,1,1,0,1,0,1,0,0,1,0,0,1,0,0,1,0,0,1,1,1,0,0,0,1,0,1,1,0,0,0,0,1,1,0,0,0,0,0,0,1,1,1,1,1,0,1,0,1,1,1,0,1,0,1,1,0,0,1,0,1,1,1,0,1,0,0,1,0,1,0,0,1,1,0,1,1,1,1,0,0,1,0,1,1,1,1,1,0,0,1,1,1,1,1,1,0,0,0,0,1,1,0,0.0,-4650.940000000001,1
0,1,1,1,0,1,0,1,0,1,1,1,1,0,1,0,1,0,0,1,1,1,0,0,0,1,1,0,0,0,1,0,1,0,0,1,0,1,0,0,0,0,1,1,1,1,1,0,0,1,0,1,1,0,1,1,1,0,1,0,0,1,0,0,1,1,0,1,0,0,0,0,1,1,0,1,0,0,1,0,0,1,1,0,0,0,1,0,0,1,0,0,1,0,1,0,0,0,1,1,0,1,1,0,0,1,1,0,1,0,1,1,0,0,1,0,0,1,1,1,1,0,1,0,0,1,0,1,0,1,1,1,1,1,1,1,0,0,0,1,0,0,0,0,0,0,1,1,0,0,1,0,1,1,1,1,0,1,1,0,0,1,1,0,1,1,0,0,1,1,1,1,1,1,1,0,1,1,1,1,0.0,-4650.469999999999,1
1,1,0,0,0,1,0,0,1,0,1,0,0,0,0,1,0,0,1,1,1,1,0,1,1,0,1,0,0,1,0,0,0,0,1,0,0,0,1,1,1,0,1,0,0,1,0,1,0,0,0,0,0,0,0,1,0,0,0,1,0,1,1,0,1,1,0,0,0,0,1,0,1,0,1,0,1,1,0,1,0,0,0,1,1,0,0,0,1,1,1,0,0,1,0,1,1,0,0,1,1,0,0,0,1,1,0,0,1,1,0,0,1,1,0,0,1,1,0,1,1,1,1,0,1,0,0,0,1,0,0,0,0,0,1,0,1,1,1,0,1,1,1,0,0,1,0,1,1,0,1,1,0,0,0,1,1,0,1,1,1,1,0,1,0,0,1,0,1,0,0,0,0,0,0,1,1,0,0,0,0.0,-4650.420000000001,1
0,1,1,1,0,1,0,0,1,0,1,1,0,1,0,0,1,0,0,1,1,1,0,0,0,1,1,0,0,1,0,0,0,0,0,1,0,0,1,1,0,0,0,0,1,0,1,1,1,1,0,1,0,1,1,1,1,0,1,0,0,0,0,1,1,1,0,0,0,0,0,1,1,0,0,1,1,1,1,0,0,0,1,0,1,0,1,1,0,1,1,0,1,1,1,0,0,0,1,0,1,0,1,0,0,0,1,0,0,0,1,0,1,0,1,0,0,0,0,1,1,0,0,1,0,1,1,0,1,1,1,0,1,1,0,1,0,0,0,1,1,0,1,1,1,0,1,1,0,1,0,0,1,1,1,0,1,1,1,1,1,1,0,0,1,0,0,0,0,0,1,1,0,1,1,0,0,1,0,1,0.0,-4650.099999999999,1
0,0,0,1,1,1,1,1,0,1,1,1,1,1,1,1,0,1,1,0,0,0,1,1,1,1,1,1,1,0,1,1,0,0,1,0,1,0,0,1,1,1,0,0,0,0,0,1,1,0,1,0,1,0,0,0,1,1,0,0,1,0,1,1,0,1,1,1,0,1,1,1,1,0,0,1,0,0,0,0,1,0,1,0,1,0,0,0,1,0,0,0,0,1,0,1,1,0,1,0,0,0,0,0,1,1,0,1,0,1,1,1,0,1,0,1,1,1,0,0,1,0,0,1,0,0,1,1,1,1,0,0,0,0,0,0,1,1,1,0,0,0,0,0,1,1,1,1,1,0,0,1,0,0,1,1,1,0,0,0,0,0,1,1,0,0,0,0,1,0,0,0,1,0,0,1,0,0,1,0,0.0,-4649.810000000001,1
0,0,1,1,0,0,0,0,1,0,1,1,0,1,1,0,1,0,0,1,1,1,0,1,0,0,1,0,0,1,0,0,1,0,0,1,0,0,1,1,0,0,0,0,1,1,1,0,0,1,0,1,0,0,1,1,1,0,1,0,1,1,0,0,1,0,0,1,1,0,0,0,1,1,0,0,1,1,1,1,0,0,0,1,0,1,1,0,0,1,0,1,1,1,1,1,0,1,0,1,1,1,0,0,0,1,0,0,1,0,1,0,1,0,0,0,0,0,1,1,0,1,1,1,0,1,0,0,0,1,1,0,1,1,1,1,0,0,0,1,1,1,1,0,0,0,1,0,0,0,1,0,1,1,1,0,0,0,1,0,1,1,0,0,1,1,0,1,1,0,1,1,0,1,0,0,1,1,1,1,0.0,-4649.46,1
0,0,0,1,0,1,0,1,0,1,1,1,1,1,1,0,0,0,0,1,1,1,0,1,0,0,0,1,0,0,0,0,0,1,0,1,1,0,0,1,1,0,1,0,1,1,1,1,0,1,0,0,1,0,1,1,1,0,0,0,1,1,0,0,1,1,0,1,0,0,1,0,1,0,0,0,0,0,1,1,1,0,0,1,1,0,1,0,0,0,0,0,1,1,0,1,0,0,0,1,0,0,0,0,1,1,0,0,1,1,1,0,0,0,0,0,0,1,0,1,1,1,1,1,0,1,0,1,1,1,0,0,1,1,1,1,0,1,1,1,0,1,0,0,0,0,1,1,1,0,0,0,1,0,1,1,1,0,1,0,1,1,1,1,1,1,0,0,1,0,1,1,1,0,0,1,1,1,1,0,0.0,-4649.410000000001,1
1,0,1,0,1,1,0,0,1,0,1,1,0,1,0,1,1,0,1,0,1,0,0,1,1,1,1,1,1,1,1,1,1,0,1,0,1,0,0,1,0,1,0,0,0,0,1,1,1,0,0,1,0,0,0,1,0,0,1,1,1,0,1,1,0,1,0,0,0,0,0,1,1,0,1,1,1,1,1,0,1,0,1,0,0,0,0,1,1,0,1,0,0,1,1,1,0,1,1,0,1,0,0,0,0,0,1,1,0,0,0,1,1,1,0,0,1,0,0,1,1,0,0,1,1,0,1,0,1,0,1,0,0,1,0,0,1,0,0,0,1,0,1,1,1,1,0,0,0,1,0,1,0,1,0,0,1,0,0,1,0,0,0,0,0,0,1,1,0,0,0,0,0,1,0,0,0,0,0,1,0.0,-4649.369999999999,1
0,0,0,0,0,1,0,1,0,1,1,1,1,1,0,0,0,0,0,1,1,1,0,1,0,1,0,0,0,0,0,0,1,1,0,1,0,0,1,1,0,0,0,0,1,1,0,1,0,0,0,0,1,0,1,1,0,0,0,1,1,1,0,1,1,1,0,0,0,0,1,1,1,1,1,1,0,0,1,1,0,1,1,0,0,0,0,0,0,1,0,0,1,1,0,1,1,0,0,0,0,0,0,0,1,0,0,0,0,1,0,1,0,0,0,0,0,1,0,1,1,1,0,1,0,1,1,1,1,0,0,0,1,0,0,1,0,1,1,1,0,1,0,0,1,0,1,0,0,1,0,0,1,1,0,1,1,0,1,1,0,1,1,1,1,0,1,0,1,1,1,1,1,0,0,0,0,1,0,1,0.0,-4649.35,1
0,0,1,0,1,1,1,0,1,0,1,1,0,1,0,1,0,1,1,0,0,0,1,1,1,0,0,1,1,1,0,1,0,1,0,0,1,0,1,1,0,1,0,0,0,0,0,1,1,0,1,1,0,0,0,0,0,1,0,1,1,0,1,1,0,1,0,0,0,1,1,1,1,0,1,0,1,1,0,1,1,0,0,1,1,0,0,0,1,0,1,0,0,1,1,1,1,1,0,0,1,0,0,0,0,0,1,1,0,0,0,0,1,1,0,0,1,0,0,0,1,1,0,1,0,0,1,0,1,0,0,0,0,1,0,0,1,0,0,0,1,1,1,0,1,1,0,0,0,1,0,1,0,1,0,0,1,0,0,1,1,0,0,1,0,1,1,1,1,0,0,0,0,0,0,0,0,0,0,1,0.0,-4649.3099999999995,1
1,1,1,0,1,1,0,0,1,0,0,0,0,1,0,1,1,0,1,0,1,0,0,0,1,1,0,1,1,1,0,1,1,1,0,0,1,1,1,0,0,1,1,1,0,1,1,1,0,1,0,1,0,0,0,1,0,0,1,1,0,1,1,0,0,1,1,0,0,0,0,0,0,0,1,1,1,1,0,0,1,0,1,0,0,0,1,0,1,0,1,0,0,0,1,0,0,1,1,1,1,0,1,1,0,1,0,1,1,0,0,1,1,1,1,0,1,0,0,1,1,0,1,1,0,0,0,0,1,0,1,1,0,1,1,0,1,0,0,0,1,0,1,0,0,1,0,1,0,0,0,1,0,1,0,0,1,1,0,1,0,0,0,1,0,0,1,1,1,0,0,0,0,1,1,0,1,0,0,1,0.0,-4649.31,1
0,0,1,1,0,0,0,0,1,0,1,0,0,1,1,0,1,0,0,1,1,1,0,0,0,1,1,0,0,1,1,0,1,0,0,1,0,0,1,1,0,0,1,0,1,1,1,1,0,1,0,1,0,0,1,1,1,0,1,0,1,1,0,0,1,0,0,1,1,0,0,0,1,1,0,1,1,1,1,1,0,1,1,0,0,1,1,0,0,1,0,1,1,1,1,0,1,1,0,1,1,0,1,0,0,1,1,0,1,0,1,0,1,0,1,0,0,0,0,1,0,1,1,1,1,1,0,0,1,1,1,0,1,1,1,1,0,0,0,1,1,1,1,0,0,0,1,1,0,0,1,0,1,1,1,0,1,1,1,0,1,1,0,1,1,0,0,1,1,1,1,1,0,1,1,0,1,1,1,1,0.0,-4649.210000000001,1
0,0,0,0,1,1,0,0,1,0,1,1,0,1,0,1,0,0,1,0,1,0,0,1,1,0,1,1,1,1,0,1,1,0,1,0,1,0,1,1,1,1,1,0,0,1,0,1,0,0,0,0,0,0,0,1,0,0,0,1,1,1,1,0,0,1,0,0,0,0,1,0,1,0,1,0,1,1,1,0,1,0,0,1,0,1,0,0,1,0,1,1,0,1,0,1,0,1,1,1,1,0,0,0,1,1,0,1,1,0,0,1,1,1,0,0,1,1,0,1,0,0,1,1,0,0,0,0,1,0,0,0,0,0,1,0,1,1,1,0,1,0,1,0,0,1,0,1,1,0,0,1,0,0,0,1,1,0,0,1,0,0,0,1,0,0,1,1,1,0,0,0,0,0,0,1,1,0,0,0,0.0,-4649.140000000001,1
0,1,1,0,1,0,0,0,1,0,0,0,0,1,0,1,0,0,1,0,1,0,0,1,1,1,1,1,1,1,0,1,1,0,1,0,1,1,1,0,0,1,0,1,0,1,1,0,0,0,0,1,0,1,0,1,0,0,1,1,0,1,1,1,0,0,1,0,1,0,0,1,0,0,1,1,1,1,0,0,1,0,1,0,0,1,0,0,1,0,1,1,0,0,1,1,1,1,1,0,1,1,0,1,0,0,1,1,0,0,0,1,1,1,0,0,1,0,1,1,0,0,0,1,1,0,1,0,0,0,1,1,0,1,0,0,1,0,0,0,1,0,1,0,1,1,0,0,0,1,0,1,0,1,0,0,0,0,0,1,0,0,0,0,0,1,1,1,1,0,0,0,0,1,0,0,0,0,0,1,0.0,-4649.129999999998,1
0,1,1,0,0,0,0,0,1,0,1,0,0,1,0,0,1,0,0,1,1,1,0,1,0,0,0,0,0,1,0,0,1,1,0,1,0,0,1,1,0,0,1,0,1,1,1,1,0,1,0,1,0,0,1,1,0,0,1,1,0,1,0,0,1,0,0,0,1,0,0,0,1,0,1,0,1,1,1,0,0,0,0,1,0,1,1,0,0,1,1,1,1,1,1,0,0,0,1,1,1,0,1,0,0,0,1,0,1,1,0,0,1,0,0,0,0,0,0,1,0,0,1,1,1,1,0,0,1,0,1,0,1,1,1,1,0,0,0,1,1,0,1,0,0,0,0,1,0,1,1,0,1,1,0,0,1,1,1,1,1,1,0,1,1,0,1,0,1,0,1,1,0,1,0,0,1,1,0,1,0.0,-4649.050000000001,1
0,0,0,0,1,0,0,1,0,1,1,1,1,0,0,1,0,0,1,0,1,0,0,0,1,0,1,1,1,0,0,1,1,0,0,0,1,0,0,1,1,1,0,0,0,1,0,0,0,1,0,0,1,1,0,1,0,0,0,1,1,1,1,1,0,0,0,0,1,0,1,1,1,0,1,0,0,0,1,0,1,1,0,1,0,1,1,1,1,0,1,1,0,1,0,1,0,1,1,0,0,1,0,0,1,0,0,1,0,1,0,0,0,1,1,0,1,1,1,1,0,0,0,0,1,0,1,1,0,0,0,0,0,0,0,0,1,1,1,0,0,0,0,1,1,1,1,0,1,1,1,1,0,0,0,1,0,0,0,1,1,0,1,0,0,1,1,1,0,1,0,0,1,0,1,1,0,0,0,0,0.0,-4649.039999999999,1
1,0,1,1,0,0,0,0,1,0,1,1,0,0,1,0,1,0,0,1,1,1,0,0,0,0,1,0,0,1,1,0,0,0,0,1,0,0,1,1,0,0,1,0,1,1,1,0,0,0,0,1,0,1,1,1,1,0,1,0,1,1,0,0,1,0,0,1,1,0,0,0,1,0,0,0,1,1,1,1,0,0,0,1,1,0,0,1,1,1,0,0,1,1,1,0,0,1,0,1,1,1,1,0,0,1,1,0,1,0,1,0,1,0,1,0,0,0,1,1,1,1,1,0,1,1,0,0,0,1,1,0,1,1,1,1,0,0,0,1,1,1,1,1,0,0,1,1,0,0,0,0,1,1,1,0,0,1,1,0,1,1,0,0,1,1,0,1,0,0,1,1,0,1,1,0,1,1,1,1,0.0,-4648.79,1
1,1,1,0,0,0,1,1,0,1,0,1,1,1,0,0,1,1,0,1,0,1,1,0,0,1,1,0,0,0,0,0,0,0,0,1,0,1,0,0,0,0,0,1,1,0,1,1,1,1,1,1,1,1,1,0,0,1,1,1,0,0,0,1,1,0,1,0,1,1,0,1,0,0,1,1,0,0,0,0,0,0,1,0,1,1,1,1,0,1,1,1,1,0,1,0,1,0,1,0,0,0,1,1,0,0,1,0,0,0,0,0,0,0,1,1,0,0,0,0,0,0,0,1,0,1,1,1,1,0,1,1,0,0,0,1,0,0,0,1,0,0,0,1,1,0,0,0,0,1,1,1,1,1,0,1,1,1,1,1,1,1,1,0,1,0,1,0,0,0,1,1,1,1,1,0,0,1,0,1,0.0,-4648.569999999999,1
0,0,1,0,0,1,0,1,0,1,1,1,1,0,0,0,0,0,0,1,1,1,0,0,0,1,1,0,0,0,0,0,1,0,0,1,0,0,0,1,0,0,1,0,1,1,0,0,0,0,0,1,1,1,1,1,0,0,0,1,1,1,0,0,1,1,0,0,0,0,1,0,1,1,1,1,0,0,1,1,0,1,1,0,0,0,0,1,0,1,1,0,1,1,1,1,0,0,0,1,1,1,0,0,0,1,1,0,1,1,0,1,0,0,1,0,0,0,1,1,1,1,1,0,0,1,0,1,0,0,0,0,1,1,1,1,0,0,0,1,0,1,0,1,0,0,1,1,0,0,1,0,1,1,0,1,0,0,1,1,0,1,1,0,1,1,1,0,0,1,1,1,0,0,1,0,1,1,0,1,0.0,-4648.439999999999,1
1,1,1,1,1,0,1,0,1,0,1,1,0,1,1,1,1,1,1,0,0,0,1,1,1,1,1,1,1,1,0,1,0,0,1,0,1,0,0,1,0,1,1,0,0,0,1,0,1,0,1,1,1,0,0,0,1,1,1,0,0,0,1,0,0,0,0,1,1,1,0,0,1,0,0,1,1,1,0,0,1,0,1,0,1,1,0,0,1,0,0,1,0,1,1,1,0,0,1,1,1,1,0,0,0,1,1,1,1,0,1,1,1,1,0,1,1,0,1,0,0,0,1,1,1,0,0,0,0,1,1,0,0,1,1,0,1,0,0,0,1,1,1,0,0,1,0,1,0,0,0,1,0,1,1,0,0,0,0,0,0,0,0,0,0,1,0,0,1,0,0,0,0,1,0,0,1,0,1,1,0.0,-4648.429999999999,1
0,0,1,1,1,1,0,1,0,1,0,0,1,0,1,0,1,0,0,0,1,0,0,0,0,1,0,1,1,0,0,1,1,1,0,1,1,1,0,0,0,1,1,1,1,1,1,1,0,0,0,1,1,1,1,1,1,0,1,0,1,1,0,0,0,1,1,1,0,0,0,0,0,0,0,1,0,0,1,0,1,0,1,0,0,0,0,1,0,0,0,0,1,0,1,1,0,0,1,1,0,0,0,1,0,1,1,1,1,0,1,0,0,0,1,0,0,0,0,1,1,0,1,0,1,1,0,1,1,1,1,1,1,1,1,1,0,0,0,1,0,0,0,1,0,0,1,1,0,0,1,0,1,1,1,1,1,0,0,0,1,0,1,0,1,0,0,0,0,0,1,1,1,1,1,0,1,1,1,1,0.0,-4648.320000000001,1
1,1,1,1,1,0,0,0,1,0,1,1,0,1,1,1,0,0,1,0,1,0,0,1,1,0,1,1,1,1,1,1,1,0,1,0,1,0,1,1,0,1,1,0,0,1,1,1,0,0,0,1,0,0,0,1,1,0,0,0,0,1,1,0,0,0,1,1,1,0,1,0,1,0,1,0,1,1,1,1,1,0,0,1,0,0,0,0,1,0,0,0,0,1,1,1,0,1,0,1,1,0,0,0,0,1,1,1,1,0,1,0,1,1,0,0,1,0,0,1,1,1,1,1,1,0,0,0,1,1,0,0,0,1,1,0,1,0,0,0,1,1,1,0,0,1,0,1,0,0,0,1,0,1,1,0,1,0,0,0,1,0,0,0,0,0,0,1,1,0,0,0,0,0,0,0,1,0,1,1,0.0,-4648.240000000001,1
0,1,1,1,0,0,0,0,1,0,1,1,0,0,1,0,1,0,0,1,1,1,0,0,0,0,1,0,0,1,0,0,0,0,0,1,0,0,1,1,0,0,0,0,1,0,1,0,1,1,0,1,0,0,1,1,1,0,1,0,0,0,0,1,1,0,1,1,1,0,0,1,1,0,0,0,1,1,0,0,0,0,0,1,1,1,1,1,0,0,0,1,1,1,1,1,0,1,1,0,1,1,0,0,0,0,1,0,0,0,1,0,1,0,1,0,0,0,1,1,0,0,0,0,0,1,1,0,0,1,1,0,1,1,0,1,0,0,0,1,1,0,1,1,1,0,1,0,0,1,0,0,1,1,1,0,0,0,1,0,1,1,0,1,1,1,0,1,0,0,1,1,0,1,1,0,0,1,1,1,0.0,-4648.24,1
1,1,1,1,0,1,0,1,0,1,1,0,1,0,1,0,1,0,0,1,1,1,0,1,0,0,0,0,0,0,0,0,1,1,0,1,0,0,0,1,1,0,1,0,1,1,1,0,0,0,0,1,1,0,1,1,1,0,1,0,0,1,0,0,1,1,0,1,0,0,0,0,1,0,0,0,0,0,1,1,0,1,0,1,0,0,0,0,0,1,1,0,1,1,1,1,1,1,0,1,0,1,0,0,0,0,1,0,1,0,1,0,0,0,0,0,0,0,1,1,1,1,1,0,0,1,0,1,0,1,1,0,1,1,1,1,0,0,0,1,0,1,0,0,0,0,0,1,0,1,1,0,1,1,1,1,0,0,1,0,1,1,1,1,1,1,0,1,1,1,1,1,1,1,0,0,1,1,1,0,0.0,-4648.169999999999,1
0,1,0,1,0,1,0,1,0,1,0,1,1,0,1,0,0,0,0,1,1,1,0,1,0,0,0,0,0,0,1,0,0,1,0,1,0,1,0,0,0,0,1,1,1,1,0,0,0,0,0,0,1,1,1,1,1,0,0,0,0,1,0,0,1,1,1,1,0,0,1,0,0,0,0,0,0,0,1,1,0,0,0,1,1,0,0,0,0,1,1,0,1,0,0,1,1,1,0,1,0,1,0,1,1,0,0,0,1,1,1,0,0,0,0,0,0,1,1,1,1,1,1,0,0,1,0,1,0,1,0,1,1,0,1,1,0,1,1,1,0,1,0,0,0,0,1,1,0,1,1,0,1,1,1,1,0,0,1,0,1,1,1,1,1,1,0,1,1,0,1,1,1,0,0,0,1,1,1,1,0.0,-4648.090000000001,1
0,1,0,0,1,0,0,0,1,0,1,1,0,1,0,1,0,0,1,0,1,0,0,0,1,1,1,1,1,1,0,1,1,0,0,0,1,0,1,1,1,1,1,0,0,1,0,1,0,0,0,0,0,1,0,1,0,0,0,1,0,1,1,0,0,0,0,0,1,0,1,0,1,0,1,1,1,1,1,0,1,0,1,0,0,1,0,1,1,1,1,1,0,1,0,0,0,1,1,1,1,0,1,0,1,1,0,1,1,1,0,1,1,1,1,0,1,1,0,1,0,0,1,1,1,0,0,0,1,0,0,0,0,0,1,0,1,1,1,0,1,0,1,1,0,1,0,1,1,0,1,0,0,0,0,0,1,1,0,1,0,0,0,1,0,0,1,1,0,0,0,0,0,0,1,1,1,0,0,0,0.0,-4647.899999999999,1
0,0,0,0,0,1,0,1,0,1,1,1,1,0,0,0,0,0,0,1,1,1,0,0,1,1,1,0,0,0,0,0,1,0,0,1,0,0,0,1,1,0,1,0,1,1,0,1,0,0,0,0,1,1,0,1,0,0,0,1,1,1,0,0,1,1,0,0,0,0,1,0,1,1,1,1,0,0,1,0,0,1,1,0,0,0,0,1,0,1,0,0,1,1,0,1,1,0,1,1,0,0,0,0,1,1,0,0,0,1,0,0,0,1,1,0,0,1,0,1,1,0,1,0,0,1,0,1,1,0,0,0,1,0,1,1,0,1,1,1,0,0,0,1,0,0,1,1,1,0,1,0,1,0,0,1,1,0,1,1,1,1,1,1,1,0,1,0,0,1,1,1,1,0,1,1,1,1,0,0,0.0,-4647.88,1
0,0,0,0,0,0,0,1,0,1,0,1,1,0,0,1,0,0,1,1,1,0,0,0,1,0,1,0,0,0,0,0,1,0,1,0,0,1,0,0,1,1,0,1,0,1,1,0,0,0,0,0,1,1,0,1,0,0,0,1,1,1,1,1,1,0,1,0,1,0,1,1,0,1,1,0,0,0,1,0,0,1,0,1,0,1,0,1,1,1,0,1,0,0,0,0,1,0,1,0,0,1,1,1,1,0,0,1,0,1,0,0,0,1,1,0,1,1,1,1,0,0,0,0,0,0,1,1,0,0,0,1,0,0,0,0,1,1,1,0,0,1,0,1,1,1,1,0,1,1,1,1,0,0,0,1,0,1,0,1,1,1,1,1,0,1,1,0,0,1,0,0,1,0,1,1,0,0,0,0,0.0,-4647.5,1
0,1,1,0,1,1,1,0,1,0,0,0,0,1,0,1,1,1,1,0,0,0,1,0,1,0,0,1,1,1,1,0,0,1,1,0,1,1,1,0,0,1,0,1,0,0,1,0,1,1,1,1,0,1,0,0,0,1,1,1,0,0,1,1,0,1,0,0,0,1,0,1,0,0,1,0,1,1,0,1,1,0,0,1,1,1,1,1,1,0,0,1,0,0,1,1,0,1,0,0,1,1,0,1,0,1,1,1,0,0,0,0,1,1,1,1,1,0,1,0,0,1,0,1,1,0,1,0,0,0,1,1,0,1,0,0,1,0,0,0,1,1,1,1,1,1,1,0,0,0,0,1,0,1,0,0,0,0,0,1,1,0,0,0,0,1,1,1,0,0,0,0,0,1,1,0,0,0,0,1,0.0,-4647.379999999997,1
0,1,1,0,0,1,0,1,0,1,1,1,1,0,0,0,1,0,0,1,1,1,0,1,0,0,0,0,0,0,0,0,1,1,0,1,0,0,0,1,1,0,1,0,1,1,0,0,0,0,0,1,1,0,1,1,0,0,1,1,0,1,0,0,1,1,0,0,0,0,0,0,1,1,1,0,0,0,1,1,0,1,0,1,0,0,0,0,0,0,1,0,1,1,1,1,0,1,0,1,0,1,0,0,0,1,1,0,1,0,0,1,0,0,0,0,0,0,1,1,1,1,1,0,0,1,0,1,0,0,1,0,1,1,1,1,0,0,0,1,0,1,0,0,0,0,0,1,1,0,0,0,1,0,0,1,0,0,1,1,0,1,1,1,1,0,1,1,1,1,1,1,1,1,0,1,1,1,0,0,0.0,-4647.38,1
0,0,0,0,1,0,1,0,1,0,0,1,0,0,0,1,0,1,1,0,0,0,1,1,1,1,1,1,1,1,1,1,0,0,1,0,1,1,1,0,0,1,0,1,0,0,0,0,1,1,1,0,0,1,0,0,0,1,0,1,1,0,1,1,0,0,1,0,1,1,1,1,0,0,0,1,1,1,0,0,1,0,1,0,1,1,1,1,1,0,1,1,0,0,0,1,1,1,1,0,1,1,0,1,1,0,0,1,0,1,0,1,1,1,0,1,1,1,1,0,0,0,0,0,0,0,1,0,0,0,0,1,0,0,0,0,1,1,1,0,1,0,1,1,1,1,0,0,0,1,0,1,0,1,0,1,0,0,0,1,0,0,0,1,0,1,1,1,0,0,0,0,0,0,0,0,0,0,0,1,0.0,-4647.169999999998,1
0,0,0,0,0,1,0,1,0,1,0,1,1,0,0,0,0,0,0,1,1,1,0,1,0,1,1,0,0,0,1,0,1,0,0,1,0,1,0,0,0,0,0,1,1,1,0,0,0,0,0,0,1,1,1,1,0,0,0,1,1,1,0,1,1,1,1,0,0,0,1,1,0,1,1,1,0,0,1,0,0,1,1,0,0,0,0,1,1,0,1,0,1,0,0,0,1,0,1,0,0,1,1,1,1,0,0,0,0,1,0,1,0,0,0,0,0,1,1,1,1,0,0,0,1,1,1,1,0,0,0,1,1,0,0,1,0,1,1,1,0,0,0,1,1,0,1,0,0,1,0,0,1,1,0,1,0,1,1,1,0,1,1,1,1,1,1,0,0,1,1,1,1,0,0,0,0,1,0,1,0.0,-4647.14,1
0,0,0,1,0,1,0,0,1,0,1,1,0,1,1,0,0,0,0,1,1,1,0,1,0,0,1,0,0,1,0,0,1,0,0,1,0,0,1,1,0,0,1,0,1,1,1,0,0,0,0,0,0,0,1,1,1,0,0,0,1,1,0,0,1,1,1,1,0,0,1,0,1,0,0,0,1,1,1,1,0,0,0,0,0,0,0,0,0,1,0,0,1,1,0,0,1,1,0,1,1,1,1,0,1,1,0,0,1,1,1,0,1,0,0,0,0,1,1,1,1,1,1,1,0,1,0,0,0,1,0,0,1,0,1,1,0,1,1,1,1,1,1,0,0,0,1,1,0,0,1,0,1,1,1,0,0,1,1,0,1,1,0,1,1,1,0,1,1,0,1,1,0,0,0,0,1,1,1,1,0.0,-4646.6500000000015,1
0,1,1,1,0,1,0,1,0,1,1,1,1,0,1,0,1,0,0,1,1,1,0,0,0,1,1,0,0,0,0,0,1,0,1,1,0,0,0,1,1,0,1,0,1,1,1,0,0,0,0,1,1,1,1,1,1,0,1,0,0,1,0,0,1,1,1,1,0,0,0,0,1,0,1,1,0,0,1,0,0,0,1,0,0,0,0,1,0,1,1,0,1,1,1,0,0,0,1,1,0,1,1,0,0,1,1,0,1,0,1,1,0,0,1,0,0,0,1,1,1,0,1,0,1,1,0,1,0,1,1,0,1,1,1,1,0,0,0,1,0,0,0,1,0,0,1,1,1,0,1,0,1,0,1,1,0,1,1,0,0,1,1,0,1,1,0,0,0,0,1,1,1,1,1,1,1,1,1,0,0.0,-4646.589999999999,1
1,0,0,0,1,0,1,1,0,1,0,1,1,0,0,0,0,1,0,0,0,0,1,0,0,1,1,1,1,0,1,1,0,0,0,1,1,1,1,0,1,1,0,1,1,0,0,0,1,0,1,0,1,1,1,0,0,1,0,1,1,0,0,1,0,0,1,0,1,1,1,1,0,1,1,1,0,0,0,0,1,1,1,0,1,1,0,1,0,0,1,1,1,0,0,0,1,0,1,0,0,1,1,1,1,0,0,1,0,0,0,1,0,0,1,1,0,1,1,0,0,0,0,0,0,1,1,1,0,0,0,1,1,0,0,1,0,1,1,1,0,1,0,1,1,0,1,0,1,1,0,0,1,0,0,1,0,1,0,1,0,0,1,0,1,1,1,0,0,1,1,1,1,0,1,1,0,1,0,0,0.0,-4646.589999999998,1
1,1,0,0,0,1,0,0,1,0,1,1,0,1,0,0,0,0,0,1,1,1,0,0,0,1,1,1,0,1,0,0,1,0,0,1,1,0,0,1,1,0,1,0,1,1,0,1,0,0,0,0,0,1,1,1,0,0,0,1,0,1,0,0,1,1,1,0,0,0,1,0,1,0,1,1,1,1,0,0,1,0,1,0,0,0,0,1,0,0,1,0,1,1,0,1,1,1,1,1,1,0,0,0,1,1,0,0,1,1,0,1,1,0,1,0,0,1,0,1,1,0,1,1,0,1,0,0,1,0,0,0,1,0,1,1,0,1,1,1,1,1,1,1,0,0,1,1,1,0,0,0,1,0,0,0,1,0,1,1,0,1,0,1,1,0,1,1,0,0,1,1,0,0,1,1,1,1,0,0,0.0,-4646.280000000001,1
0,1,1,0,0,1,0,0,1,0,0,1,0,0,0,1,1,0,1,1,1,0,0,0,1,1,1,1,1,1,0,0,1,0,1,0,1,0,1,1,0,1,1,0,0,1,1,0,0,0,0,1,0,1,0,1,0,0,1,1,0,1,1,0,0,1,0,0,0,0,0,0,1,0,1,1,1,1,1,0,1,0,1,0,0,0,0,1,1,0,1,0,0,1,1,0,0,0,1,1,1,1,1,0,0,1,1,1,1,0,0,1,1,1,1,0,1,0,1,1,1,0,1,0,0,0,0,0,0,0,1,0,0,1,1,0,1,0,0,0,1,0,1,1,0,1,1,1,0,0,0,1,0,1,0,0,0,1,0,1,0,1,0,1,0,1,1,0,0,0,0,0,0,1,1,0,1,0,0,1,0.0,-4646.249999999997,1
0,0,0,1,1,1,0,1,0,1,0,0,1,1,1,1,0,0,1,0,1,0,0,1,1,0,0,1,1,0,1,1,1,1,1,0,1,1,0,0,1,1,1,1,0,1,0,1,0,0,0,0,1,1,0,1,1,0,1,0,1,1,1,0,0,1,1,1,0,0,1,0,0,0,0,0,0,0,1,0,1,0,0,1,0,0,0,1,1,0,0,0,0,0,0,0,1,1,1,1,0,0,1,1,1,1,0,1,1,1,1,1,0,1,0,0,1,1,0,1,1,0,1,1,0,0,0,1,1,1,0,1,0,0,1,0,1,1,1,0,0,0,0,1,0,1,0,1,1,0,0,1,0,0,1,1,1,1,0,0,0,0,1,1,0,0,0,1,0,0,0,0,1,1,0,1,1,0,1,0,0.0,-4646.130000000001,1
0,0,1,1,0,0,1,0,1,0,1,1,0,0,1,0,1,1,0,1,0,1,1,0,0,1,0,1,0,1,1,0,1,1,0,1,1,0,1,1,1,0,1,0,1,0,1,1,1,1,1,1,0,1,1,0,1,1,1,0,1,0,0,0,1,0,1,1,1,1,0,0,1,0,0,1,1,1,0,0,1,0,1,0,0,1,1,1,0,0,0,1,1,1,1,1,0,0,1,1,1,0,0,0,0,1,1,0,1,0,1,1,1,0,1,1,0,0,0,0,0,0,1,0,0,1,0,0,1,1,1,0,1,1,1,1,0,0,0,1,1,0,1,1,0,0,1,1,0,0,0,0,1,1,1,0,1,0,1,0,0,1,0,1,1,0,0,0,0,0,1,1,0,1,1,0,1,1,1,0,0.0,-4646.01,1
0,0,0,0,0,1,0,1,0,1,0,0,1,1,0,0,0,0,0,1,1,1,0,0,0,0,1,0,0,0,0,0,1,0,0,1,0,1,0,0,1,0,1,1,1,1,0,1,0,1,0,0,1,1,1,1,0,0,0,1,1,1,0,0,1,0,1,0,0,0,1,0,0,0,1,0,0,0,0,0,0,1,0,1,0,0,1,1,0,1,1,0,1,0,0,1,1,1,1,1,0,0,0,1,1,1,1,0,1,1,0,0,0,0,1,0,0,1,0,1,1,0,1,1,1,1,0,1,1,0,0,1,1,0,1,1,0,1,1,1,0,0,0,1,0,0,1,1,1,0,1,0,1,0,0,1,1,0,1,1,1,1,1,1,1,0,1,1,0,1,1,1,1,0,1,1,1,1,0,0,0.0,-4645.880000000001,1
0,1,0,1,0,0,0,1,0,1,1,1,1,1,0,0,1,0,0,1,1,1,0,0,0,0,1,1,0,0,0,0,1,0,0,1,1,0,0,1,1,0,1,0,1,1,1,0,0,1,0,0,1,0,1,1,1,0,1,0,0,1,0,0,1,0,0,0,1,0,0,0,1,0,0,0,0,0,1,1,1,0,0,1,0,1,1,0,0,1,0,1,1,1,0,0,1,1,0,1,0,1,1,0,1,1,0,0,1,1,1,0,0,0,1,0,0,1,1,1,0,1,1,1,0,1,0,1,0,1,1,0,1,0,1,1,0,1,1,1,0,1,0,0,0,0,1,1,1,0,1,0,1,0,1,1,0,1,1,1,1,1,1,1,1,1,0,1,1,0,1,1,1,1,1,1,1,1,0,0,0.0,-4645.869999999999,1
1,1,1,1,0,0,1,0,1,0,1,1,0,0,1,0,0,1,0,1,0,1,1,0,0,1,1,0,0,1,1,0,1,0,0,1,0,0,1,1,0,0,1,0,1,0,0,0,1,0,1,1,0,1,1,0,1,1,0,0,0,0,0,0,1,0,0,1,1,1,1,0,1,0,0,1,1,1,1,0,0,0,1,0,0,1,0,1,0,1,0,1,1,1,1,1,1,1,1,1,1,1,0,0,0,1,1,0,1,0,1,1,1,0,1,1,0,0,1,0,0,0,1,0,1,1,0,0,0,1,0,0,1,1,1,1,0,0,0,1,1,0,1,1,0,0,1,1,0,0,1,0,1,1,1,0,0,0,1,0,0,1,0,0,1,0,0,1,0,0,1,1,0,0,1,0,1,1,1,1,0.0,-4645.859999999999,1
0,0,0,0,1,0,1,1,0,1,0,1,1,1,0,1,0,1,1,0,0,0,1,1,1,1,0,1,1,0,0,1,1,1,0,0,1,1,0,0,1,1,1,1,0,0,0,0,1,0,1,0,1,1,0,0,0,1,0,1,1,0,1,0,0,0,1,0,1,1,1,0,0,1,1,1,0,0,1,0,1,1,1,0,0,1,0,1,1,0,1,1,0,0,0,1,1,0,1,1,0,1,0,1,1,1,0,1,0,1,0,1,0,1,0,1,1,1,1,0,0,0,1,1,1,0,0,1,0,0,0,1,0,0,1,0,1,1,1,0,0,0,0,1,0,1,0,1,1,0,0,1,0,0,0,1,0,0,0,1,0,0,1,1,0,1,1,0,0,1,0,0,1,0,0,1,1,0,0,0,0.0,-4645.789999999998,1
0,1,1,0,1,0,1,1,0,1,1,0,1,0,0,1,1,1,1,0,0,0,1,1,1,0,1,1,1,0,1,1,0,0,0,0,1,0,1,1,0,1,0,0,0,0,0,1,1,1,1,1,1,1,0,0,0,1,1,1,0,0,1,1,0,0,1,0,1,1,0,1,1,1,1,0,0,0,0,0,1,1,0,1,1,1,1,1,1,0,0,1,0,1,1,1,0,1,1,0,0,0,0,0,0,0,1,1,0,0,0,0,0,1,0,1,1,0,0,0,0,0,0,0,0,0,1,1,1,0,1,0,0,1,0,0,1,0,0,0,0,0,0,1,1,1,0,0,0,1,0,1,0,1,0,1,1,0,0,1,1,0,1,0,0,0,1,1,0,1,0,0,1,1,0,0,0,0,0,1,0.0,-4645.66,1
1,0,0,1,0,0,0,1,0,1,1,1,1,1,1,0,0,0,0,1,1,1,0,0,0,0,1,0,0,0,0,0,1,0,0,1,0,0,0,1,1,0,1,0,1,1,1,0,0,1,0,0,1,0,1,1,1,0,0,0,1,1,0,0,1,0,0,1,1,0,1,0,1,0,0,0,0,0,1,1,0,0,0,1,0,0,1,0,0,1,1,1,1,1,0,1,0,1,0,1,0,1,0,0,1,0,0,0,1,1,1,1,0,0,1,0,0,1,1,1,1,1,1,1,0,1,0,1,0,1,0,0,0,0,1,1,0,1,1,1,0,1,0,0,0,0,1,1,1,1,1,1,1,0,1,1,0,0,1,0,0,1,1,1,1,1,0,1,1,0,1,1,1,0,1,1,1,1,1,0,0.0,-4645.660000000001,1
1,0,0,0,0,0,0,1,0,1,1,0,1,1,0,1,0,0,1,1,1,0,0,0,1,0,1,0,0,0,0,0,1,0,1,0,0,0,0,1,1,1,1,0,0,1,0,1,0,0,0,0,1,1,0,1,0,0,0,1,1,1,1,0,1,0,1,0,1,0,1,0,1,0,1,0,0,0,1,1,0,0,0,1,0,1,0,1,1,1,1,1,0,1,0,1,1,1,0,1,0,0,0,0,1,1,0,1,1,0,0,0,0,1,1,0,1,1,0,1,0,1,1,1,1,0,0,1,1,0,0,0,0,0,1,0,1,1,1,0,0,1,0,1,1,1,1,1,1,0,1,1,0,0,0,1,1,0,0,1,1,1,1,1,0,0,1,1,0,0,0,0,1,0,1,1,1,0,0,0,0.0,-4645.6,1
0,1,1,1,1,0,0,0,1,0,1,1,0,0,1,1,1,0,1,0,1,0,0,0,1,0,1,0,1,1,0,1,1,0,1,0,0,0,1,1,0,1,1,0,0,1,0,0,0,1,0,1,0,1,0,1,1,0,1,0,0,1,1,0,0,0,0,1,1,0,0,0,1,1,0,0,1,1,1,1,0,1,0,1,0,1,1,1,1,1,0,1,0,1,1,1,0,1,0,1,1,1,0,0,0,1,1,1,1,0,1,1,1,1,1,0,1,0,1,0,0,1,1,0,1,0,0,0,0,1,1,0,0,1,1,0,1,0,0,0,1,1,1,1,0,1,1,1,0,0,1,1,0,1,1,0,0,0,0,0,0,0,0,0,0,1,0,1,0,1,0,0,0,1,1,0,1,0,1,1,0.0,-4645.589999999998,1
0,1,0,0,0,0,1,1,0,1,1,0,1,0,0,0,1,1,0,1,0,1,1,1,0,0,0,0,0,0,0,0,0,1,0,1,0,0,0,1,1,0,1,0,1,0,1,0,1,1,1,0,1,1,1,0,0,1,0,1,0,0,0,0,1,0,0,0,1,1,1,0,1,1,1,0,0,0,0,1,0,1,0,1,1,1,1,0,0,1,0,1,1,1,0,1,1,1,0,1,0,1,0,0,1,1,0,0,1,0,0,0,0,0,0,1,0,1,1,0,0,1,1,0,1,1,0,1,0,0,0,0,1,0,1,1,0,1,1,1,0,1,0,0,0,0,0,1,1,0,1,0,1,0,0,1,0,0,1,1,1,1,1,1,1,1,1,1,1,1,1,1,1,0,0,1,1,1,0,0,0.0,-4645.58,1
1,1,0,1,1,0,0,1,0,1,0,0,1,0,1,1,0,0,1,0,1,0,0,0,1,1,1,1,1,0,0,1,1,0,1,0,1,1,1,0,1,1,1,1,0,1,0,1,0,0,0,0,1,1,0,1,1,0,0,0,0,1,1,0,0,0,1,1,1,0,1,0,0,1,1,1,0,0,0,0,1,1,1,0,0,1,0,1,1,0,1,1,0,0,0,1,1,0,1,1,0,0,0,1,1,1,0,1,1,0,1,1,0,1,1,0,1,1,0,1,0,0,1,0,1,0,0,1,1,1,0,1,0,0,1,0,1,1,1,0,0,0,0,1,0,1,0,1,1,0,0,1,0,0,1,1,1,0,0,0,0,0,1,1,0,1,0,0,0,1,0,0,1,0,1,1,1,0,1,0,0.0,-4645.550000000001,1
0,0,1,0,0,1,1,0,1,0,0,1,0,1,0,1,1,1,1,1,0,1,1,1,1,0,1,1,0,1,0,0,0,0,1,0,1,1,1,0,0,0,0,1,0,0,1,1,1,1,1,1,0,0,0,0,0,1,1,1,1,0,1,1,1,1,1,0,0,1,0,1,0,1,1,0,1,1,0,1,1,1,0,1,1,0,1,0,1,0,0,0,0,0,1,1,0,0,0,0,1,0,0,1,0,0,1,0,0,0,0,0,1,1,0,1,1,0,0,0,1,1,0,1,0,0,1,0,1,0,1,1,0,1,0,0,1,0,0,0,1,1,1,0,1,1,1,0,0,1,0,1,0,1,0,0,1,0,1,1,1,1,0,0,0,0,1,0,1,1,0,0,0,1,0,0,0,0,0,1,0.0,-4645.360000000001,1
1,0,0,0,1,0,0,1,0,1,1,1,1,1,0,1,0,0,1,1,1,0,0,0,1,1,0,1,1,0,0,0,1,1,1,0,1,0,0,1,1,1,0,0,0,1,0,1,0,1,0,0,1,0,0,1,0,0,0,1,1,1,1,1,0,0,0,0,1,0,1,1,1,0,1,1,0,0,1,0,1,0,1,0,0,1,1,1,1,1,1,1,0,1,0,1,1,0,1,0,0,0,0,0,1,0,0,1,0,1,0,0,0,1,1,0,1,1,0,1,0,0,0,1,0,0,1,1,1,0,0,0,0,0,0,0,1,1,1,0,0,0,0,1,1,1,1,0,1,1,1,1,0,0,0,1,1,0,0,1,1,0,1,1,0,0,1,0,0,0,0,0,1,0,1,1,0,0,0,0,0.0,-4645.16,1
0,1,1,1,0,1,0,0,1,0,1,0,0,0,1,0,1,0,0,1,1,1,0,0,0,0,1,1,0,1,0,0,1,0,0,1,1,0,1,1,0,0,1,0,1,1,1,0,0,0,0,1,0,1,1,1,1,0,1,0,0,1,0,0,1,1,0,1,0,0,0,0,1,0,0,0,1,1,1,0,1,0,0,1,0,0,0,1,0,0,0,0,1,1,1,0,0,1,1,1,1,1,1,0,0,1,1,0,1,0,1,0,1,0,1,0,0,0,1,1,1,0,1,0,1,1,0,0,0,1,1,0,0,1,1,1,0,0,0,1,1,0,1,1,0,0,1,1,0,0,1,1,1,1,1,1,0,1,1,0,1,1,0,1,1,1,0,1,0,0,1,1,0,1,1,0,1,1,1,1,0.0,-4644.9400000000005,1
1,0,0,0,0,0,0,1,0,1,1,1,1,1,0,0,0,0,0,1,1,1,0,0,0,0,1,0,0,0,1,0,1,0,0,1,0,0,0,1,1,0,1,0,1,1,0,1,0,1,0,0,1,0,1,1,0,0,0,1,1,1,0,0,1,0,0,0,1,0,1,0,1,0,1,0,0,0,1,1,0,1,0,1,0,1,1,1,0,1,1,1,1,1,0,0,1,1,0,1,0,0,1,0,1,1,0,0,1,1,0,0,0,0,1,0,0,1,0,1,0,1,1,1,0,1,0,1,1,0,0,0,1,0,1,1,0,1,1,1,0,1,0,1,0,0,1,1,1,0,0,1,1,0,0,1,1,1,1,1,1,1,1,1,1,1,1,1,1,1,1,1,1,0,1,1,1,1,0,0,0.0,-4644.92,1
1,1,1,1,1,1,1,0,1,0,1,1,0,1,1,1,1,1,1,0,0,0,1,0,1,1,1,1,1,1,0,1,0,0,1,0,1,0,1,1,0,1,1,0,0,0,0,0,1,0,1,1,0,1,0,0,1,1,1,0,0,0,1,0,0,1,1,1,0,1,0,0,1,0,0,1,1,1,0,0,1,0,1,0,1,0,0,1,1,0,0,0,0,1,1,1,0,0,1,1,1,1,0,0,0,1,0,1,1,0,1,1,1,1,1,1,1,0,1,0,1,0,1,1,0,0,0,0,0,1,1,0,0,1,1,0,1,0,0,0,1,0,1,1,0,1,0,1,0,0,0,1,0,1,1,0,0,0,0,0,0,0,0,1,0,1,0,0,0,0,0,0,0,1,1,0,1,0,1,1,0.0,-4644.819999999999,1
0,0,0,1,0,0,0,1,0,1,0,1,1,1,1,0,0,0,0,1,1,1,0,0,0,1,1,0,0,0,0,0,1,0,1,1,0,1,0,0,1,0,1,1,1,1,1,1,0,1,0,0,1,1,1,1,0,0,0,1,1,1,0,0,1,0,1,1,1,0,1,0,0,1,0,1,0,0,1,0,0,1,1,0,0,1,1,1,0,1,1,1,1,0,0,1,1,0,1,1,0,0,0,1,1,1,0,0,1,1,1,1,0,0,1,0,0,0,0,1,0,0,1,1,0,1,0,1,1,1,0,1,0,0,1,1,0,1,1,1,0,0,0,1,0,0,1,1,1,0,1,1,1,0,1,1,1,0,1,0,0,1,1,1,1,0,0,0,0,1,1,1,1,0,1,1,1,1,1,0,0.0,-4644.66,1
0,0,1,1,0,1,1,0,1,0,0,1,0,1,1,0,1,1,0,1,0,1,1,0,0,0,0,0,0,1,1,0,0,1,0,1,0,1,1,0,0,0,1,1,1,0,1,1,1,1,1,1,0,1,1,0,1,1,1,0,1,0,0,0,1,1,1,1,0,1,0,0,0,0,0,0,1,1,0,0,0,1,0,1,1,0,1,1,0,1,0,0,1,0,1,0,0,1,1,1,1,0,1,1,0,1,1,0,1,0,1,0,1,0,1,1,0,0,0,1,1,0,1,1,0,1,0,0,1,1,1,1,1,1,1,1,0,0,0,1,1,0,1,1,0,0,1,1,0,0,1,0,1,1,1,0,1,1,1,0,1,1,0,1,1,0,0,1,0,1,1,1,0,1,1,0,1,1,1,1,0.0,-4644.55,1
0,1,0,1,0,0,0,0,1,0,0,1,0,0,1,0,0,0,0,1,1,1,0,1,0,1,1,0,0,1,0,0,0,0,0,1,0,1,1,0,1,0,1,1,1,1,0,0,0,0,0,0,0,0,1,1,1,0,0,0,0,1,0,0,1,0,1,1,1,0,1,0,0,0,0,1,1,1,1,0,0,0,1,0,1,1,0,0,0,0,0,1,1,0,0,1,1,0,1,1,1,1,0,1,1,0,1,0,1,1,1,1,1,0,0,0,0,1,1,1,0,0,1,0,0,1,0,0,0,1,0,1,1,0,1,1,0,1,1,1,1,1,1,0,0,0,1,1,1,1,0,0,1,0,1,0,0,0,1,0,0,1,0,1,1,1,0,0,1,0,1,1,0,0,0,1,1,1,1,0,0.0,-4644.55,1
0,1,1,1,0,0,1,0,1,0,0,0,0,0,1,1,1,1,1,1,0,0,1,1,1,0,1,0,0,1,1,0,0,0,1,0,0,1,1,0,0,1,0,1,0,0,1,0,1,0,1,1,0,0,1,0,1,1,1,0,0,0,1,1,1,0,1,1,1,1,0,1,0,1,0,0,1,1,0,1,0,1,0,1,1,1,0,0,1,1,1,1,0,0,1,0,0,1,0,0,1,1,1,1,0,0,1,1,0,0,1,1,1,1,0,1,1,0,1,0,0,1,0,0,0,0,1,0,0,1,1,1,0,1,0,0,1,0,0,0,1,1,1,0,1,1,0,0,0,1,1,1,0,1,1,0,0,1,0,0,0,1,0,0,0,1,0,1,1,1,0,0,0,1,0,0,0,0,1,1,0.0,-4644.449999999999,1
0,1,1,0,1,0,0,0,1,0,0,1,0,0,0,1,0,0,1,0,1,0,0,0,1,0,1,1,1,1,0,1,1,0,1,0,1,1,1,0,1,1,1,1,0,1,1,1,0,0,0,1,0,0,0,1,0,0,1,1,0,1,1,0,0,0,1,0,1,0,0,0,0,0,1,0,1,1,1,1,1,0,0,1,0,1,0,0,1,0,0,1,0,0,1,1,0,1,0,1,1,0,0,1,0,1,1,1,1,0,0,0,1,1,1,0,1,0,0,1,0,1,1,0,0,0,0,0,1,0,1,1,1,1,1,0,1,0,0,0,1,1,1,0,0,1,1,1,1,0,0,0,0,0,0,0,1,0,0,1,1,0,0,0,0,0,1,1,1,0,0,0,0,1,1,1,1,0,0,0,0.0,-4644.35,1
0,1,0,0,0,0,1,1,0,1,0,0,1,1,0,1,0,1,1,1,0,0,1,0,1,0,1,0,0,0,1,0,0,0,1,0,0,1,0,0,1,1,1,1,0,0,0,1,1,1,1,0,1,0,0,0,0,1,0,1,0,0,1,0,1,0,1,0,1,1,1,0,0,1,1,0,0,0,0,0,0,1,0,1,1,0,1,0,1,1,1,1,0,0,0,0,1,1,1,1,0,0,1,1,1,1,0,1,1,1,0,0,0,1,1,1,1,1,0,0,1,0,1,1,1,0,0,1,1,0,0,1,0,0,1,0,1,1,1,0,0,0,0,0,0,1,1,1,1,0,1,1,0,0,0,1,1,1,0,1,1,1,1,0,0,0,1,1,1,1,0,0,1,0,1,1,1,0,0,0,0.0,-4644.22,1
0,0,0,0,1,0,1,1,0,1,1,1,1,0,0,1,1,1,1,0,0,0,1,0,1,0,1,1,1,0,0,1,0,0,1,0,1,0,0,1,1,1,0,0,0,0,1,0,1,1,1,0,1,1,0,0,0,1,1,1,1,0,1,1,0,0,0,0,1,1,0,1,1,1,1,0,0,0,0,1,1,1,0,1,1,1,1,0,1,0,1,1,0,1,0,1,1,1,0,0,0,1,0,0,1,0,0,1,0,1,0,0,0,1,1,0,1,1,1,0,0,1,0,0,1,0,1,1,0,0,1,0,0,0,0,0,1,1,1,0,0,1,0,0,1,1,1,0,1,1,0,1,0,0,0,1,0,0,0,1,1,0,1,1,0,1,1,1,0,1,0,0,1,1,1,1,0,0,0,0,0.0,-4644.199999999999,1
0,0,0,0,0,1,0,0,1,0,0,0,0,1,0,0,0,0,0,1,1,1,0,0,0,0,0,0,0,1,0,0,1,1,0,1,0,1,1,0,1,0,1,1,1,1,0,1,0,0,0,0,0,1,1,1,0,0,0,1,1,1,0,0,1,1,1,0,0,0,1,0,0,1,1,0,1,1,0,0,0,1,0,1,0,1,0,1,0,1,1,0,1,0,0,0,1,1,1,1,1,0,1,1,1,1,0,0,1,0,0,1,1,0,1,0,0,1,0,1,0,0,1,1,0,1,0,0,1,0,0,1,1,0,1,1,0,1,1,1,1,0,1,1,0,0,1,1,1,0,1,0,1,0,0,0,1,1,1,1,0,1,0,1,1,0,1,1,0,1,1,1,0,0,1,1,1,1,0,0,0.0,-4644.1900000000005,1
0,1,0,0,1,0,0,1,0,1,0,1,1,0,1,1,0,0,1,0,1,0,0,0,1,1,0,1,1,0,1,1,0,1,1,0,1,1,0,0,1,1,1,1,0,1,1,0,0,0,0,0,1,1,0,1,0,0,0,1,0,1,1,0,0,0,0,1,1,0,1,0,0,1,1,1,0,0,1,0,1,1,1,0,1,1,0,1,1,0,0,1,0,0,0,0,0,0,1,1,0,1,1,1,1,1,0,1,1,1,0,0,0,1,1,0,1,1,1,1,0,0,1,0,0,0,0,1,0,0,0,1,0,1,1,0,1,1,1,0,0,0,0,1,0,1,1,1,1,0,0,1,0,0,0,1,0,1,0,0,1,0,1,1,0,1,1,0,0,1,0,0,1,0,1,1,1,0,1,0,0.0,-4644.119999999998,1
1,1,0,0,0,1,1,0,1,0,1,1,0,1,0,0,0,1,0,1,0,1,1,1,0,0,1,0,0,1,1,0,0,0,0,1,0,0,1,1,1,0,1,0,1,0,0,1,1,0,1,0,0,0,1,0,0,1,0,1,0,0,0,0,1,1,1,0,0,1,1,0,1,0,1,0,1,1,0,0,0,0,0,1,1,0,0,0,0,1,1,0,1,1,0,1,1,0,1,1,1,0,0,0,1,1,0,0,1,1,0,1,1,0,0,1,0,1,0,0,1,0,1,1,1,1,0,0,1,0,0,0,1,0,1,1,0,1,1,1,1,1,1,0,0,0,1,1,1,0,1,0,1,0,0,0,1,0,1,1,0,1,0,1,1,0,1,0,1,0,1,1,0,0,0,1,1,1,0,0,0.0,-4643.930000000002,1
0,1,1,1,0,1,1,0,1,0,1,0,0,0,1,0,1,1,0,1,0,1,1,0,0,1,1,0,0,1,0,0,1,0,0,1,0,0,1,1,0,0,1,0,1,0,1,1,1,0,1,1,0,1,1,0,1,1,1,0,0,0,0,1,1,1,0,1,0,1,0,1,1,1,0,1,1,1,0,0,0,0,1,0,0,0,0,1,0,1,1,0,1,1,1,0,0,0,1,0,1,0,1,0,0,0,1,0,0,0,1,1,1,0,1,1,0,0,0,0,1,0,0,0,0,1,1,0,1,1,1,0,1,1,0,1,0,0,0,1,1,0,1,1,1,0,1,0,0,1,1,1,1,1,1,0,1,1,1,0,0,1,0,0,1,1,0,0,0,0,1,1,0,1,1,0,0,1,1,1,0.0,-4643.79,1
0,0,0,0,1,0,0,0,1,0,0,1,0,0,1,1,1,0,1,0,1,0,0,1,1,0,0,1,1,1,0,1,1,1,1,0,1,1,1,0,1,1,1,1,0,1,1,0,0,0,0,0,0,0,0,1,0,0,1,1,1,1,1,0,0,0,1,1,1,0,0,0,0,0,1,0,1,1,1,0,1,0,0,1,0,1,0,0,1,0,0,1,0,0,0,0,1,1,1,1,1,1,1,1,1,1,0,1,1,1,0,0,1,1,0,0,1,1,1,1,0,0,1,0,0,0,0,0,0,0,1,1,0,0,1,0,1,1,1,0,1,0,1,0,0,1,0,1,1,0,0,1,0,0,0,0,0,1,0,0,1,0,0,1,0,0,1,1,1,0,0,0,0,1,0,1,1,0,1,0,0.0,-4643.79,1
0,1,0,0,1,0,0,0,1,0,1,1,0,1,0,1,0,0,1,0,1,0,0,1,1,1,1,1,1,1,0,1,0,0,1,0,1,0,1,1,1,1,1,0,0,0,0,1,1,1,0,0,0,0,0,1,0,0,0,1,0,0,1,0,0,0,0,0,1,0,1,0,1,1,1,1,1,1,1,0,1,1,1,0,1,1,1,0,1,0,1,1,0,1,0,1,1,0,1,1,1,0,0,0,1,1,0,1,1,1,0,1,1,1,0,0,1,1,0,1,0,0,1,1,1,0,0,0,1,0,0,0,0,0,1,0,1,1,1,0,1,1,1,0,0,1,0,0,1,0,0,1,0,0,0,0,1,0,0,1,0,0,0,0,0,0,1,0,1,1,0,0,0,0,0,1,1,0,0,0,0.0,-4643.780000000001,1
0,1,0,0,0,0,0,1,0,1,1,1,1,1,0,0,0,0,0,1,1,1,0,1,0,0,1,0,0,0,1,0,1,0,0,1,0,0,0,1,1,0,1,0,1,1,0,1,0,0,0,0,1,0,1,1,0,0,0,1,0,1,0,0,1,0,0,0,1,0,1,0,1,0,1,0,0,0,1,1,0,1,0,1,0,1,0,1,0,1,0,1,1,1,0,0,1,0,0,1,0,0,1,0,1,1,1,0,1,1,0,0,0,0,0,0,0,1,0,1,0,1,1,1,0,1,0,1,1,0,0,0,1,0,1,1,0,1,1,1,0,1,0,1,0,0,1,1,1,0,1,0,1,0,0,1,1,1,1,1,1,1,1,1,1,0,1,0,1,1,1,1,1,0,0,1,1,1,0,0,0.0,-4643.710000000001,1
0,0,0,1,1,1,0,1,0,1,1,1,1,0,1,1,0,0,1,0,1,0,0,0,0,1,0,1,1,0,0,1,0,1,1,0,1,0,0,1,1,1,1,0,0,1,0,0,0,1,0,0,1,1,1,1,1,0,0,0,1,1,1,0,0,1,0,1,0,0,1,0,1,0,0,1,0,0,1,0,1,0,1,0,1,0,1,1,1,0,1,0,0,1,0,1,1,0,1,1,0,1,0,0,1,1,0,1,1,1,1,1,0,0,1,0,1,0,1,1,1,0,1,0,1,0,0,1,0,1,0,0,1,0,1,0,1,1,1,0,0,0,0,1,0,1,0,1,1,0,0,0,0,0,1,1,0,0,0,0,0,0,1,0,1,1,0,0,0,0,0,0,1,0,1,1,1,0,1,0,0.0,-4643.549999999997,1
1,1,1,1,1,1,0,1,0,1,1,1,1,1,1,1,1,0,1,0,1,0,0,1,1,0,1,1,1,0,0,1,1,0,1,0,1,0,0,1,0,1,0,0,0,1,1,1,0,1,0,1,1,0,0,1,1,0,1,0,0,1,1,1,0,1,1,1,0,0,0,1,1,1,0,0,0,0,1,1,1,1,0,1,0,0,1,0,1,0,1,0,0,1,1,1,1,0,0,0,0,0,0,0,0,1,1,1,1,0,1,0,0,1,0,0,1,0,0,1,1,1,0,1,1,0,1,1,1,1,1,0,0,1,1,0,1,0,0,0,0,1,0,0,0,1,0,0,0,0,0,1,0,1,1,1,1,0,0,0,1,0,1,1,0,0,0,0,1,1,0,0,1,1,0,0,0,0,1,1,0.0,-4643.540000000001,1
0,1,0,1,1,0,0,1,0,1,0,1,1,0,1,1,0,0,1,0,1,0,0,0,1,1,0,1,1,0,0,1,1,1,1,0,1,1,0,0,1,1,1,1,0,1,0,1,0,1,0,0,1,0,0,1,1,0,0,0,0,1,1,0,0,0,0,1,1,0,1,0,0,1,0,1,0,0,1,0,1,1,1,0,0,0,1,1,1,0,1,1,0,0,0,1,0,0,1,1,0,0,0,1,1,1,0,1,1,1,1,1,0,1,1,0,1,1,0,1,1,0,1,0,0,0,0,1,1,1,0,1,1,0,1,0,1,1,1,0,0,0,0,1,0,1,1,1,1,0,0,0,0,0,1,1,1,0,0,0,0,0,1,0,0,0,0,0,0,1,0,0,1,0,1,1,1,0,1,0,0.0,-4643.26,1
1,0,0,1,0,0,0,1,0,1,0,1,1,1,1,0,0,0,0,1,1,1,0,0,0,1,0,0,0,0,0,0,1,1,0,1,0,1,0,0,1,0,1,1,1,1,1,1,0,0,0,0,1,1,1,1,1,0,0,0,1,1,0,0,1,0,1,1,1,0,1,0,0,0,0,1,0,0,1,0,0,0,1,1,0,1,0,1,0,1,1,1,1,0,0,1,1,1,1,1,1,0,0,1,1,1,0,0,1,0,1,0,0,0,1,0,0,1,0,1,0,0,1,1,1,1,0,1,1,1,0,1,1,0,1,1,0,1,1,1,0,0,0,1,0,0,1,1,1,0,1,0,1,0,1,1,1,0,1,0,1,1,1,1,1,0,0,1,0,0,1,1,0,0,1,1,1,1,1,0,0.0,-4643.17,1
1,1,0,0,0,1,1,1,0,1,1,0,1,1,1,0,0,1,0,1,0,1,1,1,0,1,1,0,0,0,1,0,0,0,0,1,0,0,0,1,1,0,1,0,1,0,1,0,1,0,1,0,1,1,1,0,0,1,0,1,0,0,0,0,1,1,0,1,0,1,1,0,1,1,1,1,0,0,0,0,0,1,1,0,1,0,0,1,0,0,0,0,1,1,0,0,1,0,1,1,0,1,1,0,1,1,0,0,1,0,0,0,0,0,0,1,0,1,1,0,1,0,1,1,0,1,0,1,0,0,0,0,1,0,1,1,0,1,1,1,0,0,0,1,0,0,1,1,1,0,0,0,1,0,0,1,0,1,1,0,1,1,1,1,1,1,1,0,0,1,1,1,1,0,0,1,1,1,1,0,0.0,-4643.019999999999,1
1,1,1,0,0,0,1,0,1,0,1,1,0,1,0,1,1,1,1,1,0,1,1,0,1,1,1,1,0,1,0,0,0,0,1,0,1,1,1,0,0,0,0,1,0,0,1,1,1,1,1,1,0,1,0,0,0,1,1,1,0,0,1,1,1,0,0,0,1,1,0,1,1,0,1,1,1,1,0,0,1,0,1,0,1,1,1,1,1,0,0,1,0,0,1,0,0,1,1,0,1,0,1,0,0,0,1,0,0,0,0,1,1,1,1,1,1,0,0,0,0,0,0,1,1,0,1,0,1,0,1,1,0,1,0,0,1,0,0,0,1,0,1,1,1,1,1,0,0,1,0,1,0,1,0,0,1,1,1,1,0,1,0,0,0,0,1,1,0,0,0,0,0,1,1,0,0,0,0,1,0.0,-4642.799999999998,1
0,1,1,1,1,1,0,1,0,1,1,1,1,0,1,1,1,0,1,0,1,0,0,0,1,0,0,1,1,0,1,1,0,1,1,0,1,0,0,1,0,1,1,0,0,1,1,0,0,1,0,1,1,1,0,1,1,0,1,0,0,1,1,0,0,1,0,1,0,0,0,0,1,1,0,0,0,0,1,1,1,1,0,1,1,0,1,1,1,1,1,0,0,1,1,1,0,1,0,1,0,1,0,0,0,1,1,1,1,0,1,0,0,1,1,0,1,0,1,1,1,1,1,0,1,0,0,1,0,1,1,0,0,1,1,0,1,0,0,0,0,1,0,1,0,1,0,1,0,0,1,0,0,1,1,1,0,0,0,0,1,0,1,0,0,0,0,1,0,1,0,0,1,1,1,0,1,0,1,1,0.0,-4642.3799999999965,1
1,1,1,0,1,0,0,0,1,0,1,1,0,0,0,1,1,0,1,0,1,0,0,0,1,1,1,1,1,1,0,1,1,0,1,0,1,0,1,1,1,1,1,0,0,1,1,1,0,1,0,1,0,1,0,1,0,0,1,1,0,1,1,0,0,0,0,0,1,0,0,0,1,1,1,1,1,1,1,0,1,1,1,0,0,0,1,1,1,0,0,1,0,1,1,1,0,0,1,1,1,0,0,0,0,1,1,1,1,0,0,0,1,1,1,0,1,0,0,1,1,0,1,0,0,0,0,0,1,0,1,0,0,1,1,0,1,0,0,0,1,0,1,1,0,1,1,1,1,0,0,1,0,0,0,1,1,0,0,1,1,0,0,1,0,0,1,0,0,1,0,0,0,1,1,1,1,0,0,0,0.0,-4642.319999999999,1
1,0,1,0,1,0,0,0,1,0,0,1,0,1,0,1,1,0,1,0,1,0,0,0,1,0,0,1,1,1,0,1,1,1,1,0,1,1,1,0,1,1,1,1,0,1,1,1,0,0,0,1,0,0,0,1,1,0,1,0,1,1,1,0,0,0,1,0,1,0,0,0,0,0,1,0,1,1,1,1,1,0,0,1,0,1,0,0,1,0,0,1,0,0,1,1,0,1,0,1,1,0,0,1,0,1,1,1,1,0,0,0,1,1,1,0,1,0,0,1,0,1,1,1,0,0,0,0,1,0,1,1,0,1,1,0,1,0,0,0,1,1,1,0,0,1,1,1,0,0,1,1,0,1,0,0,1,0,0,1,1,0,0,0,0,0,1,1,1,0,0,0,0,1,1,0,1,0,0,0,0.0,-4642.31,1
0,1,0,0,0,1,0,1,0,1,1,0,1,0,1,0,1,0,0,1,1,1,0,1,0,0,1,0,0,0,0,0,1,0,0,1,0,0,0,1,1,0,1,0,1,1,0,0,0,1,0,0,1,1,1,1,0,0,1,1,0,1,0,0,1,1,0,1,0,0,0,0,1,1,1,0,0,0,1,1,0,1,0,1,0,0,1,1,0,1,0,0,1,1,0,1,1,1,0,1,0,1,0,0,1,0,0,0,1,1,0,0,0,0,0,0,0,1,1,1,1,1,1,0,0,1,0,1,0,0,1,0,1,0,1,1,0,1,1,1,0,1,0,1,0,0,1,1,1,1,1,0,1,0,0,1,0,0,1,0,1,1,1,0,1,1,1,1,0,1,1,1,1,1,0,1,1,1,1,0,0.0,-4641.979999999999,1
0,1,1,0,1,1,0,0,1,0,0,1,0,0,0,1,1,0,1,0,1,0,0,0,1,0,0,1,1,1,0,1,1,1,1,0,1,1,1,0,0,1,1,1,0,1,1,0,0,1,0,1,0,1,0,1,0,0,1,1,0,1,1,0,0,1,1,0,0,0,0,0,0,0,1,0,1,1,0,1,1,0,0,1,0,0,1,1,0,1,1,0,0,0,1,1,0,1,0,1,1,1,0,1,0,1,1,1,1,0,0,0,1,1,1,0,1,0,1,0,1,1,1,0,1,0,0,0,0,0,1,1,0,1,1,0,1,0,0,0,1,1,1,1,0,1,1,1,0,0,1,0,0,1,0,0,0,0,0,1,1,0,0,0,0,1,1,1,0,0,0,0,0,1,1,0,1,0,0,1,0.0,-4641.769999999998,1
1,0,0,0,1,0,1,0,1,0,1,1,0,0,0,1,0,1,1,0,0,0,1,1,1,0,1,1,1,1,0,1,0,0,1,0,1,0,1,1,1,1,0,0,0,0,0,0,1,0,1,0,0,0,0,0,0,1,1,1,1,0,1,1,0,0,0,0,1,1,1,1,1,1,1,0,1,1,0,1,1,1,0,1,1,1,0,1,1,0,1,1,0,1,0,0,1,1,0,0,1,1,1,0,1,0,0,1,0,1,0,0,1,1,0,1,1,1,1,0,0,1,0,0,1,0,1,0,0,0,0,0,0,0,0,0,1,1,1,0,1,1,1,1,1,1,0,0,1,1,0,1,0,0,0,0,0,1,0,1,1,0,0,1,0,1,1,1,0,1,0,0,0,1,0,1,0,0,0,0,0.0,-4641.659999999999,1
0,1,1,0,1,1,1,0,1,0,1,0,0,0,0,1,0,1,1,0,0,0,1,0,1,1,1,1,1,1,0,1,0,0,1,0,1,0,1,1,0,1,0,0,0,0,1,1,1,0,1,1,0,1,0,0,0,1,1,1,0,0,1,1,0,1,1,0,0,1,0,1,1,0,1,1,1,1,0,0,1,0,1,0,1,0,0,1,1,0,0,0,0,1,1,1,0,0,1,0,1,0,0,0,0,1,0,1,0,0,0,0,1,1,1,1,1,0,0,0,1,0,0,0,0,0,1,0,1,0,1,0,0,1,0,0,1,0,0,0,1,0,1,1,1,1,1,0,0,0,0,1,0,1,0,0,1,0,0,1,1,0,0,0,0,0,1,0,0,0,0,0,0,1,1,0,0,0,0,1,0.0,-4641.5599999999995,1
1,1,1,1,0,1,0,0,1,0,0,1,0,0,1,0,1,0,0,1,1,1,0,0,0,0,1,0,0,1,0,0,0,0,0,1,0,1,1,0,1,0,1,1,1,1,1,0,0,0,0,1,0,0,1,1,1,0,1,0,0,1,0,0,1,1,1,1,0,0,0,0,0,0,0,0,1,1,0,1,0,0,0,1,1,0,0,0,0,1,1,0,1,0,1,1,0,0,0,1,1,1,0,1,0,1,1,0,1,0,1,0,1,0,1,0,0,0,1,1,1,1,1,0,0,1,0,0,0,1,1,1,0,1,1,1,0,0,0,1,1,1,1,0,0,0,1,1,0,0,1,1,1,1,1,0,0,0,1,0,1,1,0,0,1,0,0,0,1,0,1,1,0,1,1,0,1,1,1,0,0.0,-4641.43,1
1,0,0,0,1,0,1,1,0,1,0,1,1,1,0,1,0,1,1,0,0,0,1,0,1,0,0,1,1,0,0,1,0,1,1,0,1,1,0,0,1,1,1,1,0,0,1,1,1,0,1,0,1,1,0,0,0,1,0,1,1,0,1,0,0,0,0,0,1,1,1,0,0,0,1,0,0,0,1,1,1,0,0,1,1,0,0,1,1,0,1,0,0,0,0,0,1,1,0,1,0,0,1,1,1,1,0,1,1,1,0,0,0,1,1,1,1,1,0,0,1,1,1,1,1,0,0,1,1,0,0,1,0,0,1,0,1,1,1,0,0,1,0,1,0,1,1,1,1,0,0,0,0,0,0,1,1,1,0,1,1,0,1,1,0,0,1,1,0,0,0,0,1,0,1,1,1,0,0,0,0.0,-4641.249999999999,1
0,1,1,0,1,0,0,0,1,0,1,0,0,0,0,1,1,0,1,0,1,0,0,1,1,0,0,1,1,1,0,0,0,1,1,0,1,0,1,1,0,1,1,0,0,1,1,1,0,1,0,1,0,1,0,1,0,0,1,1,0,1,1,0,0,0,0,0,1,0,0,0,1,0,1,0,1,1,1,1,1,0,0,1,1,1,1,0,1,0,1,1,0,1,1,1,0,0,0,1,1,0,0,0,0,0,1,1,1,0,0,0,1,1,0,0,1,0,0,1,0,1,1,0,1,0,0,0,1,0,1,0,0,1,1,0,1,0,0,0,1,1,1,0,0,1,1,1,0,1,0,1,0,1,0,0,1,0,0,1,1,0,0,0,0,0,1,0,1,0,0,0,0,1,0,0,1,0,0,1,0.0,-4641.199999999998,1
1,1,0,1,1,0,0,1,0,1,1,1,1,0,1,1,0,0,1,0,1,0,0,1,0,0,1,1,1,0,0,1,1,0,1,0,1,0,0,1,1,1,1,0,0,1,0,0,0,1,0,0,1,1,1,1,1,0,0,0,0,1,1,0,0,0,0,1,1,0,1,0,1,1,0,0,0,0,1,1,1,1,0,1,0,1,1,0,1,1,0,1,0,1,0,1,1,1,0,1,0,1,0,0,1,1,1,1,1,0,1,0,0,0,0,0,1,1,1,1,0,1,1,0,1,0,0,1,0,1,0,0,1,0,1,0,1,1,1,0,0,1,0,0,0,1,0,1,1,0,1,0,0,0,1,1,0,0,0,0,1,0,1,1,1,1,0,1,1,1,0,0,1,0,0,1,1,0,1,0,0.0,-4641.1799999999985,1
0,1,0,0,1,1,0,1,0,1,1,1,1,1,0,1,0,0,1,0,1,0,0,1,1,1,0,1,1,0,0,1,0,1,1,0,1,0,0,1,0,1,0,0,0,0,0,1,1,0,0,0,1,1,0,1,0,0,0,1,0,0,1,1,0,1,0,0,0,0,1,1,1,1,1,1,0,0,1,0,1,1,1,0,1,0,0,1,1,0,1,0,0,1,0,1,1,0,1,0,0,0,0,0,1,1,0,1,0,1,0,1,0,1,0,0,1,1,0,1,1,0,0,1,1,0,1,1,1,0,0,0,0,0,0,0,1,1,1,0,0,0,0,1,1,1,0,0,1,0,0,1,0,0,0,1,1,0,0,1,0,0,1,1,0,0,1,0,0,1,0,0,1,0,0,0,0,0,0,1,0.0,-4641.08,1
0,0,0,1,1,0,0,1,0,1,1,0,1,1,1,1,0,0,1,0,1,0,0,1,0,0,1,1,1,0,0,1,1,0,1,0,1,0,0,1,1,1,1,0,0,1,0,1,0,0,0,0,1,0,1,1,1,0,0,0,1,1,1,0,0,0,0,1,1,0,1,0,1,1,0,0,0,0,0,1,1,1,0,1,0,1,0,0,1,0,1,1,0,1,0,1,1,1,0,1,0,0,0,0,1,1,0,1,1,1,1,1,0,0,0,0,1,1,1,1,0,1,1,1,0,0,0,1,1,1,0,0,1,0,1,0,1,1,1,0,0,1,0,0,0,1,0,1,1,0,0,0,0,0,1,1,1,0,0,0,0,0,1,1,1,0,0,1,1,1,0,0,1,0,0,1,1,0,1,0,0.0,-4641.050000000001,1
0,1,0,0,0,1,0,1,0,1,0,1,1,1,1,0,0,0,0,1,1,1,0,0,0,1,1,0,0,0,0,0,1,0,0,1,0,1,0,0,1,0,1,1,1,1,0,0,0,0,0,0,1,0,1,1,0,0,0,1,0,1,0,0,1,1,1,1,0,0,1,0,0,1,1,1,0,0,1,0,0,1,1,0,0,0,0,1,0,1,1,0,1,0,0,1,1,1,1,1,0,1,0,1,1,1,0,0,1,1,0,0,0,0,1,0,0,0,1,1,1,0,1,1,0,1,0,1,0,0,0,1,1,0,1,1,0,1,1,1,0,0,0,1,0,0,1,1,1,0,1,0,1,0,0,0,0,0,1,0,1,1,1,1,1,1,1,1,0,1,1,1,1,0,1,1,1,1,1,0,0.0,-4640.969999999999,1
0,0,0,1,0,0,0,1,0,1,0,1,1,0,1,0,0,0,0,1,1,1,0,0,0,1,0,0,0,0,0,0,1,1,0,1,0,0,0,1,1,0,1,0,1,1,1,0,0,0,0,0,1,0,1,1,1,0,0,0,1,1,0,0,1,0,1,1,1,0,1,0,0,0,0,1,0,0,1,0,0,0,1,0,0,1,0,0,1,1,0,1,1,1,0,0,1,0,1,1,0,1,1,1,1,0,0,0,1,1,1,0,0,0,1,0,0,1,1,1,0,0,1,0,0,1,0,1,0,1,0,0,1,0,1,1,0,1,1,1,0,0,0,0,0,0,1,1,1,1,1,0,1,0,1,1,0,1,1,0,1,1,1,1,1,1,0,0,1,0,1,1,1,0,1,1,1,1,1,0,0.0,-4640.820000000001,1
1,0,1,0,1,0,1,0,1,0,0,1,0,1,1,1,0,1,1,0,0,0,1,0,1,0,0,1,1,1,1,1,0,1,1,0,1,1,1,0,0,1,1,1,0,0,0,1,1,1,1,1,0,1,0,0,0,1,0,1,1,0,1,0,0,0,0,1,1,1,1,0,0,0,1,0,1,1,0,1,1,0,0,1,1,0,1,1,1,0,0,0,0,0,1,0,0,1,0,1,1,0,1,1,0,1,1,1,1,0,0,0,1,1,1,1,1,0,0,0,1,1,1,1,1,0,0,0,1,0,0,1,0,1,1,0,1,0,0,0,1,1,1,1,0,1,0,1,0,0,0,1,0,1,0,0,1,1,0,0,1,0,0,0,0,0,1,1,0,0,0,0,0,0,1,0,1,0,1,1,0.0,-4640.789999999998,1
0,1,0,1,1,1,0,0,1,0,0,1,0,0,1,0,0,0,0,0,1,0,0,1,1,1,1,1,1,1,0,1,1,0,0,1,1,1,1,0,1,1,1,1,0,1,0,0,0,1,0,0,0,0,0,1,1,0,0,0,0,1,0,0,0,1,1,1,0,0,1,0,0,1,0,1,1,1,1,0,1,0,1,0,0,0,1,0,1,1,0,0,0,0,0,1,1,0,1,1,1,1,0,1,1,1,0,1,1,1,1,1,1,1,0,0,0,1,1,1,1,0,1,0,1,1,0,0,0,1,0,1,0,0,1,1,0,1,1,1,1,0,1,0,0,1,0,1,1,0,1,1,1,0,1,0,0,0,0,0,0,0,0,1,0,1,0,0,1,0,1,1,0,0,0,1,1,0,1,0,0.0,-4640.37,1
0,1,1,0,1,0,1,0,1,0,1,0,0,0,0,1,1,1,1,0,0,0,1,0,1,0,1,1,1,1,0,1,0,0,1,0,1,0,1,1,0,1,0,0,0,0,0,1,1,1,1,1,0,1,0,0,0,1,1,1,0,0,1,1,0,0,0,0,1,1,0,1,1,1,1,0,1,1,0,0,1,1,0,1,1,1,1,1,1,0,1,1,0,1,1,0,0,1,1,0,0,0,1,0,0,1,1,1,0,0,0,0,1,1,1,1,1,1,0,0,0,0,0,0,1,0,1,0,1,0,1,0,0,1,0,0,1,0,0,0,1,0,1,1,1,1,0,0,0,0,0,1,0,1,0,0,1,1,0,1,1,0,0,0,0,0,1,1,0,1,0,0,1,1,1,0,0,0,0,1,0.0,-4640.219999999999,1
0,1,0,0,1,1,1,1,0,1,0,0,1,1,0,1,1,1,1,0,0,0,1,1,1,1,1,1,1,0,1,1,0,0,1,0,1,0,0,0,1,1,1,1,0,0,0,1,1,1,1,0,1,0,0,0,0,1,0,1,0,0,1,0,0,1,1,0,0,1,1,0,0,1,1,1,0,0,0,0,1,1,1,0,1,0,1,0,1,0,1,0,0,0,0,0,1,0,1,1,0,0,1,1,1,1,0,1,1,1,0,0,0,1,0,1,1,0,0,0,1,0,1,1,0,0,0,1,1,0,0,0,0,0,1,0,1,1,1,0,0,0,0,0,0,1,0,1,1,0,0,1,0,0,0,1,1,1,0,1,1,0,1,1,0,0,1,0,1,1,0,0,1,0,0,1,1,0,0,0,0.0,-4640.009999999999,1
0,1,1,0,1,0,1,0,1,0,0,0,0,0,0,1,1,1,1,0,0,0,1,0,1,0,0,1,1,1,1,1,0,1,1,0,1,1,1,0,0,1,1,1,0,0,1,0,1,1,1,1,0,1,0,0,0,1,1,1,0,0,1,0,0,0,1,0,1,1,0,0,0,0,1,0,1,1,0,0,1,0,0,1,1,0,1,1,1,0,1,0,0,0,1,0,0,1,1,1,1,1,1,1,0,1,1,1,0,0,0,0,1,1,1,1,1,0,1,0,1,0,1,0,1,0,0,0,0,0,1,1,0,1,1,0,1,0,0,0,1,0,1,1,0,1,0,1,0,0,0,1,0,1,0,0,0,1,0,1,1,1,0,0,0,1,1,1,0,0,0,0,0,1,1,0,1,0,0,1,0.0,-4639.859999999999,1
1,1,1,1,1,1,0,1,0,1,1,1,1,1,1,1,1,0,1,0,1,0,0,0,1,1,1,1,1,0,0,1,0,0,1,0,1,0,1,1,0,1,0,0,0,0,1,1,1,1,0,1,1,1,0,1,1,0,1,0,0,0,1,1,0,1,0,1,0,0,0,1,1,1,0,1,0,0,1,0,1,1,1,0,1,1,1,1,1,0,0,1,0,1,1,0,0,0,1,0,0,0,1,0,0,0,1,1,0,0,1,1,0,1,1,0,1,0,0,1,0,0,0,1,1,0,1,1,1,1,1,0,0,1,0,0,1,0,0,0,0,0,0,1,1,1,1,0,0,1,0,1,0,1,1,1,1,1,0,0,0,0,1,0,0,0,0,0,0,1,0,0,1,1,1,0,0,0,1,1,0.0,-4639.829999999999,1
0,1,0,0,0,0,0,0,1,0,1,1,0,0,1,0,0,0,0,1,1,1,0,1,0,1,1,0,0,1,1,0,1,0,0,1,0,0,1,1,1,0,1,0,1,1,0,0,0,0,0,0,0,1,1,1,0,0,1,1,0,1,0,0,1,0,0,1,1,0,1,0,1,0,1,1,1,1,1,0,0,0,1,0,0,1,0,1,0,1,1,1,1,1,0,1,1,0,1,1,1,1,0,0,1,1,0,0,1,1,0,1,1,0,0,0,0,1,1,1,0,0,1,0,1,1,0,0,0,0,0,0,1,0,1,1,0,1,1,1,1,0,1,1,0,0,0,1,1,0,1,0,1,0,0,0,0,0,1,0,0,1,0,0,1,1,1,0,0,0,1,1,0,1,0,1,1,1,1,0,0.0,-4639.66,1
1,1,1,1,1,0,0,0,1,0,1,0,0,0,1,0,1,0,0,0,1,1,0,0,0,1,1,1,1,1,0,1,1,0,0,1,1,0,1,1,0,0,1,0,1,1,1,0,0,1,0,1,0,1,1,1,1,0,1,0,0,1,0,0,0,0,0,1,1,0,0,0,1,0,0,1,1,1,1,0,1,0,1,0,0,1,1,1,0,0,0,1,1,1,1,1,0,1,1,1,1,1,0,0,0,1,1,0,1,0,1,1,1,0,1,0,0,0,1,1,0,0,1,0,1,1,1,0,0,1,1,0,1,1,1,1,0,0,0,1,1,0,1,1,0,0,1,1,0,0,0,0,1,1,1,1,0,0,1,0,0,0,0,1,1,1,0,1,0,0,1,1,0,1,1,0,1,1,1,1,0.0,-4639.5999999999985,1
1,1,1,1,0,1,0,0,1,0,0,0,0,1,1,0,0,0,0,1,1,1,0,1,0,1,1,0,0,1,0,0,1,0,0,1,0,1,1,0,1,0,1,1,1,1,0,1,0,1,0,1,0,0,1,1,1,0,0,0,0,1,0,0,1,1,1,1,0,0,1,0,0,1,0,1,1,1,1,0,0,1,1,0,0,0,1,0,0,1,0,0,1,0,1,1,0,0,1,1,0,0,0,1,0,1,1,0,1,0,1,0,1,0,0,0,0,0,0,1,1,0,1,1,1,1,0,0,1,1,0,1,1,1,1,1,0,0,0,1,1,0,1,0,0,0,1,1,0,0,1,0,1,1,1,0,1,0,1,0,1,1,0,0,1,0,0,0,1,1,1,1,1,0,0,0,1,1,1,0,0.0,-4639.600000000001,1
0,1,1,1,1,1,0,0,1,0,1,1,0,1,1,1,1,0,1,0,1,0,0,1,1,1,1,1,1,1,0,1,1,0,1,0,1,0,1,1,1,1,1,0,0,1,0,0,0,0,0,1,0,0,0,1,1,0,1,0,0,1,1,0,0,1,1,1,0,0,0,0,1,0,0,1,1,1,1,0,1,0,1,0,0,0,0,0,1,0,0,0,0,1,1,0,0,0,1,1,1,1,1,0,0,0,1,1,1,1,1,0,1,1,0,0,1,0,1,1,1,0,1,1,1,0,0,0,0,1,1,0,0,1,1,0,1,0,0,0,1,0,1,0,0,1,1,1,1,1,0,1,0,0,1,0,0,1,0,0,1,0,0,0,0,1,0,0,1,0,0,0,0,1,0,1,1,0,1,0,0.0,-4639.549999999999,1
0,1,0,1,0,0,0,1,0,1,1,1,1,0,1,0,0,0,0,1,1,1,0,1,0,0,1,0,0,0,0,0,1,0,0,0,0,0,0,1,1,0,1,0,1,1,1,1,0,1,0,0,1,1,1,1,1,0,0,0,0,1,0,0,1,0,0,1,1,0,1,0,1,0,0,0,0,0,1,1,0,0,0,1,0,0,1,0,0,1,0,0,1,1,0,1,1,0,0,1,0,0,0,0,1,1,0,0,1,1,1,1,0,0,0,0,0,1,0,1,1,1,1,0,0,1,0,1,1,1,0,0,1,0,1,1,0,1,1,1,0,1,0,0,0,0,0,1,1,0,1,0,1,0,1,1,1,0,1,0,0,1,1,1,1,0,0,0,1,0,1,1,1,0,0,1,1,1,1,0,0.0,-4639.34,1
1,1,0,1,0,1,0,0,1,0,1,0,0,1,1,0,0,0,0,1,1,1,0,0,0,1,0,0,0,1,0,0,1,1,1,1,0,0,1,1,1,0,1,0,1,1,1,1,0,1,0,0,0,1,1,1,1,0,0,0,0,1,0,0,1,1,0,1,0,0,1,0,1,0,0,1,1,1,0,0,0,0,1,0,0,1,1,1,0,1,1,0,1,1,0,1,1,0,1,1,1,0,0,0,1,1,0,0,1,1,1,0,1,0,1,0,0,1,0,1,0,0,1,1,0,1,0,0,1,1,0,0,1,0,1,1,0,1,1,1,1,0,1,1,0,0,0,0,1,0,1,0,1,0,1,0,1,0,1,0,1,1,0,1,1,0,0,0,0,0,1,1,0,0,1,1,1,1,1,0,0.0,-4638.999999999999,1
0,0,1,0,0,1,0,0,1,0,1,1,0,1,0,0,0,0,0,1,1,1,0,0,0,0,1,1,0,1,0,0,1,0,0,1,1,0,1,1,0,0,1,0,1,1,0,1,0,1,0,1,0,1,1,1,0,0,0,1,1,1,0,0,1,1,1,0,0,0,1,0,1,0,1,0,1,1,1,0,1,0,0,1,0,0,1,1,0,1,1,0,1,1,1,1,1,1,1,1,1,0,0,0,0,1,1,0,1,0,0,0,1,0,1,0,0,0,0,1,1,0,1,1,0,1,0,0,1,0,0,0,1,1,1,1,0,0,0,1,1,0,1,1,0,0,1,1,0,0,1,0,1,1,0,1,1,0,1,1,1,1,0,0,1,0,1,1,0,0,1,1,0,0,1,0,1,1,0,1,0.0,-4638.960000000001,1
0,1,1,1,0,1,0,0,1,0,1,1,0,1,1,0,1,0,0,1,1,1,0,0,0,0,1,0,0,1,0,0,1,0,0,1,0,0,1,1,0,0,0,0,1,1,1,0,0,1,0,1,0,0,1,1,1,0,1,0,0,1,0,1,1,1,0,1,0,0,0,1,1,1,0,0,1,1,1,1,0,1,0,1,0,0,1,1,0,1,0,0,1,1,1,0,0,1,0,0,1,1,1,0,0,1,1,0,0,0,1,0,1,0,1,0,0,0,1,1,1,1,0,1,0,1,1,0,0,1,1,0,0,1,0,1,0,0,0,1,1,1,1,1,1,0,0,0,0,0,1,1,1,1,1,0,0,1,1,0,1,1,0,1,1,1,0,1,0,1,1,1,0,1,1,0,0,1,1,1,0.0,-4638.9400000000005,1
1,0,1,1,0,0,0,0,1,0,0,1,0,0,1,0,1,0,0,1,1,1,0,0,0,0,1,0,0,1,1,0,0,0,0,1,0,1,1,0,0,0,0,1,1,1,1,1,0,1,0,1,0,1,1,1,1,0,1,0,1,1,0,1,1,0,0,1,1,0,0,1,0,0,1,0,1,1,1,1,0,0,0,1,1,1,1,1,0,1,1,1,1,0,1,1,0,1,1,0,1,0,0,1,0,0,1,0,0,0,1,0,1,0,1,0,0,0,0,1,0,0,0,0,0,1,1,0,1,1,1,1,1,1,0,1,0,0,0,1,1,1,1,1,1,0,1,0,0,1,1,0,1,1,1,0,1,0,1,0,1,1,0,1,1,0,0,1,0,0,1,1,0,1,1,0,0,1,1,1,0.0,-4638.830000000001,1
0,1,0,0,1,1,1,1,0,1,0,1,1,0,0,1,0,1,1,0,0,0,1,1,1,1,1,1,1,0,0,1,0,0,1,0,1,1,1,0,1,1,1,1,0,0,0,0,1,0,1,0,1,1,0,0,0,1,0,1,0,0,1,0,0,1,1,0,0,1,1,0,0,1,1,1,0,0,1,0,1,1,1,0,1,0,0,1,1,0,1,0,0,0,0,0,1,0,1,1,0,1,1,1,1,1,0,1,1,1,0,1,0,1,0,1,1,1,1,0,1,0,1,0,0,0,0,1,0,0,0,1,1,0,1,0,1,1,1,0,0,0,0,1,1,1,0,1,1,0,0,0,0,0,0,1,0,1,0,1,0,0,1,1,0,1,1,0,0,1,0,0,1,0,0,1,1,0,0,0,0.0,-4638.729999999999,1
0,0,0,0,0,1,0,1,0,1,1,1,1,1,1,0,0,0,0,1,1,1,0,1,0,0,1,0,0,0,0,0,1,0,0,1,0,0,0,1,1,0,0,0,1,1,1,1,0,0,0,0,1,0,1,1,1,0,0,0,1,1,0,1,1,1,0,1,0,0,1,1,1,1,1,0,0,0,1,1,0,1,0,1,0,0,0,0,0,1,0,0,1,1,0,1,1,1,0,0,0,0,0,0,1,0,0,0,0,0,0,0,0,0,0,0,0,1,0,1,1,1,0,1,1,1,1,1,1,0,0,0,1,0,0,1,0,1,1,1,0,1,0,0,1,0,0,0,1,1,1,0,1,0,0,1,1,0,1,0,1,1,1,1,1,0,1,1,1,1,1,1,1,0,0,1,0,1,1,0,0.0,-4638.7300000000005,1
1,0,0,0,0,1,0,1,0,1,1,0,1,1,0,0,0,0,0,1,1,1,0,1,0,1,1,0,0,0,0,0,1,0,0,1,0,0,0,1,1,0,1,0,1,1,1,1,0,0,0,0,1,0,1,1,0,0,0,1,1,1,0,0,1,1,1,0,0,0,1,0,1,0,1,1,0,0,1,1,0,0,1,1,0,0,0,0,1,1,1,0,1,1,0,0,1,0,0,1,0,0,1,0,1,1,0,0,1,1,0,1,0,0,0,0,0,1,0,1,1,1,1,1,0,1,0,1,1,0,0,0,1,0,1,1,0,1,1,1,0,1,0,0,0,0,0,1,1,0,1,0,1,0,0,1,1,1,1,1,0,1,1,1,1,0,1,0,1,0,1,1,1,0,0,1,1,1,0,0,0.0,-4638.690000000001,1
0,1,0,1,1,0,0,1,0,1,0,1,1,0,1,1,1,0,1,0,1,0,0,1,1,0,0,1,1,0,0,1,1,1,1,0,1,0,0,1,1,1,1,0,0,1,1,1,0,0,0,0,1,0,0,1,1,0,1,0,0,1,1,0,0,0,1,1,1,0,0,0,0,1,0,0,0,0,1,1,1,1,0,1,0,1,0,0,1,0,1,1,0,1,0,1,0,0,0,1,0,0,0,1,1,1,0,1,1,1,1,1,0,1,0,0,1,1,0,1,0,1,1,0,0,0,0,1,1,1,1,0,0,0,1,0,1,1,1,0,0,1,0,0,0,1,0,0,1,0,0,1,0,0,1,1,1,0,0,0,0,0,1,1,0,0,0,0,1,1,0,0,1,1,0,1,1,0,1,0,0.0,-4638.2300000000005,1
0,1,0,1,1,1,0,0,1,0,1,1,0,1,1,1,1,0,1,0,1,0,0,1,1,1,1,1,1,1,0,1,1,0,1,0,1,0,1,1,1,1,1,0,0,1,1,1,0,1,0,0,0,0,0,1,1,0,1,0,0,1,0,0,0,1,0,1,0,0,0,0,1,1,0,1,1,1,1,0,1,1,1,0,0,0,1,0,1,0,0,0,0,1,0,1,1,0,1,1,1,0,0,0,1,0,0,1,1,1,1,0,1,1,0,0,1,1,0,1,1,0,1,1,0,0,0,0,1,1,1,0,0,0,1,1,1,1,1,1,1,0,1,0,0,1,0,1,1,1,0,1,0,0,1,0,1,0,0,0,1,0,0,1,0,0,0,0,1,1,1,0,0,1,0,1,1,0,1,0,0.0,-4638.2300000000005,1
1,0,1,1,1,1,1,0,1,0,1,0,0,1,1,1,1,1,1,0,0,0,1,0,1,1,1,1,1,1,0,1,0,0,1,0,1,0,1,1,0,1,1,0,0,0,1,1,1,0,1,1,0,0,0,0,1,1,1,0,1,0,1,0,0,1,0,1,0,1,0,0,1,1,0,1,1,1,0,0,1,1,1,0,1,0,0,1,1,0,1,0,0,1,1,0,0,0,1,1,1,0,1,0,0,0,1,1,1,0,1,1,1,1,1,1,1,0,0,0,1,0,1,1,0,0,0,0,1,1,1,0,0,1,1,0,1,0,0,0,1,0,0,1,0,1,0,1,0,1,0,1,0,1,1,0,1,1,0,0,0,0,0,0,0,0,0,0,0,1,0,0,0,1,1,0,1,0,1,1,0.0,-4638.19,1
1,1,0,1,1,1,0,1,0,1,0,1,1,0,1,1,0,0,1,0,1,0,0,1,1,1,1,1,1,0,0,1,1,0,1,0,1,1,0,0,1,1,1,1,0,1,1,0,0,0,0,0,1,0,0,1,1,0,1,0,0,1,1,0,0,1,0,1,0,0,1,0,0,0,0,1,0,0,1,0,1,0,1,0,0,0,0,0,1,0,0,0,0,0,0,0,0,1,1,1,0,1,1,1,1,1,0,1,1,1,1,1,0,1,0,0,1,1,1,1,1,0,1,0,1,0,0,1,0,1,0,1,0,0,1,0,1,1,1,0,0,0,0,0,0,1,0,1,1,0,0,1,0,0,1,1,0,1,0,0,0,0,1,1,0,1,0,1,1,0,0,0,1,1,0,1,1,0,1,0,0.0,-4638.12,1
0,1,1,0,0,1,0,0,1,0,0,0,0,0,0,0,1,0,0,1,1,1,0,1,0,1,1,0,0,1,0,0,1,0,0,1,0,1,1,0,0,0,1,1,1,1,1,1,0,1,0,1,0,0,1,1,0,0,1,1,0,1,0,0,1,1,1,0,0,0,0,0,0,0,1,1,1,1,0,1,0,0,1,0,0,0,1,1,0,1,1,0,1,0,1,1,0,0,1,1,1,0,0,1,0,0,1,0,1,0,0,0,1,0,0,0,0,0,0,1,1,0,1,0,1,1,0,0,1,0,1,1,1,1,1,1,0,0,0,1,1,1,1,1,0,0,0,1,0,1,1,0,1,1,0,0,1,0,1,1,1,1,0,0,1,0,1,0,0,0,1,1,0,1,0,0,1,1,0,1,0.0,-4637.999999999999,1
1,0,1,1,1,1,0,0,1,0,0,0,0,0,1,1,1,0,1,0,1,0,0,0,1,0,0,1,1,1,0,1,1,1,1,0,1,0,1,1,1,1,1,0,0,1,1,0,0,1,0,1,0,1,0,1,1,0,1,0,1,1,1,0,0,1,0,1,0,0,0,0,1,0,0,0,1,1,1,1,1,0,0,1,0,0,1,1,1,1,0,0,0,1,1,1,0,1,0,1,1,1,0,0,0,1,1,1,1,0,1,0,1,1,1,0,1,0,1,1,1,1,1,0,0,0,0,0,0,1,1,0,0,1,1,0,1,0,0,0,1,1,1,1,0,1,1,1,0,0,1,1,0,1,1,0,0,0,0,0,1,0,0,0,0,1,0,1,0,0,0,0,0,1,1,0,1,0,1,0,0.0,-4637.939999999998,1
1,1,1,0,1,1,1,0,1,0,1,0,0,0,1,1,1,1,1,0,0,0,1,0,1,1,0,0,1,1,1,1,0,1,0,0,0,0,1,1,0,1,1,0,0,0,1,1,1,0,1,1,0,1,0,0,0,1,1,1,0,0,1,0,0,1,0,1,0,1,0,0,1,1,1,1,1,1,0,0,0,0,1,0,1,0,0,1,1,1,0,0,0,1,1,0,0,1,1,1,1,0,1,0,0,1,1,1,1,0,0,1,1,1,1,1,1,0,0,0,1,0,1,0,1,0,0,0,1,0,1,0,0,1,1,0,1,0,0,0,1,0,1,1,0,1,1,1,0,0,1,1,0,1,0,0,1,1,0,0,0,0,0,1,0,0,1,1,0,0,0,0,0,1,1,0,1,0,1,1,0.0,-4637.929999999999,1
1,0,1,0,1,0,1,0,1,0,1,0,0,1,0,1,1,1,1,0,0,0,1,0,1,1,1,1,1,1,0,1,0,0,1,0,1,0,1,1,0,1,1,0,0,0,0,1,1,0,1,1,0,1,0,0,0,1,1,1,1,0,1,1,0,0,0,0,1,1,0,1,1,1,1,1,1,1,0,0,1,1,1,0,1,1,0,1,1,0,0,1,0,1,1,1,0,0,1,0,1,0,0,0,0,0,1,1,0,0,0,0,1,1,1,1,1,0,0,0,0,0,0,1,1,0,1,0,1,0,1,0,0,1,0,0,1,0,0,0,1,1,1,1,1,1,1,0,0,1,0,1,0,1,0,0,1,0,0,1,1,0,0,0,0,1,1,0,0,1,0,0,0,1,1,0,0,0,0,1,0.0,-4637.669999999999,1
0,1,0,0,1,0,1,1,0,1,0,1,1,0,0,1,0,1,1,0,0,0,1,1,1,0,1,1,1,0,0,1,0,0,1,0,1,1,0,0,0,1,0,1,0,0,1,0,1,1,1,0,1,0,0,0,0,1,0,1,0,0,1,1,0,0,1,0,1,1,1,1,0,1,1,0,0,0,0,1,1,1,0,1,1,1,1,0,1,0,0,1,0,0,0,0,1,1,0,0,1,1,1,1,1,0,0,1,0,1,0,0,0,1,0,1,1,0,1,0,0,1,0,0,0,0,1,1,0,0,0,1,0,0,0,0,1,1,1,0,0,1,0,0,1,1,0,0,0,1,0,1,0,1,0,0,0,1,0,1,1,0,1,1,0,1,1,1,1,1,0,0,0,0,0,0,0,0,0,1,0.0,-4637.589999999998,1
1,1,0,0,0,0,0,0,1,0,1,0,0,1,0,0,1,0,0,1,1,1,0,1,0,0,1,0,0,1,0,0,1,0,0,1,0,0,1,1,1,0,1,0,1,1,1,0,0,0,0,0,0,0,1,1,0,0,1,1,0,1,0,0,1,0,0,0,1,0,0,0,1,0,1,0,1,1,1,1,0,0,0,1,0,0,0,0,0,1,0,0,1,1,0,1,1,1,0,1,1,1,0,0,1,1,0,0,1,1,0,0,1,0,0,0,0,1,1,1,1,1,1,1,0,1,0,0,0,0,1,0,1,0,1,1,0,1,1,1,1,1,1,0,0,0,1,1,1,0,0,0,1,0,0,1,0,0,1,1,1,1,0,1,1,1,1,1,1,0,1,1,0,1,0,1,1,1,0,0,0.0,-4637.55,1
0,1,1,1,0,1,1,0,1,0,0,0,0,0,1,0,0,1,0,1,0,1,1,0,0,1,0,0,0,1,1,0,0,1,0,1,0,0,1,0,0,0,0,1,1,0,0,0,1,1,1,1,0,1,1,0,1,1,0,0,0,0,0,1,1,1,1,1,0,1,1,1,0,0,0,1,1,1,0,0,0,0,1,0,1,0,1,1,0,1,1,0,1,0,1,1,1,0,1,0,1,1,0,1,0,0,1,0,0,0,1,1,1,0,1,1,0,0,1,0,1,0,0,0,1,1,1,0,0,1,0,0,1,0,0,1,0,0,0,1,1,0,1,1,1,0,1,0,0,1,1,0,1,1,1,0,0,0,1,0,0,1,0,0,1,0,0,0,0,0,1,1,0,0,1,0,0,1,1,1,0.0,-4637.459999999998,1
0,1,0,1,1,0,0,0,1,0,1,0,0,0,1,1,1,0,1,0,1,0,0,1,1,1,0,1,1,1,0,1,1,1,1,0,1,0,0,1,1,1,1,0,0,1,0,0,0,0,0,0,1,1,0,1,1,0,0,0,0,1,1,0,0,0,0,1,1,0,1,0,1,0,0,1,1,1,0,0,1,0,1,0,0,1,0,1,0,0,1,1,0,1,0,1,1,0,1,1,1,1,0,0,1,1,0,1,1,1,1,1,1,1,0,0,1,1,1,1,0,0,1,0,0,0,0,0,0,1,0,0,0,0,1,0,1,1,1,0,1,0,1,1,0,1,0,1,1,0,0,1,0,0,1,0,0,0,0,0,0,0,0,1,0,1,0,0,0,0,0,0,0,0,0,1,1,0,1,0,0.0,-4637.369999999999,1
1,1,1,0,1,0,0,0,1,0,1,1,0,1,0,1,1,0,1,0,1,0,0,1,1,0,1,1,1,1,0,1,1,0,1,0,1,0,1,1,0,1,1,0,0,1,1,1,0,1,0,1,0,0,0,1,1,0,1,0,0,1,1,0,0,0,0,0,1,0,0,0,1,0,1,0,1,1,1,1,1,0,0,1,0,1,1,0,1,0,1,1,0,1,1,1,1,1,0,1,1,0,0,0,0,1,1,1,1,0,0,1,1,1,0,0,1,0,0,1,0,1,1,1,0,0,0,0,1,0,1,0,0,1,1,0,1,0,0,0,1,1,1,0,0,1,0,0,0,0,0,1,0,1,0,0,1,0,0,1,1,0,0,0,0,0,1,1,1,0,0,0,0,1,0,0,1,0,0,1,0.0,-4637.36,1
1,1,1,1,1,1,0,0,1,0,1,0,0,0,1,1,1,0,1,0,1,0,0,0,1,0,1,1,1,1,0,1,1,0,1,0,1,0,1,1,0,1,1,0,0,1,1,0,0,0,0,1,0,1,0,1,1,0,1,0,1,1,1,0,0,1,0,1,0,0,0,0,1,0,0,0,1,1,1,1,1,0,0,1,0,0,0,1,1,0,0,0,0,1,1,1,1,1,0,1,1,1,0,0,0,1,0,1,1,0,1,0,1,1,1,0,1,0,1,1,1,1,1,0,0,0,0,0,0,1,1,0,0,1,1,0,1,0,0,0,1,0,1,1,0,1,1,1,0,0,0,1,0,1,1,0,0,0,0,0,1,0,0,0,0,1,0,1,0,0,0,0,0,1,1,0,1,0,1,1,0.0,-4637.219999999999,1
0,1,0,1,0,1,0,1,0,1,1,0,1,0,1,0,0,0,0,1,1,1,0,1,0,0,1,0,0,0,1,0,1,0,0,1,0,0,0,1,1,0,1,0,1,1,0,1,0,1,0,0,1,1,1,1,1,0,0,0,0,1,0,1,1,1,0,1,0,0,1,1,1,1,0,0,0,0,1,0,0,1,0,1,0,0,1,1,0,1,0,0,1,1,0,1,1,1,1,0,0,0,0,0,1,0,0,0,0,1,1,0,0,0,0,0,0,1,0,1,1,0,0,0,0,1,1,1,1,1,0,0,1,0,0,1,0,1,1,1,0,0,0,1,1,0,1,0,1,1,1,1,1,0,1,1,1,0,1,0,1,1,1,1,1,0,0,1,0,1,1,1,1,0,0,1,0,1,1,0,0.0,-4636.710000000001,1
1,1,0,1,0,0,0,1,0,1,1,1,1,1,1,0,0,0,0,1,1,1,0,1,0,1,1,0,0,0,0,0,1,0,0,1,0,1,0,0,1,0,1,1,1,1,0,1,0,0,0,0,1,1,1,1,1,0,0,0,0,1,0,0,1,0,1,1,1,0,1,0,1,1,0,1,0,0,1,0,0,1,1,0,0,0,0,0,0,1,0,1,1,0,0,1,1,0,1,1,0,0,0,0,1,1,0,0,1,0,1,0,0,0,0,0,0,1,0,1,1,0,1,1,0,1,0,1,1,1,0,1,1,0,1,1,0,1,1,1,0,1,0,0,0,0,0,1,1,0,1,0,1,0,1,1,1,0,1,0,1,1,1,1,1,0,0,0,1,1,1,1,1,0,0,1,1,1,1,0,0.0,-4636.530000000001,1
1,1,1,1,1,0,0,0,1,0,1,0,0,0,1,1,1,0,1,0,1,0,0,1,1,1,1,1,1,1,0,1,1,0,1,0,1,0,1,1,0,1,1,0,0,1,1,0,0,0,0,1,0,1,0,1,1,0,1,0,0,1,1,1,0,0,0,1,1,0,0,1,1,0,0,1,1,1,0,0,1,0,1,0,0,0,0,0,1,0,0,0,0,1,1,1,0,0,1,0,1,1,0,0,0,1,1,1,0,0,1,1,1,1,0,0,1,0,1,1,1,0,0,0,0,0,1,0,0,1,1,0,0,1,0,0,1,0,0,0,1,0,1,0,1,1,0,0,0,0,0,1,0,1,1,0,0,0,0,0,0,0,0,0,0,1,0,0,0,0,0,0,0,1,0,0,0,0,1,1,0.0,-4636.509999999998,1
0,1,0,1,1,1,0,0,1,0,0,0,0,1,1,1,0,0,1,0,1,0,0,1,1,1,1,1,1,1,0,1,1,0,1,0,1,0,1,0,1,1,1,1,0,1,0,0,0,0,0,0,0,0,0,1,1,0,0,0,0,1,1,0,0,1,0,1,0,0,1,0,0,0,0,1,1,1,0,1,1,0,1,0,0,0,0,0,1,0,1,0,0,0,0,0,1,0,0,1,1,1,1,1,1,1,0,1,1,1,1,0,1,1,0,0,1,1,1,1,1,1,1,1,0,0,0,0,0,1,0,0,0,0,1,0,1,1,1,0,1,1,1,0,0,1,0,1,1,0,0,1,0,0,1,0,0,1,0,0,1,0,0,1,0,1,0,0,1,0,0,0,0,0,0,1,1,0,1,0,0.0,-4636.399999999999,1
0,0,1,0,0,0,1,0,1,0,1,0,0,0,0,0,1,0,0,1,0,1,1,0,0,0,1,0,0,1,0,0,1,0,0,1,0,0,1,1,0,0,0,0,1,0,0,0,1,0,1,1,0,0,1,0,0,0,1,1,1,0,0,1,1,0,0,0,1,1,0,1,1,0,1,0,1,1,0,1,0,0,0,1,0,1,0,0,0,1,0,1,1,1,1,1,0,1,0,0,1,1,0,0,0,1,1,0,0,0,0,0,1,0,1,0,0,0,1,0,0,1,0,0,0,1,1,0,0,0,1,0,1,1,0,1,0,0,0,1,1,1,1,0,1,0,1,0,0,0,1,0,1,1,0,0,0,0,1,1,1,1,0,0,1,1,1,1,1,0,1,1,0,1,1,0,0,1,0,1,0.0,-4636.33,1
1,1,1,1,1,1,0,0,1,0,0,0,0,0,1,1,0,0,1,0,1,0,0,1,1,0,1,1,1,1,0,1,1,0,1,0,1,0,1,1,0,1,0,0,0,1,0,0,0,0,0,1,0,0,0,1,1,0,0,0,0,1,1,1,0,1,1,1,0,0,1,1,0,1,0,0,1,1,0,1,1,1,0,1,0,0,0,0,1,0,0,0,0,1,1,1,0,0,0,0,1,1,0,1,0,0,1,1,0,0,1,0,1,1,0,0,1,0,1,1,1,1,0,0,1,0,1,0,0,1,0,0,0,1,0,0,1,0,0,0,1,0,1,0,1,1,0,0,0,1,0,1,0,1,1,0,0,0,0,0,1,0,0,0,0,1,0,0,1,1,0,0,0,0,0,0,0,0,1,1,0.0,-4636.32,1
0,1,0,0,1,1,1,1,0,1,1,0,1,0,0,1,0,1,1,0,0,0,1,0,1,0,1,1,1,0,1,1,0,0,1,0,1,0,0,1,1,1,0,0,0,0,0,0,1,0,1,0,1,1,1,0,0,1,0,1,0,0,1,1,0,1,0,0,0,1,1,1,1,1,1,0,0,0,1,1,1,1,0,1,1,0,0,1,1,0,0,0,0,1,0,0,0,1,0,0,1,1,1,0,1,0,0,1,0,1,0,0,0,1,1,1,1,1,1,0,1,1,0,0,1,0,1,1,0,0,0,0,0,0,0,0,1,1,1,0,0,1,0,1,1,1,0,0,1,1,0,1,0,0,0,1,0,1,0,1,1,0,1,1,0,1,1,1,0,1,0,0,0,0,1,1,0,0,0,0,0.0,-4636.309999999998,1
0,1,1,1,1,1,0,0,0,0,1,0,1,1,1,1,1,0,1,0,1,0,0,1,1,1,0,1,1,1,0,1,1,1,0,0,1,0,1,1,1,1,1,0,0,1,0,1,0,0,0,1,0,0,0,1,1,0,1,0,0,1,1,0,0,1,0,1,0,0,0,0,1,0,0,1,1,1,1,0,1,0,1,0,0,0,0,0,1,0,1,0,0,1,1,1,0,0,1,1,1,0,0,0,0,1,1,1,1,0,1,1,1,1,0,0,1,0,0,1,1,0,1,1,1,0,0,0,1,1,1,0,0,1,1,0,1,0,0,0,1,0,1,0,0,1,0,1,1,0,0,1,0,0,1,0,1,0,0,0,0,0,0,1,0,0,0,0,1,0,0,0,0,1,0,1,1,0,1,0,0.0,-4636.19,1
1,0,1,0,0,1,1,0,1,0,1,0,0,1,0,1,1,1,1,1,0,0,1,1,1,0,0,0,0,0,1,0,0,1,1,0,0,0,0,1,0,1,1,0,0,0,1,0,1,1,1,1,1,0,0,0,0,1,1,1,1,0,1,0,1,1,0,0,0,1,0,0,1,0,1,0,1,1,0,1,0,0,0,1,1,0,1,0,1,1,1,0,0,1,1,0,0,0,0,1,1,1,1,0,0,1,1,1,1,0,0,0,0,1,0,1,1,0,1,0,1,1,1,1,0,0,0,0,0,0,1,0,0,1,1,0,1,0,0,0,1,0,1,0,0,1,0,1,0,0,1,1,0,1,0,0,0,1,0,1,1,1,0,0,0,1,1,0,1,0,0,0,0,1,0,0,1,0,0,1,0.0,-4636.039999999999,1
1,1,1,0,0,1,0,0,1,0,1,1,0,0,0,1,1,0,1,1,0,0,1,0,1,1,1,0,0,1,0,0,0,0,1,0,0,0,1,1,0,1,1,0,0,1,1,1,0,0,0,1,0,1,0,1,0,0,1,1,0,1,1,0,1,1,0,0,0,0,0,0,1,0,1,1,1,1,1,0,0,0,1,0,1,0,0,1,1,1,0,0,0,1,1,1,0,0,1,1,1,0,0,0,0,1,1,1,1,0,0,0,1,1,1,0,1,0,0,0,1,0,1,0,1,0,0,0,1,0,1,0,0,1,1,0,1,0,0,0,1,0,1,1,0,1,0,1,0,0,1,1,0,1,0,0,1,0,0,1,1,1,0,0,0,0,1,0,0,0,0,0,0,1,1,0,1,0,0,1,0.0,-4635.999999999999,1
1,0,0,0,0,0,0,1,0,1,0,0,1,0,0,0,1,0,0,1,1,1,0,1,0,1,1,0,0,0,1,0,1,0,0,1,0,1,0,0,1,0,1,1,1,1,0,0,0,0,0,0,1,0,1,1,0,0,1,1,1,1,0,0,1,0,1,0,1,0,0,0,0,1,1,1,0,0,0,1,0,1,1,0,0,1,0,0,0,1,1,1,1,0,0,1,1,1,0,1,0,1,0,1,1,1,0,0,1,0,0,1,0,0,0,0,0,1,1,1,0,1,1,0,0,1,0,1,0,0,1,1,1,0,1,1,0,1,1,1,0,1,0,0,0,0,0,0,1,0,1,0,1,0,0,1,0,0,1,1,0,1,1,1,1,1,1,1,1,1,1,1,1,1,0,1,1,1,0,0,0.0,-4635.879999999999,1
0,1,0,0,1,1,0,0,1,0,0,1,0,0,0,1,0,0,1,0,1,0,0,1,1,0,1,1,1,1,0,1,0,0,1,0,1,1,1,0,1,1,0,1,0,1,1,0,0,0,0,0,0,1,0,1,0,0,0,1,0,1,1,1,0,1,1,0,0,0,1,1,0,0,1,0,1,1,1,0,1,0,0,1,1,0,0,0,1,0,1,0,0,0,0,1,1,0,1,0,1,1,0,1,1,1,0,1,0,1,0,1,1,1,0,0,1,1,1,1,1,0,0,0,1,0,1,0,0,0,0,1,0,0,0,0,1,1,1,0,1,0,1,0,1,1,0,0,1,0,0,1,0,0,0,0,0,0,0,1,0,0,0,1,0,1,1,0,1,0,0,0,0,0,0,1,0,0,0,0,0.0,-4635.869999999999,1
0,1,1,1,0,1,1,0,1,0,1,0,0,1,1,0,1,1,0,1,0,1,1,1,0,0,1,0,0,1,1,0,0,0,0,0,0,0,1,1,0,0,0,0,1,0,0,1,1,0,1,1,0,0,1,0,1,1,1,0,0,0,0,1,1,1,0,1,0,1,0,1,1,1,0,0,1,1,0,1,0,0,0,1,1,0,0,0,0,1,0,0,1,1,1,0,1,1,0,0,1,0,1,0,0,1,1,0,0,0,1,0,1,0,0,1,0,0,0,0,1,1,0,1,1,1,1,0,1,1,1,0,1,1,0,1,0,0,0,1,1,1,1,0,1,0,1,0,0,0,0,0,1,1,1,0,1,1,1,0,1,1,0,1,1,0,0,1,1,0,1,1,0,1,0,0,0,1,1,1,0.0,-4635.780000000002,1
0,0,1,1,0,0,1,0,1,0,0,1,0,1,0,0,0,1,0,1,0,1,1,0,0,1,1,0,0,1,1,0,0,0,0,1,0,1,1,0,0,0,1,1,1,0,0,0,1,0,1,1,0,1,1,0,1,1,0,0,1,0,0,0,1,0,1,0,1,1,1,0,0,0,0,1,1,1,1,0,0,0,1,0,1,1,0,1,0,1,1,1,1,0,1,0,1,0,1,1,1,1,1,1,0,1,1,0,1,1,1,1,1,0,1,1,0,0,1,0,0,0,1,1,0,1,0,0,0,1,0,1,1,1,1,1,0,0,0,1,1,1,1,1,0,0,1,1,0,0,1,0,1,1,1,0,0,1,1,1,0,1,0,0,1,1,0,0,0,0,1,1,0,0,1,0,1,1,0,1,0.0,-4635.739999999999,1
1,0,1,0,1,1,0,0,1,0,0,1,0,0,0,1,0,0,1,0,1,0,0,1,1,1,1,1,1,1,0,1,0,0,1,0,1,1,1,0,0,1,0,1,0,1,0,0,0,0,0,1,0,1,0,1,0,0,0,1,1,1,1,1,0,1,0,0,0,0,1,1,0,1,1,1,1,1,1,0,1,1,1,0,1,1,0,1,1,0,1,1,0,0,1,1,0,0,1,0,1,1,0,1,0,0,1,1,0,0,0,0,1,1,0,0,1,0,1,1,0,0,0,0,1,0,1,0,0,0,0,1,0,1,0,0,1,0,0,0,1,0,1,1,1,1,1,0,0,1,0,1,0,1,0,0,0,0,0,1,1,0,0,0,0,1,1,0,0,1,0,0,0,0,0,0,0,0,0,1,0.0,-4635.739999999997,1
1,0,0,1,1,0,0,0,1,0,1,1,0,0,1,1,0,0,1,0,1,0,0,1,1,1,1,1,1,1,0,1,1,0,1,0,1,0,1,1,1,1,1,0,0,1,0,1,0,0,0,0,0,0,0,1,1,0,0,0,1,1,1,0,0,0,1,1,1,0,1,0,1,0,0,1,1,1,1,0,1,0,1,0,0,1,0,0,1,0,0,1,0,1,0,1,1,0,1,1,1,0,0,0,1,1,0,1,1,1,1,1,1,1,0,0,1,1,0,1,0,0,1,0,1,0,0,0,1,1,0,0,0,0,1,0,1,1,1,1,1,0,1,0,0,1,1,1,1,0,0,1,0,0,1,0,1,0,0,0,0,0,0,1,0,1,0,0,1,0,1,0,0,0,0,1,1,0,1,0,0.0,-4635.590000000002,1
0,0,0,1,0,0,1,1,1,1,1,1,0,0,1,0,0,1,0,1,0,1,1,1,0,1,1,0,0,0,1,0,0,0,0,1,0,0,0,1,1,0,1,0,1,0,0,0,1,0,1,0,1,1,1,0,1,1,0,0,1,0,0,0,1,0,0,1,1,1,1,0,1,0,0,1,0,0,0,0,0,0,1,0,1,1,0,1,0,1,0,1,1,1,0,1,1,1,1,1,0,1,0,0,1,1,0,0,1,1,1,1,0,0,0,1,0,1,1,0,0,0,1,0,0,1,0,1,0,1,0,0,1,0,1,1,0,1,1,1,0,0,0,1,0,0,1,1,1,0,1,1,1,0,1,1,0,0,1,0,0,1,1,1,1,1,0,1,0,0,1,1,1,0,0,1,1,1,1,0,0.0,-4635.570000000001,1
0,1,0,0,1,1,1,1,0,1,0,0,1,0,0,1,0,1,1,0,0,0,1,0,1,0,1,1,1,0,1,1,0,0,1,0,1,1,0,0,0,1,1,1,0,0,0,1,1,0,1,0,1,1,0,0,0,1,0,1,0,0,1,0,0,1,1,0,0,1,1,0,0,1,1,0,0,0,0,0,1,1,0,1,1,0,0,1,1,1,0,0,0,0,0,1,1,0,1,1,0,0,0,1,1,1,0,1,1,1,0,0,0,1,1,1,1,1,0,0,1,0,1,0,0,0,0,1,1,0,0,1,0,0,1,0,1,1,1,0,0,0,0,1,0,1,0,1,0,0,1,1,0,1,0,1,1,0,0,1,1,0,1,0,0,0,1,0,0,1,0,0,1,0,1,0,1,0,0,1,0.0,-4635.560000000001,1
1,0,1,1,1,0,1,0,1,0,1,0,0,1,0,0,0,1,0,0,0,1,1,1,0,1,1,1,1,1,1,1,0,0,0,1,1,0,1,1,0,0,0,0,1,0,0,1,1,1,1,1,0,1,1,0,1,1,0,0,1,0,0,1,0,0,0,0,1,1,1,1,1,0,0,1,1,1,0,0,1,0,1,0,1,0,1,1,0,0,0,1,1,1,1,0,0,0,1,0,1,0,1,0,0,0,1,0,0,0,1,1,1,0,0,1,0,0,0,0,1,0,0,1,0,1,1,0,1,1,0,0,1,1,0,1,0,0,0,1,1,0,1,1,1,0,1,0,0,1,0,0,1,1,1,0,1,1,1,1,0,0,0,0,1,0,0,0,0,0,1,1,0,0,0,0,0,1,0,1,0.0,-4635.47,1
0,0,1,1,1,0,0,0,1,0,1,0,0,0,1,0,1,0,0,0,1,0,0,0,0,0,1,1,1,1,0,1,1,0,0,1,1,0,1,1,1,1,1,0,1,1,1,0,0,0,0,1,0,1,1,1,1,0,1,0,1,1,0,0,0,0,0,1,1,0,0,0,1,0,0,0,1,1,0,1,1,0,0,1,0,1,0,1,0,1,1,1,1,1,1,0,0,0,0,1,1,1,1,0,0,1,1,1,1,0,1,0,1,0,1,0,0,0,1,1,0,1,1,0,0,1,0,0,0,1,1,0,1,1,1,1,0,0,0,1,1,1,1,1,0,0,1,1,1,0,1,0,1,0,1,0,0,1,0,0,1,0,0,0,1,1,0,0,0,0,1,1,0,1,1,1,1,1,1,0,0.0,-4635.379999999998,1
0,1,1,0,1,1,0,0,1,0,1,1,0,0,1,0,1,0,0,0,1,1,0,0,0,1,1,1,1,1,0,1,1,0,0,1,1,0,0,1,0,0,1,0,1,1,0,0,0,0,0,1,0,1,1,1,0,0,1,1,0,1,0,0,0,1,0,1,0,0,0,0,1,1,1,1,1,1,1,0,1,1,1,0,0,0,0,1,0,0,0,0,1,1,1,0,0,0,1,1,1,1,1,0,0,1,1,0,1,0,0,1,1,0,1,0,0,0,1,1,1,0,1,0,0,1,0,0,0,0,1,0,1,1,1,1,0,0,0,1,1,0,1,1,0,0,1,1,0,0,0,0,1,1,0,0,0,1,1,0,0,0,0,1,1,1,1,0,0,1,1,1,0,1,1,0,1,1,1,1,0.0,-4635.339999999998,1
0,1,0,1,1,1,0,0,1,0,1,0,0,0,1,1,0,0,1,0,1,0,0,0,1,0,1,1,1,1,1,1,1,0,1,0,1,0,1,1,1,1,0,0,0,1,1,0,0,1,0,0,0,1,0,1,1,0,0,0,0,1,1,1,0,1,0,1,0,0,1,1,1,1,0,0,1,1,1,1,1,1,0,1,0,0,1,1,1,0,0,0,0,1,0,1,0,0,0,0,1,1,0,0,1,0,0,1,0,1,1,0,1,1,1,0,1,1,1,1,1,1,0,0,1,0,1,0,0,1,0,0,0,0,0,0,1,1,1,0,1,0,1,1,1,1,1,0,1,1,0,1,0,0,1,0,0,0,0,0,1,0,0,1,0,1,0,0,0,1,0,0,0,0,1,1,0,0,1,0,0.0,-4635.3099999999995,1
0,1,1,1,1,0,0,0,1,0,0,1,0,0,1,1,1,0,1,0,1,0,0,1,1,0,1,1,1,1,1,1,1,0,1,0,1,1,1,0,0,1,0,1,0,1,1,0,0,0,0,1,0,0,0,1,1,0,1,0,0,1,1,1,0,0,1,1,1,0,0,1,0,0,0,0,1,1,1,1,1,1,0,1,0,1,0,0,1,0,0,1,0,0,1,0,0,1,0,0,1,1,1,1,0,1,1,1,0,0,1,1,1,1,0,0,1,0,1,1,0,1,0,0,0,0,1,0,0,1,1,1,0,1,0,0,1,0,0,0,1,1,1,0,1,1,0,0,0,0,0,1,0,1,1,1,0,1,0,0,0,0,0,1,0,1,0,1,1,1,0,0,0,1,0,0,0,0,1,1,0.0,-4635.2699999999995,1
0,0,0,0,1,0,1,0,1,0,0,1,0,0,1,1,0,1,1,0,0,0,1,0,1,0,1,1,1,1,1,1,1,0,1,0,1,1,1,0,1,1,1,1,0,1,0,0,0,1,1,0,0,1,0,0,0,1,0,1,1,1,1,0,0,0,1,1,1,1,1,0,0,0,1,0,1,1,0,0,1,0,0,1,0,1,1,1,1,0,0,1,0,0,0,0,1,1,1,1,1,1,1,1,1,1,0,1,1,1,0,0,1,1,1,1,1,1,1,0,0,0,1,0,0,0,0,0,0,0,0,1,0,0,1,0,1,1,1,0,1,0,1,1,0,1,0,1,1,0,0,0,0,0,0,0,0,1,0,0,1,0,0,0,0,1,1,1,0,0,0,0,0,0,1,1,1,0,1,0,0.0,-4635.149999999998,1
0,1,0,0,1,1,1,0,1,0,0,1,0,1,0,1,0,1,1,0,0,0,1,1,1,0,1,1,1,1,0,1,0,0,1,0,1,0,1,1,1,1,0,0,0,0,0,1,1,0,1,0,0,0,0,0,0,1,0,1,0,0,1,1,0,1,0,0,0,1,1,1,0,0,1,0,1,1,0,1,1,0,0,1,1,0,0,0,1,0,1,0,0,1,0,0,0,1,0,0,1,0,1,0,1,0,0,1,0,1,0,0,1,1,0,0,1,1,0,0,1,1,0,1,1,0,1,0,1,0,0,0,0,0,0,0,1,1,1,0,1,1,1,0,1,1,1,0,1,1,0,1,0,0,0,0,1,1,0,1,1,0,0,1,0,0,1,1,1,0,0,0,0,0,0,1,0,0,0,0,0.0,-4635.09,1
0,0,0,0,1,0,0,1,0,1,1,0,1,0,0,1,0,0,1,0,1,0,0,0,1,0,1,1,1,0,0,1,1,0,1,0,1,0,0,1,1,1,1,0,0,1,1,0,0,0,0,0,1,1,0,1,0,0,0,1,1,1,1,0,0,0,0,0,1,0,1,0,1,0,1,0,0,0,0,1,1,0,0,1,0,1,0,1,1,0,1,1,0,1,0,1,0,0,0,1,0,1,0,0,1,0,0,1,0,1,0,0,0,1,1,0,1,1,1,1,0,1,1,0,1,0,1,1,0,0,0,0,0,0,0,0,1,1,1,0,0,1,0,1,1,1,0,1,1,1,0,1,0,0,0,1,0,0,0,1,1,0,1,1,0,1,1,0,0,0,0,0,1,0,1,1,0,0,0,0,0.0,-4634.9699999999975,1
0,1,1,1,0,1,0,1,0,1,1,0,1,1,1,0,0,0,0,1,1,1,0,0,0,1,1,1,0,0,1,0,1,0,0,1,1,0,0,1,0,0,1,0,1,1,0,0,0,1,0,1,1,1,1,1,1,0,0,0,0,1,0,0,1,1,0,1,0,0,1,0,1,1,0,1,0,0,1,0,1,1,1,0,0,0,1,1,1,0,1,0,1,1,1,1,1,0,1,1,0,1,0,0,0,1,1,0,1,0,1,0,0,0,1,0,0,0,1,1,1,0,1,1,0,1,0,1,0,1,0,0,1,1,1,1,0,0,0,1,0,0,0,1,0,0,1,1,0,0,0,0,1,1,1,1,0,0,1,0,1,1,1,0,1,1,0,0,0,1,1,1,1,0,1,0,1,1,1,1,0.0,-4634.939999999999,1
0,0,1,0,0,1,1,0,1,0,1,1,0,0,0,0,1,1,0,1,0,1,1,0,0,0,1,0,0,1,0,0,0,0,0,1,0,0,1,1,1,0,1,0,1,0,1,0,1,0,1,1,0,0,1,0,0,1,1,1,1,0,0,0,1,1,0,0,0,1,0,0,1,0,1,0,1,1,0,1,0,0,0,1,1,0,0,1,1,1,0,0,1,1,1,1,0,1,0,1,1,1,0,0,0,1,1,0,1,0,0,0,1,0,1,1,0,0,1,0,1,1,1,0,0,1,0,0,0,0,1,0,1,1,1,1,0,0,0,1,1,1,1,1,0,0,1,1,1,0,1,0,1,0,0,0,0,0,1,1,1,1,0,1,1,1,1,1,0,0,1,1,0,1,1,1,1,1,0,0,0.0,-4634.4800000000005,1
0,1,1,0,1,1,0,1,0,1,0,0,1,1,0,1,1,0,1,0,1,0,0,0,1,0,1,1,1,0,0,1,0,0,1,0,1,1,0,0,1,1,0,1,0,0,1,1,1,0,0,1,1,1,0,1,0,0,1,1,0,0,1,1,0,1,1,0,0,0,0,1,0,0,1,0,0,0,1,0,1,0,0,1,1,0,0,1,1,0,0,0,0,0,1,1,0,1,1,0,0,0,0,1,0,0,1,1,0,0,0,1,0,1,1,0,1,0,0,1,1,0,0,1,1,0,1,1,1,0,1,1,0,1,0,0,1,0,0,0,0,0,0,1,1,1,0,0,1,1,0,1,0,0,0,1,1,0,0,1,0,0,1,0,0,0,1,1,0,0,0,0,1,1,1,1,0,0,0,0,0.0,-4634.36,1
0,1,1,1,1,1,0,0,1,0,0,1,0,0,1,1,1,0,1,0,1,0,0,1,1,1,1,1,1,1,0,1,0,0,1,0,1,1,1,0,0,1,1,1,0,1,1,1,0,1,0,1,0,1,0,1,1,0,1,0,0,1,1,0,0,1,1,1,0,0,0,0,0,0,0,1,1,1,1,0,1,0,1,0,1,0,1,0,1,0,0,0,0,0,1,1,0,0,1,1,1,0,0,1,0,1,1,1,1,0,1,0,1,1,0,0,0,0,0,1,1,0,1,0,1,0,0,0,1,1,1,1,0,1,1,0,1,0,0,0,1,0,1,0,0,1,1,1,0,0,0,1,1,1,1,0,1,0,0,0,1,0,0,0,0,0,0,0,0,0,0,0,0,1,0,0,1,0,1,1,0.0,-4634.2,1
1,1,1,0,1,1,0,1,0,1,0,1,1,0,0,0,1,0,0,0,1,1,0,1,0,1,1,1,1,0,0,1,1,0,0,1,1,1,0,0,1,0,1,1,1,1,0,0,0,0,0,1,1,0,1,1,0,0,1,1,0,1,0,0,0,1,1,0,0,0,0,0,0,0,1,1,0,0,1,0,1,0,1,0,0,0,0,0,0,0,1,0,1,0,1,1,0,0,1,1,0,1,0,1,0,1,1,0,1,0,0,1,0,0,0,0,0,0,1,1,1,0,1,0,1,1,0,1,0,0,1,1,1,1,1,1,0,0,0,1,0,0,0,0,0,0,1,1,1,0,0,0,1,0,0,1,0,0,1,1,0,0,1,0,1,1,1,0,1,0,1,1,1,1,0,1,1,1,0,0,0.0,-4634.13,1
1,1,1,1,0,1,0,1,0,1,1,1,1,0,1,0,1,0,0,1,1,1,0,0,0,0,1,0,0,0,0,0,1,0,0,1,0,0,0,1,0,0,1,0,1,1,1,0,0,0,0,1,1,1,1,1,1,0,1,0,0,1,0,0,1,1,0,1,0,0,0,0,1,1,0,0,0,0,0,1,0,1,0,0,0,0,0,1,0,1,0,0,1,1,1,1,0,1,0,1,0,1,0,0,0,1,1,0,1,0,1,1,0,0,1,0,0,0,1,1,1,1,1,0,0,1,0,1,0,1,1,0,1,1,1,1,0,0,0,1,0,1,0,1,0,0,1,1,0,0,1,0,1,1,1,1,0,0,1,0,0,1,0,0,1,1,0,1,0,1,1,1,1,1,1,0,1,1,1,1,0.0,-4634.12,1
0,1,1,1,0,1,0,0,1,0,1,0,0,0,0,0,0,0,0,1,1,1,0,0,0,1,1,0,0,1,1,0,1,0,0,1,0,0,1,1,0,0,1,0,1,1,0,1,0,1,0,1,0,1,1,1,1,0,0,0,0,1,0,0,1,1,0,0,0,0,1,0,1,0,0,1,1,1,0,0,0,0,1,0,0,0,1,1,1,1,1,0,1,1,1,1,0,0,1,1,1,0,0,0,0,1,1,0,1,0,1,0,1,0,1,0,0,0,0,1,1,0,1,0,1,1,0,0,1,1,0,0,1,1,1,1,0,0,0,1,1,0,1,1,0,0,1,1,0,0,1,0,1,1,1,1,1,0,1,1,1,1,0,0,1,0,0,0,0,0,1,1,0,0,1,0,1,1,0,1,0.0,-4634.02,1
0,0,1,1,0,0,0,0,1,0,1,1,0,1,1,0,0,0,0,1,1,1,0,1,0,0,1,0,0,1,0,0,1,0,0,1,0,0,1,1,1,0,1,0,1,1,0,1,0,0,0,1,0,0,1,1,1,0,0,0,1,1,0,0,1,0,0,1,1,0,1,0,1,0,0,0,1,1,1,1,0,0,0,1,0,1,0,0,0,1,0,1,0,1,1,0,0,1,0,1,1,0,1,0,0,1,1,0,0,0,1,0,1,0,0,0,0,0,0,1,0,1,1,1,0,1,0,0,1,1,0,0,1,1,1,1,0,0,0,1,1,1,1,0,0,0,0,1,1,0,1,0,1,0,1,0,1,1,1,0,1,1,0,0,1,0,0,1,1,0,1,1,0,0,0,1,1,1,1,0,0.0,-4634.000000000001,1
0,0,1,1,1,1,0,0,1,0,1,1,0,0,1,1,1,0,1,0,1,0,0,1,1,1,0,1,1,1,0,1,0,1,1,0,1,0,1,1,0,1,1,0,0,1,1,1,0,0,0,1,0,0,0,1,1,0,1,0,1,1,1,0,0,1,1,1,0,0,0,0,1,0,0,1,1,1,1,0,1,0,1,0,1,0,0,0,1,1,0,0,0,1,1,0,0,1,1,1,1,0,1,0,0,0,1,1,1,0,1,1,1,1,0,0,1,0,0,1,1,0,1,0,1,0,0,0,1,1,1,0,0,1,1,0,1,0,0,0,1,0,1,0,0,1,0,0,0,1,1,1,0,1,1,0,1,1,0,0,0,0,0,0,0,0,0,1,1,0,0,0,0,1,0,0,1,0,1,1,0.0,-4633.99,1
0,0,0,0,1,0,0,1,0,1,1,1,1,1,0,0,0,0,0,0,1,1,0,0,0,1,0,1,1,0,0,1,1,1,0,1,1,0,0,1,0,0,0,0,1,1,0,1,0,0,0,0,1,1,1,1,0,0,0,1,1,1,0,1,0,0,1,0,1,0,1,1,1,1,1,1,0,0,1,0,1,1,1,0,0,1,0,1,0,0,0,1,1,1,0,0,1,1,1,0,0,0,1,0,1,0,0,0,0,1,0,1,0,0,1,0,0,1,0,1,0,0,0,1,0,1,1,1,1,0,0,0,1,0,0,1,0,1,1,1,0,1,0,1,1,0,1,0,0,1,0,0,1,1,0,1,1,1,1,1,0,0,1,0,1,0,1,1,0,1,1,1,1,0,1,0,0,1,0,1,0.0,-4633.750000000001,1
1,1,1,1,0,1,1,0,1,0,0,1,0,1,1,0,1,1,0,1,0,1,1,0,0,0,1,0,0,1,1,0,1,0,0,1,0,1,1,0,0,0,1,1,1,0,1,0,1,1,1,1,0,1,1,0,1,1,1,0,0,0,0,0,1,1,1,1,0,1,0,0,0,0,0,0,1,1,0,0,0,0,0,1,0,0,1,1,0,1,0,0,1,0,1,1,0,1,1,1,1,1,0,1,0,1,1,0,1,0,1,0,1,0,1,1,0,0,1,0,1,0,1,1,1,1,0,0,0,1,1,1,1,1,1,1,0,0,0,0,1,0,1,1,0,0,0,1,0,0,1,0,1,1,1,0,0,0,1,0,1,1,0,0,1,1,0,1,0,0,0,1,0,1,1,0,1,1,1,1,0.0,-4633.599999999999,1
1,1,1,0,1,1,1,0,1,0,0,0,0,0,0,1,0,1,1,0,0,0,1,0,1,0,1,1,1,1,1,1,0,0,1,0,1,1,1,0,0,1,1,1,0,0,0,1,1,1,1,1,0,0,0,0,0,1,0,1,1,0,1,0,0,1,1,0,0,1,1,0,0,0,1,0,1,1,0,1,1,0,0,1,1,0,1,0,1,0,1,0,0,0,1,0,1,0,0,1,1,0,1,1,0,1,1,1,1,0,0,0,1,1,1,1,1,0,0,0,1,1,1,0,0,0,0,0,1,0,0,1,0,1,1,0,1,0,0,0,1,1,1,0,0,1,0,1,0,0,0,1,0,1,0,0,1,1,0,1,1,0,0,0,0,0,1,0,1,0,0,0,0,0,1,0,1,0,0,1,0.0,-4633.44,1
0,0,0,0,1,1,0,0,1,0,1,1,0,0,0,1,0,0,1,0,1,0,0,1,1,1,0,1,1,1,0,1,1,1,1,0,1,0,1,1,1,1,1,0,0,1,1,0,0,0,0,0,0,0,0,1,1,0,0,0,1,1,1,0,0,1,0,0,0,0,1,0,1,0,1,1,1,1,1,0,1,0,1,0,0,0,0,0,0,0,0,0,0,1,0,1,1,0,1,1,1,1,0,0,1,0,0,1,1,1,0,1,1,1,0,0,1,1,1,1,1,0,1,0,0,0,0,0,0,0,0,0,1,0,1,0,1,1,1,0,1,0,1,0,0,1,0,1,1,1,0,0,0,0,0,0,0,0,0,1,0,0,0,1,0,1,1,0,1,0,0,0,0,0,0,1,1,0,0,0,0.0,-4633.279999999999,1
1,0,1,0,1,0,0,1,0,1,1,1,1,0,0,1,0,0,1,0,1,0,0,0,1,1,1,1,1,0,0,1,0,0,1,0,1,0,0,1,0,1,0,0,0,0,0,0,1,0,0,1,1,1,0,1,0,0,1,1,1,0,1,1,0,0,0,0,1,0,0,1,1,1,1,1,0,0,1,0,1,1,1,0,1,1,0,1,1,1,0,1,0,1,1,1,0,0,1,0,0,1,0,0,0,0,1,1,0,0,0,1,0,1,1,0,1,0,1,1,0,0,0,0,1,0,1,1,0,0,1,0,0,1,0,0,1,0,0,0,0,0,0,1,1,1,1,0,0,1,1,1,0,1,0,1,0,0,0,1,0,0,1,1,0,0,1,0,0,1,0,0,1,1,1,0,0,0,0,1,0.0,-4633.029999999997,1
1,1,1,1,1,0,0,0,1,0,0,0,0,0,1,1,0,0,1,0,1,0,0,0,1,1,1,1,1,1,0,1,1,0,1,0,1,1,1,0,0,1,0,1,0,1,0,0,0,0,0,1,0,1,0,1,1,0,0,0,0,1,1,1,0,0,1,1,1,0,1,1,0,0,0,1,1,1,0,0,1,0,1,0,0,1,0,1,1,0,1,1,0,0,1,0,1,0,1,0,1,1,1,1,0,0,1,1,0,0,1,0,1,1,1,0,1,0,1,1,0,0,0,0,0,0,1,0,0,1,0,1,1,1,0,0,1,0,0,0,1,0,1,1,1,1,0,0,0,1,0,0,0,1,1,0,0,1,0,0,1,0,0,0,0,1,0,0,0,0,0,0,0,0,1,0,0,0,1,1,0.0,-4632.959999999998,1
0,1,0,0,1,1,0,0,1,0,1,1,0,1,0,1,0,0,1,0,1,0,0,0,1,1,1,1,1,1,0,1,1,0,1,0,1,0,1,1,1,1,1,0,0,1,0,1,0,0,0,0,0,1,0,1,0,0,0,1,0,1,1,0,0,1,0,0,0,0,1,0,1,0,1,1,1,1,1,0,1,0,1,0,0,0,0,1,1,1,0,0,0,1,0,1,0,1,1,1,1,0,0,0,1,1,0,1,1,1,0,0,1,1,1,0,1,1,0,0,1,0,1,1,0,0,0,0,1,0,0,0,0,0,1,0,1,1,1,0,1,0,1,1,0,1,1,1,1,0,1,1,0,0,0,0,1,0,0,1,1,0,0,1,0,1,1,1,0,0,0,0,0,0,1,1,1,0,0,0,0.0,-4632.95,1
0,1,1,1,0,0,1,0,1,0,0,0,0,1,1,0,0,1,0,1,0,1,1,1,0,0,1,1,0,1,0,0,0,0,0,1,1,1,1,0,1,0,1,1,1,0,0,1,1,0,1,1,0,0,1,0,1,1,0,0,0,0,0,0,1,0,0,1,1,1,1,0,0,0,0,0,1,1,0,1,1,0,0,1,1,1,0,0,0,0,0,1,1,0,1,1,0,1,0,1,1,0,0,1,0,1,1,0,1,1,1,0,1,0,0,1,0,0,0,0,0,1,1,1,0,1,0,0,1,1,0,1,1,1,1,1,0,0,0,1,1,1,1,0,0,0,1,1,1,0,0,0,1,0,1,0,1,0,1,0,1,1,0,1,1,0,0,1,1,0,1,1,0,0,0,1,1,1,1,0,0.0,-4632.6900000000005,1
0,1,0,1,0,0,0,1,0,1,1,1,1,0,0,0,0,0,0,1,1,1,0,0,0,1,1,0,0,0,0,0,1,0,0,1,0,0,0,1,0,0,1,0,1,1,0,0,0,1,0,0,1,1,1,1,1,0,0,0,0,1,0,0,1,0,0,0,1,0,1,0,1,1,0,1,0,0,1,0,0,1,1,0,0,1,1,1,0,1,0,1,1,1,0,1,1,1,1,1,0,1,0,0,1,1,0,0,1,1,1,0,0,0,1,0,0,1,1,1,0,0,1,0,0,1,0,1,0,1,0,0,1,0,1,1,0,1,1,1,0,1,0,1,0,0,1,1,1,0,1,0,1,0,1,0,0,0,1,1,1,1,1,1,1,0,0,1,0,1,1,1,1,0,1,1,1,1,0,1,0.0,-4632.37,1
0,1,1,0,1,1,1,1,0,1,1,0,1,1,0,1,1,1,1,0,0,0,1,1,1,0,1,1,1,0,0,1,0,0,1,0,1,0,0,1,1,1,0,0,0,0,0,1,1,1,1,1,1,0,0,0,0,1,1,1,0,0,1,1,0,1,0,0,0,1,0,1,1,1,1,0,0,0,0,0,1,1,0,1,1,0,1,0,1,0,1,0,0,1,1,0,0,1,1,0,0,0,1,0,0,0,1,1,0,0,0,0,0,1,0,1,1,0,1,0,1,0,0,1,1,0,1,1,0,0,1,0,0,1,0,0,1,0,0,0,0,0,0,0,1,1,0,0,1,1,0,1,0,0,0,1,0,1,0,1,1,0,1,0,0,1,1,1,1,1,0,0,1,1,0,1,0,0,0,0,0.0,-4632.289999999999,1
1,0,1,0,0,0,1,0,1,0,1,0,0,1,0,0,1,1,0,1,0,1,1,0,0,1,0,0,0,0,0,0,0,1,1,1,0,0,0,1,0,0,1,0,1,0,1,1,1,1,1,1,1,1,1,0,0,1,1,1,1,0,0,0,1,0,0,0,1,1,0,0,1,0,1,1,1,1,0,0,0,0,1,0,1,1,1,1,0,1,1,1,1,1,1,0,0,0,1,1,1,0,1,0,0,0,1,0,1,0,0,0,0,0,1,1,0,0,0,0,0,0,1,1,0,1,0,0,1,0,1,0,1,1,1,1,0,0,0,1,1,0,1,1,0,0,1,1,0,1,1,0,1,1,0,0,1,1,1,1,1,1,0,0,1,0,1,0,0,0,1,1,0,1,1,0,1,1,0,1,0.0,-4632.089999999997,1
1,1,1,0,1,1,1,1,0,1,1,1,1,1,0,1,1,1,1,0,0,0,1,1,1,1,1,1,1,0,1,1,0,0,1,0,1,1,0,0,1,1,1,1,0,0,1,0,1,1,1,1,1,0,0,0,0,1,1,1,0,0,1,0,0,1,0,0,0,1,0,0,1,1,1,1,0,0,0,0,1,1,1,0,1,0,1,0,1,0,0,0,0,0,1,1,0,0,1,1,0,1,0,0,0,1,1,1,1,0,0,0,0,1,0,1,1,0,1,0,1,0,1,1,0,0,0,1,0,0,1,1,0,1,1,0,1,0,0,0,0,0,0,0,0,1,0,1,1,0,0,1,0,0,0,1,0,0,0,1,1,0,1,0,0,1,1,0,1,1,0,0,1,1,0,1,1,0,0,0,0.0,-4631.989999999999,1
0,1,1,1,1,1,1,1,0,1,1,0,1,1,1,1,0,1,1,0,0,0,1,1,1,1,0,1,1,0,1,1,0,1,1,0,1,0,0,1,0,1,1,0,0,0,1,1,1,1,1,1,1,0,0,0,1,1,0,0,0,0,1,0,0,1,0,1,0,1,1,0,1,1,0,1,0,0,0,0,1,1,1,0,1,0,1,0,1,0,0,0,0,1,1,1,0,1,1,1,0,0,0,0,0,1,1,1,1,0,1,1,0,1,0,1,1,0,0,0,1,0,1,1,1,0,0,1,1,1,0,0,0,1,1,0,1,0,0,0,0,1,0,0,0,1,1,1,0,0,0,1,0,1,1,1,1,0,0,0,0,0,1,1,0,0,0,1,1,1,0,0,1,0,0,0,1,0,1,1,0.0,-4631.939999999999,1
1,1,1,1,0,0,0,0,1,0,0,1,0,0,1,0,1,0,0,1,1,1,0,0,0,1,1,0,0,1,0,0,1,0,0,1,0,1,1,0,0,0,0,1,1,1,1,0,0,0,0,1,0,1,1,1,1,0,1,0,0,1,0,1,1,0,1,1,1,0,0,1,0,0,0,1,1,1,1,0,0,0,1,0,0,1,0,1,0,0,0,1,1,0,1,0,0,0,1,0,1,1,1,1,0,1,1,0,0,0,1,0,1,0,1,0,0,0,1,1,0,0,0,0,0,1,1,0,0,1,1,1,0,1,0,1,0,0,0,1,1,0,1,1,1,0,1,0,0,0,0,0,1,1,1,1,0,1,1,0,1,1,0,0,1,0,0,0,0,0,1,1,0,1,1,0,0,1,1,1,0.0,-4631.83,1
1,0,1,0,0,0,0,0,1,0,0,1,0,1,1,0,0,0,0,1,1,1,0,1,0,0,1,0,0,1,0,0,1,0,0,1,0,1,1,0,0,0,0,1,1,1,1,0,0,1,0,1,0,0,1,1,0,0,0,1,1,1,0,1,1,0,1,1,1,0,1,1,0,1,1,0,1,1,1,1,0,1,0,1,0,1,1,0,0,1,0,1,1,0,1,0,0,1,0,0,1,1,1,1,0,1,1,0,0,0,0,0,1,0,0,0,0,0,1,1,0,1,0,1,0,1,1,0,0,0,0,1,1,1,0,1,0,0,0,1,1,1,1,0,1,0,1,0,0,0,1,0,1,1,0,0,0,1,1,0,1,1,0,1,1,1,1,1,1,1,1,1,0,0,0,0,0,1,1,1,0.0,-4631.83,1
1,0,1,1,0,0,1,0,1,0,0,0,0,0,1,0,1,1,0,1,0,1,1,0,0,0,0,0,0,1,1,0,1,1,0,1,0,1,0,0,1,0,0,1,1,0,1,1,1,1,1,1,0,1,1,0,1,1,1,0,1,0,0,1,1,0,1,1,1,1,0,1,0,1,0,0,1,1,0,0,0,1,0,1,0,1,1,1,0,1,1,1,1,0,1,1,0,1,1,0,1,0,0,1,0,0,1,0,0,0,1,0,1,0,1,1,0,0,0,0,0,0,0,0,0,1,1,0,1,1,1,1,1,1,0,1,0,0,0,1,1,0,1,1,1,0,1,0,0,1,1,0,1,1,1,0,1,0,1,0,1,1,0,0,1,0,0,1,0,1,1,1,0,1,1,0,0,1,1,1,0.0,-4631.780000000001,1
1,0,1,0,1,1,0,0,1,0,1,0,0,1,0,1,1,0,1,0,1,0,0,0,1,1,1,0,1,0,1,1,1,0,1,0,0,0,0,1,0,1,1,0,0,1,1,1,0,0,0,1,1,1,0,1,0,0,1,1,1,1,1,0,0,1,0,0,0,0,0,0,1,0,1,1,1,1,1,0,0,0,1,0,0,0,0,1,1,1,1,0,0,1,1,1,0,1,1,1,1,0,0,0,0,1,0,1,1,0,0,1,0,1,1,0,1,0,0,1,1,0,1,1,0,0,0,0,1,0,1,0,0,1,1,0,1,0,0,0,1,0,1,1,0,1,1,1,0,0,1,1,0,1,0,0,1,0,0,1,0,0,0,0,0,0,1,1,0,0,0,0,0,1,1,0,1,0,0,1,0.0,-4631.639999999999,1
1,1,1,1,1,0,0,0,1,0,0,0,0,1,1,1,1,0,1,0,1,0,0,0,1,0,1,1,1,1,1,1,0,0,1,0,1,1,1,0,0,1,1,1,0,1,1,1,0,0,0,1,0,0,0,1,1,0,1,0,0,1,1,0,0,0,1,1,1,0,0,0,0,0,0,0,1,1,0,0,1,0,0,1,1,1,0,1,1,0,0,1,0,0,1,1,0,1,0,1,1,0,0,1,0,1,1,1,1,1,1,0,1,1,1,0,1,0,0,1,0,1,1,1,0,0,0,0,1,1,1,1,0,1,1,0,1,0,0,0,1,0,1,1,0,1,1,1,0,0,0,1,0,1,1,0,1,0,0,0,1,0,0,1,0,0,0,1,1,0,0,0,0,1,1,0,1,0,1,1,0.0,-4631.580000000001,1
1,1,0,0,1,1,0,1,0,1,1,1,1,1,0,1,0,0,1,0,1,0,0,1,1,1,0,1,1,0,0,1,1,1,1,0,1,0,0,1,0,1,0,0,0,1,1,1,0,0,0,0,1,1,0,1,0,0,0,1,0,1,1,1,0,1,0,0,1,0,1,1,1,1,1,1,0,0,1,0,1,1,1,0,0,1,0,1,0,0,1,1,0,1,0,1,1,1,1,0,0,0,0,0,1,0,0,1,0,1,0,1,0,1,0,0,1,1,0,1,0,0,0,1,0,0,1,1,1,0,0,0,0,0,0,0,1,1,1,0,0,0,0,1,1,1,0,0,0,1,0,1,0,1,0,1,1,0,0,1,0,0,1,1,0,0,1,1,0,1,0,0,1,0,0,0,0,0,0,1,0.0,-4631.5199999999995,1
1,0,0,1,1,0,0,1,0,1,1,0,1,0,1,1,0,0,1,0,1,0,0,0,1,0,0,1,1,0,0,1,1,1,1,0,1,0,1,1,1,1,1,0,0,1,0,0,0,0,0,0,0,1,0,1,1,0,0,0,1,1,1,0,0,0,0,1,1,0,1,0,1,1,0,0,0,0,1,0,1,1,0,1,0,1,0,1,1,0,0,1,0,1,0,1,0,0,1,1,0,1,0,0,1,1,0,1,1,0,1,0,0,1,1,0,1,1,1,1,0,0,1,0,1,0,0,1,0,1,0,0,0,0,1,0,1,1,1,0,0,0,0,1,1,1,0,1,1,0,0,1,0,0,1,1,0,0,0,0,1,0,1,1,0,1,0,0,0,1,0,0,1,0,1,1,1,0,1,0,0.0,-4631.400000000001,1
0,1,0,0,1,1,1,0,1,0,0,0,0,0,0,0,0,1,0,0,0,1,1,0,0,0,1,0,0,1,0,1,0,0,0,1,0,1,1,0,1,0,0,1,1,0,0,1,1,1,1,0,0,1,1,0,0,1,0,1,0,0,0,1,1,1,1,0,0,1,1,1,0,1,1,0,1,1,0,0,0,1,0,1,1,0,1,1,0,1,1,0,1,0,0,0,1,1,1,0,1,0,1,1,1,1,0,0,0,1,0,0,1,0,1,1,0,1,0,0,1,0,0,0,0,1,1,0,1,0,0,1,1,0,0,1,0,1,1,1,1,0,1,1,1,0,1,0,1,0,1,0,1,0,0,0,1,1,1,1,1,0,0,1,1,0,1,1,0,1,1,1,0,0,1,1,0,1,0,0,0.0,-4631.089999999999,1
0,0,0,1,0,1,0,1,0,1,0,1,1,0,1,0,0,0,0,1,1,1,0,0,0,1,1,0,0,0,0,0,1,0,0,1,0,0,1,0,1,0,1,1,1,1,0,0,0,1,0,0,1,1,1,1,1,0,0,0,1,1,0,0,1,1,1,1,0,0,1,0,0,0,0,1,0,0,1,0,0,0,1,0,0,0,1,1,1,1,0,0,1,0,0,0,0,0,1,1,0,1,1,1,1,1,0,0,1,1,1,1,0,0,1,0,0,1,1,1,1,0,1,0,0,1,0,1,0,1,0,0,1,0,1,1,0,1,1,1,0,1,0,1,0,0,1,1,1,0,1,0,1,0,1,1,0,1,1,0,0,1,1,0,1,1,0,0,0,0,1,1,1,0,1,1,1,1,1,0,0.0,-4630.909999999999,1
0,0,1,1,1,0,0,1,0,1,0,1,1,0,1,0,0,0,0,0,1,0,0,0,0,0,1,1,1,0,0,1,1,0,0,1,1,1,0,0,0,1,1,1,1,1,1,0,0,1,0,1,1,0,1,1,1,0,0,0,1,1,0,0,0,0,1,1,1,0,1,0,0,1,0,0,0,0,1,1,1,1,0,1,0,1,1,0,0,0,0,1,1,0,1,0,0,1,0,1,0,1,1,1,0,1,1,1,1,0,1,1,0,0,1,0,0,0,1,1,0,1,1,0,0,1,0,1,0,1,0,1,1,1,1,1,0,0,0,1,0,1,0,0,0,0,0,1,0,0,0,0,1,1,1,1,0,1,0,0,0,0,1,0,1,1,0,1,1,1,1,1,1,0,1,0,1,1,1,1,0.0,-4630.7699999999995,1
0,1,0,0,1,0,1,0,1,0,0,1,0,0,0,1,0,1,1,0,0,0,1,1,1,1,1,1,1,1,0,1,0,0,1,0,1,1,1,0,1,1,1,1,0,0,1,1,1,1,1,0,0,0,0,0,0,1,0,1,0,0,1,0,0,0,1,0,1,1,1,0,0,0,1,1,1,1,0,1,1,0,1,0,1,0,1,0,1,0,1,1,0,0,0,0,1,1,0,1,1,0,1,1,1,1,0,1,1,1,0,1,1,1,0,1,1,1,0,0,1,1,1,0,1,0,0,0,1,0,0,1,1,0,1,0,1,1,1,0,1,1,1,0,0,1,0,1,1,0,0,0,0,0,0,0,1,1,0,1,0,0,0,1,0,0,1,1,1,0,0,0,0,0,0,1,1,0,0,0,0.0,-4630.75,1
1,0,1,0,0,1,1,0,1,0,1,1,0,1,0,0,1,1,0,1,0,1,1,0,0,0,1,0,0,1,0,0,0,0,0,1,0,0,1,1,0,0,0,0,1,0,1,1,1,0,1,1,0,1,1,0,0,1,1,1,1,0,0,1,1,1,1,0,0,1,0,1,1,0,1,0,1,1,1,0,0,0,0,1,1,0,0,1,0,0,1,0,1,1,1,0,0,1,0,0,1,0,1,0,0,0,1,0,0,0,0,0,1,0,1,1,0,1,0,0,1,1,0,1,1,1,1,0,1,0,1,0,1,1,0,1,0,0,0,1,1,1,1,1,1,0,1,0,0,1,0,0,1,1,0,0,1,1,1,1,1,1,0,0,1,0,1,1,0,0,1,1,0,1,1,0,0,1,0,1,0.0,-4630.64,1
0,1,0,0,0,0,0,1,0,1,1,1,1,0,0,0,1,0,0,1,1,1,0,0,0,1,1,0,0,0,1,0,1,0,0,1,0,1,0,0,1,0,1,1,1,1,1,0,0,1,0,0,1,1,1,1,1,0,1,0,0,1,0,0,1,0,0,0,1,0,0,0,1,1,1,1,0,0,1,0,0,1,1,0,0,1,1,1,0,1,1,1,1,0,0,0,1,0,1,1,0,1,1,0,1,1,0,0,1,1,0,0,0,0,1,0,0,1,1,1,0,0,1,0,0,1,0,1,0,0,1,1,1,0,1,1,0,1,1,1,0,0,0,1,0,0,1,1,1,0,1,0,1,0,0,1,0,1,1,1,1,1,1,0,1,1,1,0,0,1,1,1,1,1,1,1,1,1,0,0,0.0,-4630.569999999999,1
1,0,1,0,0,1,0,1,0,1,1,1,1,1,0,0,1,0,0,1,1,1,0,0,0,0,0,0,0,0,0,0,1,1,0,1,0,0,0,1,0,0,1,0,1,1,0,1,0,1,0,1,1,1,1,1,0,0,1,1,1,1,0,0,1,1,0,0,0,0,0,0,1,1,1,0,0,0,1,0,0,1,0,1,0,0,1,0,0,1,1,0,1,1,1,1,0,1,1,1,0,0,0,0,0,1,1,1,1,0,0,0,0,0,1,0,0,0,0,1,1,0,1,1,1,1,0,1,1,0,1,0,1,1,1,1,0,0,0,1,0,0,0,0,0,0,1,1,0,0,1,0,1,1,0,1,1,0,1,1,1,1,1,0,1,0,1,1,0,1,1,1,1,1,1,0,1,1,0,1,0.0,-4630.530000000002,1
0,1,1,1,0,0,0,0,1,0,1,0,0,0,1,0,1,0,0,1,1,1,0,1,0,0,1,0,0,1,1,0,1,0,0,1,0,0,1,1,1,0,1,0,1,1,1,1,0,0,0,1,0,0,1,1,1,0,1,0,0,1,0,0,1,0,0,1,1,0,0,0,1,1,0,0,1,1,0,0,0,1,0,1,0,1,0,0,1,1,0,1,1,1,1,1,1,1,1,1,1,0,0,0,0,1,1,0,1,0,1,0,1,0,0,0,0,0,0,1,0,0,1,0,0,1,0,0,1,1,1,0,1,1,1,1,0,0,0,1,1,0,1,0,0,0,0,1,1,0,1,0,1,0,1,0,1,0,1,0,1,1,0,0,1,0,0,1,1,1,1,1,0,1,0,1,1,1,1,0,0.0,-4630.350000000002,1
0,0,1,1,1,1,0,0,1,0,0,0,0,0,1,1,1,0,1,0,1,0,0,0,1,1,1,1,1,1,0,1,1,0,1,0,1,1,1,0,1,1,1,1,0,1,1,1,0,1,0,1,0,0,0,1,1,0,1,0,1,1,1,0,0,1,1,1,0,0,0,0,0,0,0,1,1,1,0,1,1,0,1,0,0,0,1,0,1,0,0,0,0,0,1,1,1,0,0,1,1,0,0,1,0,1,1,1,1,0,1,1,1,1,1,0,1,0,0,1,1,1,1,0,0,0,0,0,1,1,1,1,0,1,1,0,1,0,0,0,1,1,1,0,0,1,0,1,1,0,0,0,0,0,1,0,1,0,0,0,0,0,0,0,0,0,0,0,1,0,0,0,0,1,1,1,1,0,1,0,0.0,-4630.339999999999,1
1,0,1,0,1,1,0,0,1,0,0,1,0,0,0,1,1,0,0,0,1,0,0,1,1,1,0,1,1,1,0,1,0,1,0,0,1,1,1,0,0,1,1,1,0,1,1,0,0,0,0,1,0,0,0,1,0,0,1,1,1,1,1,0,0,1,0,0,0,0,0,0,0,0,1,1,1,1,1,0,1,0,1,0,1,0,0,0,1,1,0,0,0,0,1,1,0,0,1,1,1,1,0,1,0,1,1,1,1,0,0,0,1,1,0,0,1,0,1,1,1,0,1,0,0,1,0,0,0,0,1,1,0,1,1,0,0,0,0,0,1,0,1,0,0,1,0,1,0,0,1,1,0,1,0,0,0,0,0,1,1,0,0,0,0,1,1,0,1,0,0,0,0,1,0,0,1,0,0,1,0.0,-4630.15,1
1,1,0,0,0,0,0,1,0,1,0,0,1,0,0,0,0,0,0,1,1,1,0,1,0,0,1,0,0,0,0,0,0,0,0,1,0,1,0,0,0,0,0,1,1,1,0,0,0,0,0,0,1,1,1,1,0,0,0,1,0,1,0,1,1,0,1,0,1,0,1,1,0,1,1,0,0,0,1,1,0,1,0,1,1,1,0,0,0,1,1,1,1,0,0,1,1,1,0,0,0,1,0,1,1,1,0,0,0,1,0,0,0,0,0,0,0,0,1,1,0,1,0,0,0,1,1,1,0,0,0,1,1,0,0,1,0,1,1,1,0,1,0,0,1,0,1,0,0,0,1,0,1,1,0,1,0,0,1,1,1,1,1,0,1,1,1,1,1,1,1,1,1,0,0,0,0,1,0,1,0.0,-4630.009999999999,1
0,0,0,1,0,0,0,0,1,0,1,1,0,0,1,0,0,0,0,1,1,1,0,1,0,1,1,0,0,1,0,0,1,0,0,1,0,0,0,1,1,0,1,0,1,1,0,1,0,1,0,0,0,1,1,1,1,0,0,0,1,1,0,0,1,0,1,1,1,0,1,0,1,0,0,1,1,1,1,0,0,0,1,0,0,1,1,0,1,1,0,1,1,1,0,1,1,1,1,1,1,0,0,0,1,1,0,0,1,1,1,1,1,0,0,0,0,1,0,1,0,0,1,0,0,1,0,0,1,1,0,0,0,0,1,1,0,1,1,1,1,0,1,0,0,0,1,1,1,0,1,1,1,0,1,0,1,0,1,0,0,1,0,1,1,0,0,1,1,0,1,1,0,0,0,1,1,1,1,0,0.0,-4629.770000000001,1
0,0,0,1,0,0,0,1,0,1,0,1,1,0,0,0,0,0,0,1,1,1,0,0,0,1,1,1,0,0,0,0,1,0,0,1,1,1,0,0,1,0,1,1,1,1,1,0,0,0,0,0,1,1,1,1,1,0,0,0,1,1,0,0,1,0,1,0,1,0,1,0,0,1,0,1,0,0,1,0,1,0,1,0,0,0,0,0,0,0,0,1,1,0,0,1,1,0,1,1,0,1,0,1,1,1,0,0,1,1,1,1,0,0,1,0,0,1,1,1,1,0,1,0,0,1,0,1,0,1,0,1,1,0,1,1,0,1,1,1,0,0,0,0,0,0,1,1,1,0,0,0,1,0,1,1,0,0,1,1,0,1,1,1,1,1,0,0,0,0,1,1,1,0,1,1,1,1,0,0,0.0,-4629.630000000001,1
0,0,0,1,1,1,1,0,1,0,0,0,0,1,1,1,0,1,1,0,0,0,1,0,1,1,1,1,1,1,0,1,0,0,1,0,1,1,1,0,1,1,1,1,0,0,0,1,1,0,1,0,0,0,0,0,1,1,0,0,1,0,1,1,0,1,0,1,0,1,1,1,0,0,0,1,1,1,0,0,1,0,1,0,1,0,0,0,1,0,1,0,0,0,0,0,1,0,1,0,1,0,1,1,1,1,0,1,0,1,1,0,1,1,1,1,1,1,0,0,1,0,0,1,1,0,1,0,1,1,0,1,0,0,0,0,1,1,1,0,1,0,1,0,1,1,0,0,1,0,0,1,0,0,1,0,1,1,0,0,1,0,0,0,0,0,0,0,1,0,0,0,0,0,1,1,0,0,1,0,0.0,-4629.3099999999995,1
0,0,0,0,1,1,0,1,0,1,0,0,1,0,0,1,0,0,1,0,1,0,0,0,1,0,1,1,1,0,0,1,1,0,1,0,1,1,0,0,1,1,0,1,0,1,0,0,0,0,0,0,1,1,0,1,0,0,0,1,1,1,1,1,0,1,0,0,0,0,1,1,0,1,1,0,0,0,1,0,1,1,0,1,0,0,0,1,1,1,0,0,0,0,0,0,0,1,1,0,1,1,1,1,1,0,0,1,0,1,0,0,0,1,1,0,1,1,1,1,1,0,0,0,1,0,1,1,0,0,0,1,0,0,0,0,1,1,1,0,0,0,0,1,1,1,1,0,1,1,1,1,0,0,0,1,0,1,0,1,1,0,1,1,0,0,1,1,0,1,0,0,0,0,1,1,0,0,0,0,0.0,-4629.289999999999,1
0,1,1,1,0,1,0,1,0,1,0,1,1,0,1,0,0,0,0,1,1,1,0,0,0,0,1,0,0,0,0,0,1,0,0,1,0,1,0,0,0,0,0,1,1,1,1,1,0,1,0,1,1,1,1,1,1,0,1,0,0,1,0,1,1,1,1,1,0,0,0,1,0,1,0,0,0,0,1,1,0,1,0,1,0,1,1,1,0,0,0,1,1,0,1,0,0,1,0,0,0,0,1,1,0,0,1,0,0,0,1,0,0,0,1,0,0,0,0,1,0,1,0,0,0,1,1,1,1,1,1,1,1,1,0,1,0,0,0,1,0,1,0,1,1,0,1,0,0,1,0,0,1,1,1,1,1,1,1,0,1,1,1,1,1,0,0,1,0,1,1,1,1,1,1,0,0,1,1,1,0.0,-4629.270000000001,1
0,0,0,1,0,1,0,0,1,0,1,1,0,0,1,0,0,0,0,1,1,1,0,1,0,1,1,1,0,1,0,0,1,0,0,1,1,0,1,1,1,0,1,0,1,1,0,0,0,0,0,0,0,1,1,1,1,0,0,0,1,1,0,0,1,1,0,1,0,0,1,0,1,1,0,1,1,1,1,0,1,1,1,0,0,0,0,1,0,0,0,0,1,1,0,1,1,0,1,1,1,1,0,0,1,1,1,0,1,0,1,1,1,0,0,0,0,0,1,1,1,0,1,0,0,1,0,0,0,1,0,0,1,0,1,1,0,1,1,1,1,0,1,0,0,0,0,1,1,0,0,0,1,0,1,0,0,0,1,0,0,1,0,1,1,1,0,0,0,1,1,1,0,0,0,1,1,1,1,0,0.0,-4628.889999999999,1
0,0,0,1,1,0,0,0,1,0,1,0,0,1,1,1,0,0,1,0,1,0,0,1,1,1,1,1,1,1,0,1,1,0,1,0,1,1,1,0,1,1,1,1,0,1,0,1,0,1,0,0,0,1,0,1,1,0,0,0,1,1,1,0,0,0,0,1,1,0,1,0,1,0,0,1,1,1,1,0,1,0,1,0,0,1,1,1,1,1,1,1,0,0,0,0,1,0,1,1,1,0,1,0,1,0,0,1,1,0,1,1,1,1,0,0,1,1,0,1,0,0,1,1,1,0,0,0,1,1,0,1,0,0,1,0,1,1,1,0,1,0,1,1,0,1,0,1,1,1,1,1,0,0,1,0,1,1,0,0,0,0,0,0,0,0,0,0,0,0,0,0,0,0,0,1,1,0,1,0,0.0,-4628.8499999999985,1
0,0,1,1,1,1,0,0,1,0,1,0,0,0,1,1,1,0,1,0,1,0,0,0,1,0,0,1,1,1,0,1,0,1,0,0,1,0,1,1,0,1,0,0,0,1,1,0,0,0,0,1,0,1,0,1,1,0,1,0,1,1,1,0,0,1,0,1,0,0,0,0,1,0,0,0,1,1,1,1,1,0,0,1,1,1,0,1,1,0,1,0,0,1,1,1,0,1,0,1,1,1,0,0,0,1,1,1,1,0,1,1,1,1,1,0,1,0,1,1,0,1,1,0,1,0,0,0,0,1,1,0,0,1,1,0,1,0,0,0,1,1,1,1,0,1,0,1,0,0,0,1,0,1,1,0,0,0,0,0,0,0,0,0,0,1,0,1,0,0,0,0,0,1,1,0,1,0,1,1,0.0,-4628.739999999997,1
1,0,0,1,1,0,0,1,0,1,0,1,1,0,1,1,0,0,1,0,1,0,0,0,0,1,1,1,1,0,0,1,1,0,1,0,1,0,0,1,1,1,1,0,0,1,0,0,0,0,0,0,1,1,1,1,1,0,0,0,1,1,1,0,0,0,0,1,1,0,1,0,0,1,0,1,0,0,1,0,1,1,1,0,0,0,0,1,1,0,0,0,0,1,0,1,1,0,1,1,0,1,0,0,1,1,0,1,1,1,1,1,0,0,1,0,1,1,1,1,1,0,1,0,1,0,0,1,0,1,0,0,1,0,1,0,1,1,1,0,0,0,0,1,0,1,1,1,1,0,1,0,0,0,1,1,0,0,0,0,0,0,1,1,1,1,0,0,0,1,0,0,1,0,1,1,1,0,1,0,0.0,-4628.719999999998,1
0,1,1,1,1,0,1,0,1,0,0,1,0,0,1,1,1,1,1,0,0,0,1,1,1,0,1,1,1,1,1,1,0,0,1,0,1,1,1,0,0,1,0,1,0,0,1,0,1,0,1,1,0,1,0,0,1,1,1,0,0,0,1,0,0,0,0,1,1,1,0,0,0,0,0,0,1,1,1,1,1,0,0,1,1,0,0,1,1,0,0,0,0,0,1,0,0,0,0,1,1,1,1,1,0,1,1,1,1,0,1,0,1,1,0,1,1,0,1,0,1,1,1,0,0,0,0,0,0,1,1,1,0,1,1,0,1,0,0,0,1,1,1,1,0,1,0,1,0,0,0,1,0,1,1,0,0,1,0,0,1,0,0,0,0,1,0,0,0,0,0,0,0,1,0,0,1,0,1,1,0.0,-4628.3099999999995,1
1,0,0,0,0,1,0,1,0,1,0,0,1,0,0,1,0,0,1,1,1,0,0,0,1,1,0,0,0,0,0,0,0,1,1,0,0,1,0,0,1,1,1,1,0,1,0,0,0,1,0,0,1,1,0,1,0,0,0,1,1,1,1,0,1,1,1,0,0,0,1,0,0,1,1,1,0,0,1,0,0,1,1,0,1,1,1,1,1,1,0,0,0,0,0,0,1,0,1,1,0,1,1,1,1,1,0,1,1,0,0,1,0,1,1,0,1,1,1,1,0,0,1,0,0,0,0,1,0,0,0,1,1,0,1,0,1,1,1,0,0,0,0,1,0,1,0,1,1,0,1,0,0,0,0,1,0,1,0,1,0,1,1,1,0,1,1,0,0,1,0,0,1,0,1,1,1,0,0,0,0.0,-4628.279999999997,1
1,1,0,1,0,1,0,0,1,0,0,0,0,0,1,0,0,0,0,1,1,1,0,1,0,0,1,1,0,1,0,0,0,0,0,1,1,0,1,1,1,0,1,0,1,1,0,0,0,1,0,0,0,1,1,1,1,0,0,0,0,1,0,0,1,1,1,1,0,0,1,0,0,0,0,0,1,1,1,0,1,0,0,1,1,0,1,0,0,0,0,0,1,1,0,0,1,1,1,1,1,1,1,1,1,1,0,0,1,1,1,0,1,0,0,0,0,1,1,1,1,0,1,0,0,1,0,0,0,1,0,0,1,0,1,1,0,1,1,1,1,0,1,0,0,0,1,1,1,0,0,0,1,0,1,0,0,1,1,0,1,1,0,1,1,1,0,1,0,0,1,1,0,0,0,1,1,1,1,0,0.0,-4628.14,1
0,1,0,1,1,1,0,1,0,1,1,1,1,1,1,1,0,0,1,0,1,0,0,0,1,1,1,1,1,0,1,1,1,0,1,0,1,0,0,1,1,1,1,0,0,1,0,1,0,1,0,0,1,1,0,1,1,0,0,0,0,1,1,0,0,1,0,1,0,0,1,0,1,0,0,1,0,0,1,0,1,0,1,0,0,0,1,1,0,0,0,0,0,1,0,0,1,0,1,1,0,0,1,0,1,1,0,1,1,1,1,1,0,1,1,1,1,1,0,1,1,0,1,1,1,0,0,1,1,1,0,0,1,0,1,0,1,1,1,0,0,0,0,1,0,1,0,1,1,0,0,1,0,0,1,1,1,1,0,0,0,0,1,1,0,0,0,0,0,0,0,0,1,0,1,1,1,0,1,0,0.0,-4628.13,1
0,1,1,1,0,0,1,1,0,1,0,1,1,1,1,0,1,1,0,1,0,1,1,1,0,1,1,1,0,0,1,0,0,0,0,1,1,1,0,0,0,0,1,1,1,0,1,1,1,1,1,1,1,0,1,0,1,1,1,0,0,0,0,0,1,0,1,1,1,1,0,0,0,1,0,1,0,0,0,0,1,1,1,0,1,1,1,0,0,0,0,1,1,0,1,0,0,0,1,1,1,0,1,1,0,1,1,0,1,0,1,0,0,0,0,1,0,0,0,0,0,0,1,1,0,1,0,1,1,1,1,1,1,1,1,1,0,0,0,1,0,0,0,0,0,0,0,1,0,0,0,0,1,1,1,1,1,1,1,0,1,0,1,0,1,0,0,0,1,1,1,1,0,1,0,0,1,1,1,1,0.0,-4628.1100000000015,1
0,1,1,0,0,1,0,0,1,0,1,1,0,1,0,1,0,0,1,1,1,0,0,1,1,1,1,1,0,1,0,0,1,0,1,0,1,0,1,1,0,1,1,0,0,1,1,0,0,0,0,1,0,0,0,1,0,0,0,1,0,1,1,0,1,1,0,0,0,0,1,0,1,0,1,1,1,1,1,0,1,0,1,0,0,0,0,0,1,0,0,0,0,1,1,0,0,1,1,1,1,1,1,0,0,1,1,1,1,0,0,1,1,1,0,0,1,0,1,1,1,0,1,1,0,0,0,0,0,0,0,0,0,1,1,0,1,0,0,0,1,0,1,0,0,1,0,1,0,0,0,1,0,1,0,0,0,1,0,1,0,1,0,0,0,1,1,1,1,0,0,0,0,0,0,0,1,0,0,1,0.0,-4628.049999999998,1
0,0,1,0,1,0,1,1,0,1,1,0,1,1,0,1,0,1,1,0,0,0,1,0,1,1,0,1,1,0,1,1,0,1,1,0,1,0,0,1,0,1,1,0,0,0,0,1,1,0,1,1,1,1,0,0,0,1,0,1,1,0,1,0,0,0,0,0,1,1,1,0,1,1,1,1,0,0,0,0,1,1,1,0,1,0,0,1,1,0,0,0,0,1,1,0,0,0,1,1,0,0,1,0,0,1,1,1,1,1,0,1,0,1,1,1,1,0,0,0,1,0,1,1,0,0,0,1,1,0,0,0,0,1,1,0,1,0,0,0,0,1,0,1,0,1,1,1,0,0,0,1,0,1,0,0,1,1,0,1,0,0,1,0,0,0,1,0,0,1,0,0,1,0,1,0,1,0,0,1,0.0,-4628.029999999999,1
0,0,0,0,1,0,1,1,0,1,1,0,1,0,0,1,0,1,1,0,0,0,1,0,1,1,1,1,1,0,1,1,0,0,1,0,1,0,0,1,0,1,0,0,0,0,0,0,1,0,1,0,1,1,0,0,0,1,0,1,1,0,1,1,0,0,1,0,1,1,1,1,1,0,1,1,0,0,0,0,1,0,1,0,1,1,0,1,1,1,1,1,0,1,0,0,0,1,1,0,0,1,1,0,1,0,0,1,0,0,0,1,0,1,1,1,1,1,1,0,0,0,0,0,0,0,1,1,0,0,0,0,0,0,0,0,1,1,1,0,0,0,0,1,0,1,0,0,0,1,1,1,0,1,0,1,0,1,0,1,0,0,1,1,0,1,1,1,0,0,0,0,1,0,1,0,0,0,0,1,0.0,-4628.019999999999,1
0,0,1,1,0,0,1,1,0,1,0,0,1,1,1,0,1,1,0,1,0,1,1,0,0,1,0,0,0,0,1,0,0,1,0,1,0,1,0,0,0,0,1,1,1,0,1,0,1,0,1,1,1,0,1,0,1,1,1,0,1,0,0,0,1,0,1,1,1,1,0,0,0,0,1,1,0,0,0,0,0,0,1,0,1,0,0,1,0,1,1,0,1,0,1,0,0,0,1,1,0,1,1,1,0,1,1,0,1,1,1,1,0,0,1,1,0,0,1,0,1,0,1,1,0,1,0,1,0,1,1,1,1,1,1,1,0,0,0,1,0,0,0,1,0,0,1,1,0,0,1,0,1,1,1,1,0,1,1,0,0,1,1,0,1,1,0,0,0,0,1,1,1,1,1,0,1,1,1,1,0.0,-4627.97,1
0,1,0,1,0,0,1,1,0,1,1,0,1,1,1,0,0,1,0,1,0,1,1,0,0,1,1,0,0,0,1,0,1,0,0,1,0,0,0,1,1,0,1,0,1,0,1,1,1,0,1,0,1,1,1,0,1,1,0,0,0,0,0,0,1,0,1,1,1,1,1,0,1,1,0,1,0,0,0,0,0,1,1,0,0,1,0,1,0,1,0,1,1,1,0,0,1,1,1,1,1,0,1,0,1,1,0,0,1,1,1,0,0,0,1,1,0,1,0,0,0,0,1,1,0,1,0,1,1,1,0,0,0,0,1,1,0,1,1,1,0,0,0,1,0,0,1,0,1,0,1,1,1,0,1,1,1,1,1,0,1,1,1,1,1,0,0,1,0,1,1,1,0,0,1,1,1,1,1,0,0.0,-4627.840000000001,1
1,1,0,1,0,1,0,1,0,1,1,1,1,0,1,0,0,0,0,1,1,1,0,1,0,0,1,0,0,0,0,0,1,0,0,1,0,0,0,1,1,0,1,0,1,1,1,0,0,0,0,0,1,0,1,1,1,0,0,0,0,1,0,0,1,1,1,1,0,0,1,0,1,1,0,0,0,0,1,1,0,1,0,1,0,0,0,0,0,1,0,0,1,1,0,0,0,0,0,1,1,1,1,0,1,1,0,0,1,0,1,0,0,0,0,0,0,1,1,1,1,1,1,0,0,1,0,1,0,1,0,0,0,0,1,1,0,1,1,1,0,1,0,0,0,0,0,1,1,0,1,1,1,0,1,0,0,1,1,0,1,1,1,1,1,1,0,0,1,1,1,1,0,0,0,1,1,1,1,0,0.0,-4627.780000000001,1
0,0,1,0,1,0,0,0,1,0,1,0,0,1,0,1,1,0,1,0,1,0,0,1,1,1,0,1,1,1,0,1,1,1,1,0,1,0,0,1,1,1,1,0,0,1,1,1,0,1,0,1,0,0,0,1,0,0,1,1,1,1,1,0,0,0,0,0,1,0,0,0,1,0,1,1,1,1,1,0,1,0,1,0,0,1,1,0,1,1,1,1,0,1,1,1,0,1,1,1,1,0,0,0,0,1,1,1,1,0,0,1,1,1,0,0,1,0,0,1,0,0,1,1,1,0,0,0,1,0,1,0,0,1,1,0,1,0,0,0,1,0,1,0,0,1,0,1,1,0,1,1,0,0,0,0,1,0,0,1,1,0,0,0,0,0,1,1,1,0,0,0,0,1,0,1,1,0,0,0,0.0,-4627.74,1
0,0,0,0,1,0,0,1,0,1,0,1,1,0,0,1,0,0,1,0,0,0,1,1,1,0,0,1,1,0,0,1,1,1,1,0,1,1,0,0,1,1,1,1,0,1,1,0,0,0,0,0,1,1,0,1,0,0,0,1,1,1,1,0,0,0,1,0,1,0,1,0,0,0,1,0,0,0,0,1,1,0,0,1,0,1,0,1,1,1,0,1,0,0,0,1,1,0,0,1,0,1,0,1,1,1,0,1,1,1,0,0,0,1,0,0,1,1,1,0,0,1,1,0,0,0,0,1,0,0,0,1,0,0,1,0,1,1,1,0,0,1,0,1,0,1,0,1,1,0,1,1,0,0,0,1,0,0,0,1,1,0,1,0,0,0,1,0,0,0,0,0,1,0,0,1,1,0,0,0,0.0,-4627.729999999999,1
1,0,0,0,0,0,0,1,0,1,1,0,1,1,1,1,1,0,1,1,1,0,0,0,1,1,1,0,0,0,0,0,1,0,1,0,0,0,0,1,1,1,1,0,0,1,1,1,0,0,0,0,1,1,0,1,0,0,1,1,1,1,1,0,1,0,0,1,1,0,0,0,1,0,1,1,0,0,1,0,0,0,1,0,0,1,0,1,1,1,0,1,0,1,0,1,1,0,1,1,0,0,0,0,1,1,0,1,1,1,0,0,0,1,1,0,1,1,0,1,0,0,1,1,1,0,0,1,1,0,1,0,0,0,1,0,1,1,1,0,0,0,0,1,0,1,1,1,1,0,1,1,0,0,0,0,1,0,0,0,1,1,1,1,0,0,1,0,0,0,0,0,1,1,1,1,1,0,1,0,0.0,-4627.57,1
1,1,1,0,1,1,1,0,1,0,1,0,0,1,0,1,1,1,1,0,0,0,1,0,1,1,1,1,1,1,1,1,0,0,1,0,1,0,1,1,1,1,0,0,0,0,1,1,1,0,1,1,0,1,0,0,0,1,1,1,0,0,1,1,0,1,0,0,0,1,0,1,1,0,1,1,1,1,0,1,1,0,1,0,1,1,0,1,1,0,1,0,0,1,1,1,0,0,1,0,1,0,0,0,0,1,1,1,0,0,0,1,1,1,1,1,1,0,0,0,0,0,0,1,1,0,1,0,1,0,1,0,0,1,0,0,1,0,0,0,1,1,1,1,1,1,1,0,1,0,1,1,0,0,0,0,1,0,0,1,0,0,0,0,0,0,1,0,0,0,0,0,0,1,1,1,0,0,0,0,0.0,-4627.489999999998,1
1,1,0,1,0,0,1,1,0,1,0,0,1,1,1,0,0,1,0,1,0,1,1,0,0,0,1,1,0,0,1,0,0,0,0,1,1,1,1,0,1,0,0,1,1,0,0,0,1,1,1,0,1,0,1,0,1,1,0,0,0,0,0,1,1,0,1,1,1,1,1,1,0,1,0,0,0,0,0,1,1,1,0,1,1,1,1,1,0,1,0,1,1,0,0,0,1,1,0,0,0,1,1,1,1,1,0,0,0,0,1,0,0,0,1,1,0,1,1,0,0,1,0,1,1,1,1,1,0,1,0,1,1,0,0,1,0,1,1,1,0,1,0,1,1,0,1,0,1,0,1,0,1,0,1,1,0,1,1,0,1,1,1,1,1,1,0,1,0,1,1,1,1,0,1,1,0,1,1,0,0.0,-4627.449999999999,1
0,1,1,1,0,0,1,1,0,1,0,0,1,1,1,0,1,1,0,1,0,1,1,1,0,0,1,0,0,0,1,0,0,0,0,1,0,1,1,0,0,0,1,1,1,0,1,1,1,1,1,1,1,1,1,0,1,1,1,0,0,0,0,0,1,0,1,1,1,1,0,0,0,1,0,0,0,0,1,1,0,1,0,1,1,1,1,0,1,1,0,1,1,0,1,1,0,1,0,1,0,0,0,1,0,1,1,0,1,0,1,0,0,0,0,1,0,0,0,0,0,1,1,1,0,1,0,1,1,1,1,1,1,1,1,1,0,0,0,1,0,0,0,0,0,0,1,1,0,0,1,0,1,1,1,1,1,0,1,0,1,1,1,0,1,0,0,1,1,1,1,1,1,1,0,0,1,1,1,1,0.0,-4627.410000000002,1
0,0,1,0,1,0,0,0,1,0,0,0,0,1,0,1,1,0,1,0,1,0,0,0,1,1,1,1,1,1,0,1,1,0,1,0,1,1,1,0,1,1,1,1,0,1,1,0,0,1,0,1,0,1,0,1,0,0,1,1,1,1,1,0,0,0,1,0,1,0,0,0,0,0,1,1,1,1,1,0,1,0,1,0,0,1,1,1,1,0,1,1,0,0,1,0,0,1,1,1,1,1,1,1,0,1,1,1,1,0,0,1,1,1,1,0,1,0,1,1,0,0,1,1,1,0,0,0,0,0,1,1,0,1,1,0,1,0,0,0,1,1,1,1,0,1,1,0,0,0,1,1,0,1,0,0,0,1,0,1,0,0,0,0,0,1,1,1,0,0,0,0,0,1,1,0,1,0,0,0,0.0,-4627.229999999998,1
0,0,1,0,1,0,0,1,0,1,1,1,1,1,0,1,1,0,1,0,1,0,0,1,1,1,1,0,1,0,0,1,1,0,1,0,0,0,0,1,0,1,0,0,0,1,1,0,0,1,0,1,1,0,0,1,0,0,1,1,1,1,1,1,0,0,0,0,1,0,0,1,1,1,1,1,0,0,1,0,0,1,1,0,0,1,1,0,1,0,0,1,0,1,1,0,0,1,1,0,0,1,1,0,0,0,1,1,0,0,0,0,0,1,0,0,1,0,1,1,0,0,0,1,0,0,1,1,0,0,1,0,0,1,0,0,1,0,0,0,0,0,0,0,1,1,0,1,0,1,0,1,0,1,0,1,0,1,0,1,1,0,1,0,0,1,1,1,1,1,0,0,1,1,0,0,0,0,0,1,0.0,-4627.219999999998,1
0,0,1,1,1,0,0,0,1,0,1,0,0,1,1,1,0,0,1,0,1,0,0,0,1,1,0,1,1,1,0,1,1,1,1,0,1,0,1,1,1,1,1,0,0,1,0,1,0,0,0,1,0,0,0,1,1,0,0,0,1,1,1,0,0,0,0,1,1,0,1,0,1,1,0,1,1,1,1,0,1,1,1,0,0,1,0,1,1,0,1,1,0,1,1,0,0,0,1,1,1,0,1,0,0,1,1,1,1,0,1,1,1,1,1,0,1,0,0,1,0,0,1,1,1,0,0,0,1,1,0,0,0,1,1,0,1,0,0,0,1,0,1,1,0,1,0,0,0,0,0,1,0,1,1,0,1,1,0,0,0,0,0,0,0,0,0,0,0,1,0,0,0,0,1,0,1,0,1,0,0.0,-4627.159999999998,1
1,1,0,1,1,1,1,1,0,1,1,0,1,1,1,1,0,1,1,0,0,0,1,1,1,0,1,0,1,0,1,1,0,0,0,0,1,0,0,1,0,1,1,0,0,0,0,1,1,0,1,0,1,0,0,0,1,1,0,0,0,0,1,0,0,1,0,1,0,1,1,0,1,1,0,0,0,0,0,1,0,1,0,1,1,0,0,0,1,1,0,0,0,1,0,0,1,0,0,1,0,0,1,0,1,1,0,1,1,1,1,1,0,1,0,1,1,1,0,0,1,1,1,1,0,0,0,1,1,1,0,0,0,0,1,0,1,1,1,0,0,1,0,0,0,1,0,1,0,0,1,1,0,1,1,1,1,1,0,0,0,0,1,1,0,0,0,0,1,1,0,0,1,0,0,0,1,0,1,1,0.0,-4627.150000000001,1
0,1,0,1,0,1,0,1,0,1,1,1,1,0,0,0,0,0,0,1,1,1,0,0,0,1,0,0,0,0,0,0,1,1,0,1,0,0,1,1,1,0,0,0,1,1,0,1,0,0,0,0,1,1,1,1,1,0,0,0,0,1,0,1,1,1,0,0,0,0,1,1,1,1,0,1,0,0,1,0,0,1,1,0,0,0,0,1,0,1,1,0,1,1,0,1,1,0,1,0,0,0,0,0,1,0,0,0,0,1,1,0,0,0,1,0,0,1,0,1,1,0,0,0,0,1,1,1,1,1,0,0,1,0,0,1,0,1,1,0,0,0,0,1,1,0,1,0,1,1,1,0,1,0,1,1,1,0,1,1,1,1,1,1,1,0,0,0,0,1,0,1,1,0,1,1,0,1,0,0,0.0,-4627.150000000001,1
0,0,0,0,1,0,0,1,0,1,1,0,1,0,0,1,1,0,1,0,1,0,0,0,1,1,1,0,1,0,1,1,1,0,1,0,0,0,0,1,1,1,1,0,0,1,0,1,0,0,0,0,1,1,0,1,0,0,1,1,1,1,1,0,0,0,0,0,1,0,0,0,1,0,1,1,0,0,1,0,0,0,1,0,0,1,0,1,1,1,1,1,0,1,0,1,1,1,1,1,0,0,0,0,1,1,0,1,1,1,0,1,0,1,1,0,1,1,0,1,0,0,1,0,1,0,0,1,1,0,1,0,0,0,1,0,1,1,1,0,0,0,0,1,0,1,1,1,1,0,1,1,0,0,0,1,1,0,0,1,0,0,1,1,0,0,1,1,0,0,0,0,1,1,1,1,1,0,1,0,0.0,-4627.0199999999995,1
1,0,0,0,0,0,0,0,0,0,0,0,1,1,0,0,0,0,0,1,1,1,0,0,0,1,1,0,0,1,0,0,0,0,0,1,0,1,1,0,1,0,1,1,1,0,1,1,1,0,0,0,0,1,1,1,0,0,0,1,1,0,0,0,1,0,1,0,1,0,1,0,0,0,1,1,1,1,1,0,0,0,1,0,1,1,0,1,0,1,0,1,1,0,0,0,1,0,1,1,1,0,1,1,1,1,0,0,1,1,0,1,1,0,1,0,0,1,0,1,0,0,1,1,0,1,0,0,1,0,0,1,1,0,1,1,0,1,1,1,1,0,1,1,0,0,1,1,1,0,1,0,1,0,0,0,1,1,1,1,0,1,0,1,1,0,1,0,0,0,1,1,0,0,1,1,1,1,0,0,0.0,-4627.01,1
1,1,1,1,0,1,0,0,1,0,1,1,0,0,1,0,0,0,0,1,1,1,0,0,0,1,1,0,0,1,0,0,1,0,0,1,0,0,1,1,0,0,1,0,1,1,0,0,0,1,0,1,0,0,1,1,1,0,0,0,0,1,0,0,1,1,1,1,0,0,1,0,1,0,0,1,1,1,1,0,1,0,1,0,0,0,1,0,0,0,0,0,1,1,1,1,0,0,1,1,1,1,0,0,0,1,1,0,1,0,1,1,1,0,1,0,0,0,1,1,1,0,1,0,1,1,0,0,0,1,0,0,1,1,1,1,0,0,0,1,1,0,1,0,0,0,0,1,0,0,0,0,1,1,1,1,0,0,1,0,0,1,0,0,1,1,0,0,1,0,1,1,0,0,1,0,1,1,1,1,0.0,-4626.99,1
1,1,1,1,1,0,0,0,1,0,0,1,0,1,1,1,1,0,1,0,1,0,0,1,1,1,0,1,1,1,0,1,0,1,1,0,1,1,1,0,0,1,1,1,0,1,1,0,0,0,0,1,0,0,0,1,1,0,1,0,0,1,1,0,0,0,1,1,1,0,0,0,0,0,0,1,1,1,1,1,1,0,1,0,1,1,0,0,0,0,0,1,0,0,1,0,1,1,0,1,1,1,1,1,0,1,1,1,1,0,1,0,1,1,0,0,1,0,1,1,0,1,1,1,0,0,0,0,0,1,1,1,0,1,1,0,1,0,0,0,1,1,1,0,0,1,0,1,0,0,0,1,0,1,1,0,0,1,0,0,1,0,0,0,0,0,0,1,1,0,0,0,0,1,0,0,1,0,1,1,0.0,-4626.819999999999,1
0,0,0,1,1,1,0,1,0,1,1,1,1,1,1,0,0,0,0,0,1,1,0,0,0,1,0,0,0,0,0,1,0,1,0,1,0,0,0,1,1,0,0,0,1,1,0,1,0,0,0,0,1,1,1,1,1,0,0,0,1,1,0,0,1,1,0,1,0,0,1,0,1,0,0,1,0,0,1,0,0,0,1,0,1,0,0,1,0,1,0,0,1,1,0,1,1,0,1,1,0,0,0,0,1,1,0,0,1,1,1,1,0,0,1,0,0,1,0,1,1,0,1,1,0,1,0,1,1,1,0,0,1,0,1,1,0,1,1,1,0,0,0,1,0,0,1,1,1,0,1,0,1,0,1,0,1,0,1,0,0,0,1,0,1,0,0,0,0,0,1,1,1,0,1,1,1,1,1,0,0.0,-4626.74,1
1,1,1,0,1,1,0,0,1,0,1,0,0,0,0,1,1,0,1,0,1,0,0,0,1,1,0,1,1,1,0,1,1,1,1,0,1,0,1,1,0,1,0,0,0,1,1,1,0,0,0,1,0,1,0,1,0,0,1,1,0,1,1,1,0,1,0,0,0,0,0,1,1,1,1,1,1,1,1,0,1,0,1,0,0,0,0,1,1,1,1,0,0,1,1,1,1,0,1,0,0,0,0,0,0,0,1,1,0,0,0,0,1,1,1,0,1,0,0,1,1,0,0,0,1,0,1,0,1,0,1,0,1,1,0,0,1,0,0,0,1,0,1,1,1,1,0,0,0,1,1,0,0,1,0,0,1,0,0,1,1,0,0,0,0,0,1,0,0,0,0,0,1,1,1,0,0,0,0,1,0.0,-4626.579999999998,1
0,1,1,1,0,0,1,1,0,1,1,1,1,0,1,0,0,1,0,1,0,1,1,0,0,0,1,0,0,0,1,0,0,0,0,1,0,0,0,1,1,0,1,0,1,0,1,0,1,0,1,1,1,1,1,0,1,1,1,0,0,0,0,0,1,0,0,1,1,1,0,0,1,0,0,0,0,0,1,1,0,0,0,1,1,1,0,1,0,1,0,1,1,1,1,1,0,1,0,1,0,1,0,0,0,1,1,0,1,0,1,0,0,0,1,1,0,0,1,0,0,1,1,0,0,1,0,1,0,1,1,0,1,1,1,1,0,0,0,1,0,1,0,1,0,0,0,1,1,0,1,0,1,0,1,1,0,0,1,0,1,1,1,0,1,1,0,1,0,0,1,1,1,1,1,1,1,1,1,0,0.0,-4626.509999999999,1
1,0,0,1,0,0,0,1,0,1,1,1,1,1,1,0,0,0,0,1,1,1,0,1,0,0,0,0,0,0,1,0,0,1,0,1,0,0,0,1,1,0,1,0,1,1,0,1,0,1,0,0,1,0,1,1,1,0,0,0,1,1,0,0,1,0,0,1,0,0,1,0,1,1,0,0,0,0,1,1,0,1,0,1,1,0,1,0,0,0,0,0,1,1,0,0,1,1,0,1,0,0,1,0,1,0,0,0,1,1,1,1,0,0,0,0,0,0,0,1,1,1,1,1,0,1,0,1,1,1,0,0,1,0,1,1,0,1,1,1,0,1,0,0,0,0,0,1,1,1,0,0,1,0,1,1,1,1,1,0,0,1,1,1,1,0,0,1,1,1,1,1,1,0,0,1,1,1,1,0,0.0,-4626.51,1
0,1,0,0,1,0,0,1,0,1,1,1,1,0,0,1,0,0,1,0,1,0,0,1,1,0,1,1,1,0,0,1,0,0,1,0,1,0,0,1,1,1,1,0,0,1,0,0,0,1,0,0,1,1,0,1,0,0,0,1,0,1,1,0,0,0,0,0,1,0,1,0,1,0,1,0,0,0,1,0,1,0,0,1,1,0,1,0,1,0,0,0,0,1,0,1,1,0,1,1,1,1,0,0,1,1,0,1,1,1,0,1,0,1,0,0,1,1,1,1,1,0,1,0,1,0,0,1,0,0,0,0,0,0,1,0,1,1,1,0,0,0,0,0,0,1,0,1,1,0,0,1,0,0,0,1,0,0,0,1,0,0,1,1,0,1,1,0,0,0,0,0,0,0,0,1,1,0,0,0,0.0,-4626.329999999999,1
0,0,1,0,0,1,0,1,0,0,0,1,1,0,0,0,1,0,0,1,1,1,0,1,0,1,1,0,0,0,0,0,1,0,0,1,0,0,0,1,0,0,1,0,1,1,1,0,0,0,0,1,1,0,1,1,0,0,1,1,1,1,0,0,1,1,0,0,0,0,0,0,0,0,1,1,0,0,1,0,0,0,1,0,0,0,0,0,0,1,1,0,1,1,1,1,0,1,1,1,1,1,0,0,0,1,1,0,1,0,0,1,0,0,0,0,0,0,1,1,1,0,1,0,1,1,0,0,0,0,1,0,1,1,1,1,0,0,0,1,0,0,1,0,0,0,1,1,0,0,1,0,1,1,0,1,0,0,1,1,0,1,1,0,1,1,1,1,1,0,1,1,0,1,0,0,1,1,0,1,0.0,-4626.110000000001,1
0,1,0,0,1,1,0,1,0,1,1,1,1,1,0,1,1,0,1,0,1,0,0,1,1,0,1,1,1,0,1,1,1,0,1,1,1,0,0,1,1,1,0,0,0,1,1,1,0,0,0,0,1,0,0,1,0,0,1,1,0,1,1,1,0,1,0,0,0,0,0,1,1,0,1,0,0,0,1,1,1,0,0,1,0,0,0,0,1,0,1,0,0,1,0,1,1,1,0,0,1,0,0,0,1,0,1,1,0,1,0,0,0,1,0,0,1,1,0,1,1,1,0,1,1,0,1,1,1,0,1,0,0,0,0,0,1,1,1,0,0,1,0,0,1,1,0,0,1,1,0,1,0,0,0,1,1,0,0,1,1,0,1,1,0,0,1,1,1,0,0,0,0,1,0,1,0,0,0,0,0.0,-4626.070000000001,1
1,1,0,1,0,0,1,1,0,1,1,0,1,1,1,0,0,1,0,1,0,1,1,1,0,1,0,0,0,0,1,0,0,1,0,1,0,0,0,1,1,0,1,0,1,0,1,1,1,0,1,0,1,1,1,0,1,1,0,0,0,0,0,0,1,0,0,0,1,1,1,0,1,1,0,1,0,0,0,1,0,1,1,0,1,1,0,1,0,1,1,1,1,1,0,0,1,1,1,1,0,0,1,0,1,1,1,0,1,1,1,1,0,0,0,1,0,1,0,0,0,0,1,1,0,1,0,1,1,1,0,0,1,0,1,1,0,1,1,1,0,1,0,1,0,0,1,1,1,0,1,0,1,0,1,1,1,1,1,1,0,1,1,1,1,0,0,1,0,1,1,1,1,0,0,1,1,1,0,0,0.0,-4626.07,1
1,0,1,0,1,1,0,0,1,0,0,1,0,1,0,1,1,0,1,0,1,0,0,0,1,1,1,1,1,1,0,1,0,0,1,0,1,1,1,0,1,1,0,1,0,0,1,1,1,1,0,1,0,0,0,1,0,0,1,1,1,0,1,1,0,1,1,0,0,0,0,1,0,0,1,1,1,1,1,0,1,0,1,0,1,0,1,1,1,1,1,0,0,0,1,1,0,1,1,0,1,0,0,1,0,0,1,1,0,0,0,0,1,1,1,0,1,0,0,1,1,0,0,1,1,0,1,0,1,0,1,1,0,1,0,0,1,0,0,0,1,0,1,1,1,1,1,0,1,1,1,1,0,0,0,0,1,0,0,1,1,0,0,0,0,1,1,1,0,0,0,0,0,1,1,1,0,0,0,0,0.0,-4625.989999999999,1
0,1,1,1,1,1,1,0,1,0,1,1,0,1,1,1,1,1,1,0,0,0,1,0,1,0,1,1,1,1,1,1,0,0,0,0,1,0,1,1,1,1,1,0,0,0,1,1,1,1,1,1,0,1,0,0,1,1,1,0,0,0,1,1,0,1,1,1,0,1,0,1,1,0,0,0,1,1,0,1,1,0,0,1,1,0,1,1,1,0,0,0,0,1,1,0,0,1,0,0,1,0,1,0,0,0,1,1,0,0,1,1,1,1,1,1,1,0,0,0,1,1,0,1,0,0,1,0,1,1,1,0,0,1,0,0,1,0,0,0,1,1,1,1,1,1,0,0,1,1,0,1,0,0,1,0,1,1,0,0,0,0,0,0,0,0,0,1,0,0,0,0,0,1,1,1,0,0,1,0,0.0,-4625.69,1
1,0,1,0,1,1,1,0,1,0,0,0,0,0,0,1,0,1,1,0,0,0,1,0,1,0,1,1,1,1,1,1,0,0,1,0,1,1,1,0,0,1,0,1,0,0,0,0,1,0,1,1,0,1,0,0,0,1,0,1,1,0,1,1,0,0,1,0,0,1,1,1,0,0,1,0,1,1,0,1,1,0,0,1,1,0,0,0,1,0,0,0,0,0,1,0,0,1,0,0,1,1,1,1,0,0,1,1,0,0,0,1,1,1,1,1,1,0,1,0,1,1,0,0,1,0,1,0,0,0,0,1,0,1,0,0,1,0,0,0,1,1,1,0,1,1,1,0,0,1,0,1,0,1,0,1,0,1,0,1,0,0,0,0,0,1,1,1,0,0,0,0,0,0,1,0,0,0,0,1,0.0,-4625.3899999999985,1
1,1,0,0,0,1,0,0,1,0,1,0,0,0,0,0,0,0,0,1,1,1,0,0,0,1,1,0,0,1,1,0,0,0,0,1,0,0,1,1,1,0,1,0,1,1,1,0,0,0,0,0,0,1,1,1,0,0,0,1,0,1,0,0,1,1,0,0,0,0,1,0,1,0,1,1,1,1,1,0,0,0,1,0,1,0,0,1,1,1,1,0,1,1,0,1,1,0,1,1,1,1,0,0,1,1,0,0,1,1,0,1,1,0,1,0,1,1,1,1,1,0,1,0,0,1,0,0,0,0,0,0,1,0,1,1,0,1,1,1,1,0,1,1,0,0,1,1,1,0,1,0,0,0,0,0,0,0,1,1,0,1,0,1,1,1,1,0,0,0,1,1,0,0,1,1,1,1,0,0,0.0,-4625.379999999999,1
0,0,0,0,1,1,0,0,1,0,1,1,0,1,0,1,0,0,1,0,1,0,0,1,1,1,1,1,1,1,0,1,1,0,1,0,1,0,1,1,1,1,1,0,0,1,0,1,0,0,0,0,0,1,0,1,0,0,0,1,1,1,1,0,0,1,0,0,0,0,1,0,1,1,1,1,1,1,1,0,1,0,1,0,0,0,0,1,1,0,1,0,0,1,0,1,1,1,1,1,0,0,0,0,1,0,0,0,1,1,0,0,1,1,0,0,1,1,0,1,1,0,1,1,1,0,0,0,1,0,0,0,0,0,1,0,1,1,1,0,1,0,1,1,0,1,0,1,1,1,0,1,0,0,0,0,1,0,0,1,1,0,0,1,0,0,1,1,0,0,0,0,1,0,0,1,1,0,0,0,0.0,-4625.3099999999995,1
1,1,1,1,1,1,1,0,1,0,1,1,0,0,1,0,1,1,0,0,0,1,1,1,0,0,1,1,1,1,0,1,0,0,0,1,1,0,1,1,0,0,1,0,1,0,0,1,1,1,1,1,0,0,1,0,1,1,1,0,0,0,0,0,0,1,0,1,0,1,0,0,1,0,0,0,1,1,1,1,1,0,0,1,1,0,1,0,0,0,0,0,1,1,1,0,0,1,0,1,1,0,1,0,0,0,0,0,1,0,1,0,1,0,0,1,0,0,0,0,1,1,1,0,0,1,0,0,1,1,1,0,1,1,1,1,0,0,0,1,1,1,1,0,0,0,1,1,0,1,0,0,1,1,1,0,1,1,1,0,1,0,0,1,1,0,0,1,1,0,1,1,0,1,0,0,1,1,1,1,0.0,-4625.200000000001,1
1,0,0,0,0,1,1,0,1,0,0,0,0,0,0,0,1,1,0,1,0,1,1,0,0,1,1,0,0,1,1,0,0,0,0,1,0,1,1,0,0,0,0,1,1,0,1,0,1,0,1,0,0,1,1,0,0,1,1,1,1,0,0,1,1,1,1,0,0,1,0,1,0,0,1,1,1,1,0,0,0,0,1,0,1,0,0,1,0,1,1,0,1,0,0,0,0,0,1,0,1,1,1,1,1,0,0,0,0,1,0,1,1,0,1,1,0,1,1,0,1,0,0,0,0,1,1,0,0,0,1,1,1,0,0,1,0,1,1,1,1,0,0,1,1,0,1,0,1,1,1,0,1,0,0,0,0,1,1,1,0,1,0,1,1,1,1,0,0,0,1,1,0,1,1,1,0,1,0,1,0.0,-4625.079999999997,1
1,1,0,0,0,1,1,1,0,1,1,0,1,1,0,1,0,1,1,1,0,0,1,1,1,0,0,1,0,0,1,0,0,1,1,0,1,0,0,1,1,1,0,0,0,0,0,1,1,0,1,0,1,0,0,0,0,1,0,1,0,0,1,1,1,1,0,0,0,1,1,1,1,0,1,0,0,0,0,1,1,0,0,1,1,0,0,0,1,0,0,0,0,1,0,0,1,1,0,0,0,0,1,0,1,1,1,1,0,1,0,0,0,1,0,1,1,1,0,0,1,1,0,1,0,0,1,1,1,0,0,0,0,0,0,0,1,1,1,0,0,1,0,0,1,1,0,0,1,0,1,1,0,0,0,1,1,1,0,1,1,1,1,1,0,0,1,1,1,0,0,0,1,0,0,1,0,0,0,0,0.0,-4625.000000000001,1
0,1,1,0,1,0,1,0,1,0,1,1,0,0,0,1,1,1,1,0,0,0,1,1,1,1,1,1,1,1,0,1,0,0,1,0,1,0,1,1,1,1,0,0,0,0,1,0,1,0,1,1,0,1,0,0,0,1,1,1,0,0,1,1,0,0,1,0,1,1,0,1,1,1,1,1,1,1,0,0,1,1,1,0,1,0,0,1,1,0,1,1,0,1,1,0,1,0,1,0,0,1,1,0,0,0,1,1,0,0,0,1,1,1,0,1,1,0,1,0,1,0,0,0,1,0,1,0,0,0,1,0,0,1,0,0,1,0,0,0,1,0,1,1,1,1,0,0,1,1,0,1,0,0,0,0,0,1,0,1,0,0,0,0,0,1,1,0,0,1,0,0,1,1,0,1,0,0,0,0,0.0,-4624.949999999997,1
0,1,0,1,0,1,0,1,0,1,1,0,1,1,0,0,0,0,0,1,1,1,0,1,0,0,1,0,0,0,0,0,1,0,0,1,0,0,0,1,1,0,1,0,1,1,1,1,0,0,0,0,1,1,1,1,1,0,0,0,0,1,0,0,1,1,0,0,0,0,1,0,1,0,0,0,0,0,1,1,0,0,0,1,0,0,0,1,0,1,1,0,1,1,0,1,1,1,0,1,0,0,0,0,1,0,0,0,1,0,1,0,0,0,0,0,0,1,0,1,1,1,1,1,0,1,0,1,1,1,0,0,0,0,1,1,0,1,1,1,0,1,0,1,0,0,0,1,1,1,1,1,1,0,1,1,1,0,1,1,1,1,1,1,1,0,0,1,0,0,1,1,1,0,0,1,1,1,0,0,0.0,-4624.760000000002,1
1,1,1,1,0,1,1,0,1,0,0,0,0,1,1,0,1,1,0,1,0,1,1,0,0,1,1,0,0,1,1,0,0,0,0,1,0,1,0,0,0,0,1,1,1,0,1,1,1,1,1,1,1,0,1,0,1,1,1,0,0,0,0,0,1,1,1,1,0,1,0,0,0,1,1,1,1,1,0,0,0,0,1,0,1,0,1,0,0,1,0,0,1,0,1,0,0,0,1,1,1,0,1,1,0,1,0,0,1,0,1,0,1,0,1,1,0,0,0,0,1,0,1,1,0,1,0,0,1,1,1,1,1,1,1,1,0,0,0,1,1,0,1,0,0,0,1,1,0,0,1,0,1,1,1,0,1,1,1,0,1,1,0,0,1,0,0,0,1,0,1,1,0,1,1,0,1,1,1,1,0.0,-4624.620000000001,1
0,1,1,0,0,0,0,1,0,1,1,1,1,1,0,0,1,0,0,1,1,1,0,1,0,1,1,1,0,0,0,0,1,0,0,1,1,0,0,1,1,0,1,0,1,1,0,0,0,0,0,1,1,1,1,1,0,0,1,1,0,1,0,0,1,0,0,0,1,0,0,0,1,0,1,1,0,0,1,0,1,0,1,0,0,1,0,0,0,0,1,1,1,1,1,0,0,0,1,1,0,1,1,0,0,1,1,0,1,0,0,1,0,0,0,0,0,0,1,1,0,0,1,1,0,1,0,1,0,0,1,0,1,1,1,1,0,0,0,1,0,0,0,0,0,0,1,1,1,0,0,0,1,0,0,1,0,1,1,1,0,1,1,1,1,1,1,0,0,0,1,1,1,1,0,1,1,1,0,0,0.0,-4624.509999999998,1
1,0,0,1,1,0,0,0,1,0,0,1,0,1,1,1,0,0,1,0,1,0,0,1,1,1,0,1,1,1,0,1,1,1,1,1,1,1,1,0,1,1,1,1,0,1,0,1,0,1,0,0,0,1,0,1,1,0,0,0,1,1,1,0,0,0,1,1,1,0,1,0,0,0,0,1,1,1,0,0,1,0,1,0,0,1,1,1,1,0,0,1,0,0,0,0,1,0,1,1,1,0,1,1,1,1,0,1,1,1,1,1,1,1,0,0,1,1,0,1,0,0,1,1,0,0,0,0,1,1,0,1,0,0,1,0,1,1,1,0,1,1,1,1,0,1,0,1,1,0,0,0,0,0,1,0,1,1,0,0,0,0,0,1,0,0,0,0,0,0,0,0,0,0,0,1,1,0,1,0,0.0,-4624.219999999998,1
1,1,0,1,0,1,0,0,1,0,1,1,0,0,1,0,1,0,0,1,0,1,1,0,0,1,1,0,0,1,0,0,0,0,0,1,0,0,1,1,1,0,1,0,1,1,0,1,0,0,0,0,0,1,1,1,1,0,0,0,0,1,0,0,1,1,1,1,0,0,1,0,1,0,0,1,1,1,0,0,0,0,1,0,1,0,0,1,0,1,0,0,1,1,0,1,0,0,1,1,1,0,0,0,1,1,0,0,1,1,1,0,1,0,1,0,0,1,0,0,1,0,1,0,0,1,0,0,1,1,0,0,1,0,1,1,0,1,1,1,1,0,1,1,0,0,1,1,1,0,1,0,1,0,1,0,1,0,1,0,1,1,0,0,1,0,0,0,0,0,1,1,0,0,1,1,1,1,1,0,0.0,-4624.17,1
0,0,1,0,1,0,1,1,0,1,1,0,1,1,0,1,1,1,1,0,0,0,1,1,1,0,1,1,1,0,1,1,0,0,1,0,1,0,0,1,0,1,1,0,0,0,0,1,1,0,1,1,1,0,0,0,0,1,1,1,1,0,1,1,0,0,1,0,1,1,0,1,1,1,1,0,0,0,0,1,1,1,0,1,1,1,0,0,1,0,0,1,0,1,1,0,1,1,0,0,0,0,1,0,0,0,1,1,0,0,0,0,0,1,0,1,1,0,0,0,0,1,0,1,1,0,1,1,1,0,1,0,0,1,0,0,1,0,0,0,0,1,0,0,1,1,0,0,0,1,0,1,0,1,0,0,1,1,0,1,1,0,0,1,0,0,1,1,1,1,0,0,1,1,0,0,0,0,0,1,0.0,-4624.06,1
1,0,0,0,0,1,0,1,0,1,1,1,1,0,0,1,0,0,1,1,1,1,0,1,1,0,1,0,0,0,0,0,1,0,1,1,0,0,0,1,1,0,1,0,0,1,0,0,0,0,0,0,1,1,0,1,0,0,0,1,1,1,1,0,1,1,0,0,0,0,1,0,1,1,1,0,0,0,1,0,0,1,0,1,0,0,0,1,0,1,0,0,0,1,0,1,1,1,1,1,0,1,0,0,1,1,0,0,1,1,0,0,0,1,0,0,1,1,1,1,1,0,1,0,1,0,0,1,0,0,0,0,0,0,1,0,1,1,1,0,0,1,0,1,0,1,0,1,1,0,1,1,0,0,0,1,0,0,1,1,1,1,1,0,0,1,1,1,0,1,0,0,1,0,0,1,1,0,0,0,0.0,-4623.949999999999,1
0,0,1,1,0,1,1,0,1,0,0,0,0,0,1,1,0,1,1,1,0,0,1,0,1,1,0,0,0,1,1,0,1,1,0,0,0,1,1,0,0,1,1,1,0,0,0,0,1,0,1,1,0,1,0,0,1,1,0,0,1,0,1,0,1,1,1,1,0,1,1,0,0,0,0,1,1,1,0,0,0,0,1,0,0,0,0,1,1,1,1,0,0,0,1,1,0,0,1,1,1,1,0,1,0,1,1,1,1,0,1,1,1,1,1,1,1,0,1,0,1,0,1,0,1,0,0,0,0,1,0,1,0,1,1,0,1,0,0,0,1,0,1,1,0,1,1,1,0,0,1,1,0,1,1,0,0,0,0,0,0,1,0,1,0,1,0,0,0,0,0,0,0,0,1,0,1,0,1,1,0.0,-4623.919999999998,1
0,1,1,0,1,1,0,1,0,1,1,1,1,0,0,1,0,0,1,0,1,0,0,1,1,0,0,1,1,0,0,1,1,1,1,0,1,0,0,1,0,1,1,0,0,1,1,0,0,0,0,1,1,1,0,1,0,0,0,1,0,1,1,0,0,1,0,0,0,0,1,0,1,0,1,0,0,0,0,1,1,1,0,1,0,0,0,0,1,0,1,0,0,1,1,1,1,1,0,1,0,1,0,0,0,1,1,1,1,0,0,0,0,1,0,0,1,0,1,1,1,1,1,0,1,0,0,1,0,0,0,0,0,1,1,0,1,0,0,0,0,1,0,0,0,1,0,1,0,0,1,1,0,1,0,1,0,0,0,1,1,0,1,0,0,1,1,1,1,1,0,0,1,0,0,0,1,0,0,1,0.0,-4623.7199999999975,1
1,1,1,1,0,1,1,1,0,1,1,1,1,0,1,0,1,1,0,1,1,1,0,1,0,0,1,0,0,0,1,0,0,0,0,1,0,0,0,1,0,0,0,0,1,0,0,0,1,1,1,1,1,0,1,0,1,1,1,0,0,0,0,1,1,1,0,1,0,1,0,1,1,0,0,0,0,0,1,1,0,0,0,1,1,0,1,0,0,1,0,0,1,1,1,0,0,1,0,0,0,1,1,0,0,0,1,0,0,0,1,1,0,0,0,1,0,0,1,1,1,1,0,0,0,1,1,1,0,1,1,0,1,1,0,1,0,0,0,1,0,1,0,0,1,0,0,0,0,1,1,0,1,1,1,0,0,1,1,0,0,0,1,0,1,1,0,1,1,0,1,1,1,1,0,0,0,1,1,1,0.0,-4623.71,1
1,0,1,0,1,0,0,0,1,0,0,1,0,0,0,1,1,0,1,0,1,0,0,0,1,0,1,1,1,1,0,1,1,0,1,0,1,0,1,1,0,1,0,0,0,1,1,1,0,1,0,1,0,1,0,1,0,0,1,1,1,1,1,1,0,0,0,0,1,0,0,1,0,0,1,0,1,1,1,1,1,0,0,1,0,1,1,1,1,1,1,1,0,1,1,1,0,1,0,0,0,0,0,0,0,0,1,1,0,0,0,0,1,1,1,0,1,1,0,1,0,1,0,0,1,0,1,0,1,0,1,0,0,1,0,0,1,0,0,0,1,1,1,1,1,1,0,0,0,1,1,1,0,1,0,0,1,0,0,1,1,0,0,0,0,0,1,1,0,0,0,0,1,1,1,0,0,0,0,1,0.0,-4623.629999999998,1
1,1,1,0,0,0,0,1,0,1,1,1,1,1,0,0,1,0,0,1,1,1,0,1,0,0,1,0,0,0,0,0,1,0,0,1,0,0,0,1,0,0,1,0,1,1,1,1,0,1,0,1,1,0,1,1,0,0,1,1,0,1,0,0,1,0,0,0,1,0,0,0,1,0,0,0,0,0,1,1,0,1,0,1,0,1,1,0,0,1,0,1,1,1,1,1,0,1,0,1,0,0,0,0,0,1,1,0,1,0,0,0,0,0,0,0,0,0,1,1,0,1,1,1,0,1,0,1,1,0,1,0,1,1,1,1,0,0,0,1,0,1,0,0,0,0,0,1,0,0,1,0,1,1,0,1,1,0,1,1,1,1,1,0,1,1,1,1,1,1,1,1,1,1,0,0,1,1,0,1,0.0,-4623.620000000002,1
1,0,0,0,0,0,1,1,0,1,1,1,1,0,0,0,0,1,0,1,0,1,1,1,0,1,0,0,0,0,0,0,0,1,0,1,0,0,0,1,1,0,1,0,1,0,1,0,1,0,1,0,1,1,1,0,0,1,0,1,1,0,0,0,1,0,1,0,1,1,1,0,1,0,1,1,0,0,0,0,0,0,1,0,1,1,0,1,0,1,1,1,1,1,0,1,1,0,1,1,0,1,0,0,1,1,0,0,1,1,0,0,0,0,0,1,0,1,1,1,0,0,1,0,0,1,0,1,0,0,0,0,1,0,1,1,0,1,1,1,0,0,0,1,0,0,1,1,1,0,1,0,1,0,0,1,0,0,1,1,1,1,1,0,1,1,1,0,0,0,1,1,1,0,0,1,1,1,0,0,0.0,-4623.549999999998,1
1,1,1,0,0,0,0,0,1,0,1,0,0,0,0,1,1,0,1,1,1,0,0,0,1,0,0,0,0,1,0,0,1,1,1,0,0,0,1,1,0,1,1,0,0,1,1,0,0,0,0,1,0,0,0,1,0,0,1,1,0,1,1,0,1,0,1,0,1,0,0,0,1,1,1,0,1,1,0,1,0,1,0,1,0,1,0,0,1,1,1,1,0,1,1,1,0,1,0,1,0,1,0,0,0,1,1,1,1,0,0,0,1,1,1,0,1,0,1,1,0,1,1,0,0,0,0,0,0,0,1,0,0,1,1,0,1,0,0,0,1,1,1,0,0,1,1,1,0,0,1,1,0,1,0,0,0,0,0,1,1,1,0,0,0,0,1,1,1,1,0,0,1,1,1,0,1,0,0,1,0.0,-4623.319999999998,1
0,1,0,1,0,1,0,1,0,1,0,1,1,1,0,0,0,0,0,1,1,1,0,0,0,1,1,1,0,0,0,0,1,0,0,1,0,1,0,0,1,0,1,1,1,1,0,1,0,0,0,0,1,1,1,1,1,0,0,0,0,1,0,0,1,1,1,0,0,0,1,0,0,1,0,1,0,0,1,0,1,1,1,0,0,0,0,1,0,0,1,0,1,0,0,0,1,0,1,1,0,0,1,1,1,1,0,0,1,1,1,1,0,0,1,0,0,1,1,1,1,0,1,1,0,1,0,1,0,1,0,1,1,0,1,1,0,1,1,1,0,0,0,1,0,0,1,1,1,0,0,0,1,0,1,0,0,1,1,1,0,1,1,1,1,1,0,0,0,1,1,1,1,0,1,1,1,1,0,0,0.0,-4623.200000000001,1
1,1,1,0,0,0,0,0,1,0,1,1,0,0,0,0,1,0,0,1,1,1,0,1,0,1,1,0,0,1,0,1,1,0,0,1,0,0,1,1,0,0,1,0,1,1,0,0,0,1,0,1,0,1,1,1,0,0,1,1,0,1,0,0,1,0,1,0,0,0,0,0,1,1,1,1,1,1,1,0,0,1,1,0,0,0,1,1,0,1,0,0,1,1,1,1,0,0,1,1,1,1,0,0,0,1,1,0,1,0,0,1,1,0,0,0,0,0,1,1,1,0,1,0,0,1,0,0,0,0,1,0,1,1,1,1,0,0,0,1,1,0,1,1,0,0,0,1,0,0,1,0,1,1,0,0,0,0,1,1,0,1,0,0,1,1,1,0,0,1,1,1,0,1,0,0,1,1,0,1,0.0,-4623.2,1
1,0,0,0,0,0,0,1,0,1,0,1,1,0,0,0,0,0,0,1,1,1,0,1,0,1,1,0,0,0,0,0,1,0,0,1,0,1,0,0,1,0,1,1,1,1,0,0,0,0,0,0,1,1,1,1,0,0,0,1,1,1,0,0,1,0,1,1,1,0,1,0,0,1,1,1,0,0,0,0,0,1,1,0,0,1,0,1,0,1,0,1,1,0,0,1,1,0,1,1,0,1,0,1,1,0,0,0,1,0,0,1,0,0,0,0,0,1,1,1,0,0,1,0,0,1,0,1,0,0,0,1,1,0,1,1,0,1,1,1,0,0,0,1,1,0,1,1,1,1,1,0,1,0,0,1,0,0,1,0,0,1,1,1,1,1,1,0,0,1,1,1,1,0,0,1,1,1,1,0,0.0,-4623.02,1
0,1,0,0,1,0,0,1,0,1,0,1,1,0,0,1,1,0,1,0,1,0,0,0,1,1,1,1,1,0,0,1,1,0,1,0,1,1,0,0,1,1,0,1,0,1,0,0,0,0,0,0,1,1,0,1,0,0,0,1,0,1,1,1,0,1,1,0,1,0,1,1,0,1,1,1,0,0,1,0,1,1,1,0,0,1,0,1,1,1,1,1,0,0,0,1,1,1,1,0,0,1,0,1,1,1,0,1,0,1,0,1,0,1,1,0,1,1,1,1,0,0,0,0,1,0,1,1,0,0,0,1,0,0,0,0,1,1,1,0,0,1,0,1,1,1,1,0,1,0,1,1,0,0,0,1,0,0,0,1,0,0,1,1,0,1,1,1,0,1,0,0,1,0,1,1,0,0,0,0,0.0,-4622.7599999999975,1
0,0,1,1,0,0,0,0,1,0,1,0,0,1,1,0,1,0,0,1,1,1,0,1,0,0,1,0,0,1,1,0,1,0,0,1,0,0,1,1,0,0,0,0,1,1,1,1,0,1,0,1,0,0,1,1,0,0,1,1,1,1,0,1,1,0,0,1,1,0,0,1,1,0,0,0,1,1,1,1,0,0,0,1,0,1,1,1,0,1,1,1,1,1,1,1,0,1,0,0,1,0,0,0,0,0,1,0,0,0,1,0,1,0,0,0,0,0,0,1,0,1,0,1,0,1,1,0,1,1,1,0,1,1,0,1,0,0,0,1,1,1,1,1,1,0,1,0,0,1,1,0,1,1,1,0,1,0,1,0,1,1,0,0,1,0,0,1,1,0,1,1,0,1,0,0,0,1,0,1,0.0,-4622.300000000001,1
0,1,0,0,0,0,0,0,1,0,0,1,0,1,0,0,0,0,0,1,1,1,0,0,0,1,1,1,0,1,0,0,0,0,0,1,1,1,1,0,1,0,1,1,1,1,1,1,0,0,0,0,0,1,1,1,0,0,0,1,0,1,0,0,1,0,0,0,1,0,1,0,0,0,1,1,1,1,0,0,1,0,1,0,1,1,0,1,0,0,1,1,1,0,0,0,1,0,1,1,1,0,1,1,1,1,0,0,1,1,0,0,1,0,1,0,0,1,0,1,0,0,1,1,1,1,0,0,1,0,0,1,1,0,1,1,0,1,1,1,1,0,1,1,0,0,1,1,1,0,0,1,1,0,0,0,1,1,1,1,1,1,0,1,1,0,1,0,0,0,1,1,0,0,1,1,1,1,0,0,0.0,-4622.280000000001,1
1,1,0,0,1,1,1,1,0,1,0,1,1,1,0,0,0,1,0,0,0,0,1,0,0,1,1,1,1,0,1,1,0,0,0,1,1,1,0,0,1,1,1,1,1,0,0,1,1,0,1,0,1,1,1,0,0,1,0,1,0,0,0,0,0,1,0,0,0,1,1,0,0,1,1,1,0,0,0,0,1,1,1,0,1,0,0,1,0,0,0,0,1,0,0,0,1,0,1,1,0,0,1,1,1,0,0,1,1,1,0,1,0,0,1,1,0,1,0,0,1,0,1,1,0,1,0,1,1,0,0,1,0,0,1,1,0,1,1,1,0,0,0,1,0,0,0,1,1,1,0,1,1,0,0,1,1,1,0,1,0,0,1,1,1,0,1,0,0,1,1,1,1,0,1,1,1,1,0,0,0.0,-4622.1900000000005,1
1,0,1,0,0,0,0,1,0,1,1,0,1,1,0,0,0,0,0,1,1,1,0,0,0,1,0,0,0,0,1,0,1,1,0,1,0,0,0,1,0,0,0,0,1,1,1,1,0,1,0,1,1,1,1,1,0,0,0,1,1,1,0,1,1,0,1,0,1,0,1,1,1,1,1,1,0,0,1,0,0,1,1,0,0,1,1,1,0,1,1,1,1,1,1,0,0,1,1,0,0,0,1,0,0,1,1,0,0,0,0,0,0,0,1,0,0,0,0,1,0,0,0,1,0,1,1,1,1,0,0,0,1,1,0,1,0,0,0,1,0,0,0,1,1,0,0,0,0,0,1,0,1,1,0,1,1,1,1,1,1,1,1,0,1,0,1,1,0,1,1,1,1,0,1,0,0,1,0,1,0.0,-4622.159999999999,1
0,1,0,0,0,0,1,0,1,0,1,1,0,1,0,1,0,1,1,1,0,1,1,0,1,0,1,0,0,1,1,0,0,0,1,0,0,0,1,1,1,0,0,0,0,0,0,0,1,0,1,0,0,1,0,0,0,1,0,1,0,0,1,1,1,0,0,0,1,1,1,1,1,0,1,0,1,1,0,1,0,0,0,1,1,1,0,1,0,1,1,1,0,1,0,1,1,1,0,0,1,1,0,0,1,0,0,0,0,1,0,1,1,1,1,1,1,1,1,0,0,1,0,1,0,0,1,0,0,0,0,0,0,0,0,0,1,1,1,0,1,1,1,1,1,1,0,0,1,1,1,1,0,0,0,0,0,0,1,1,0,1,0,1,0,1,1,1,0,0,0,0,0,0,1,1,0,0,0,0,0.0,-4622.1399999999985,1
1,1,1,1,1,0,0,1,0,1,0,1,1,1,1,1,1,0,1,0,1,0,0,1,1,1,0,0,1,0,0,1,1,1,1,0,0,1,0,0,0,1,0,1,0,1,1,1,0,0,0,1,1,1,0,1,1,0,1,0,0,1,1,1,0,0,1,1,1,0,0,1,0,1,0,1,0,0,0,0,0,1,1,0,0,1,0,0,1,1,0,1,0,0,1,1,0,1,1,0,0,0,0,1,0,0,1,1,0,1,1,0,0,1,0,0,1,0,0,1,0,0,0,1,1,0,1,1,1,1,1,1,0,1,0,0,1,0,0,0,0,0,0,0,1,1,0,0,0,1,1,0,0,1,1,1,1,0,0,0,1,0,1,0,0,0,0,1,0,1,0,0,1,1,0,0,0,0,1,1,0.0,-4622.129999999999,1
0,0,1,0,1,0,0,1,0,1,0,1,1,0,0,1,1,0,1,0,1,0,0,0,1,0,0,1,1,0,0,1,1,1,0,0,1,0,0,1,0,1,1,0,0,1,0,0,0,0,0,1,1,1,0,1,0,0,1,1,1,1,1,0,0,0,1,0,1,0,0,0,0,1,1,0,0,0,1,0,1,1,0,1,0,1,0,1,1,1,1,1,0,1,1,0,0,1,1,1,0,1,1,1,0,0,1,1,1,0,0,0,0,1,1,0,1,0,1,1,0,0,1,0,0,0,0,1,0,0,1,0,0,1,1,0,1,0,0,0,0,0,0,1,0,1,0,1,0,1,1,1,0,1,0,1,0,1,0,1,1,0,1,0,0,1,1,1,0,1,0,0,1,1,1,0,1,0,0,1,0.0,-4622.119999999997,1
0,0,0,0,1,0,1,1,0,1,1,0,1,1,0,1,0,1,1,0,0,0,1,1,1,1,1,1,1,0,1,1,0,0,1,0,1,0,0,1,1,1,0,0,0,0,0,1,1,0,1,0,1,0,0,0,0,1,0,1,1,0,1,1,0,0,1,0,1,1,1,1,1,1,1,1,0,0,0,1,1,1,1,0,1,1,0,1,1,1,1,1,0,1,0,1,1,1,0,0,0,0,0,0,1,0,0,1,0,1,0,1,0,1,0,1,1,1,0,0,0,1,0,1,0,0,1,1,1,0,0,0,0,0,0,0,1,1,1,0,0,1,0,1,1,1,1,0,1,1,1,1,0,0,0,1,1,0,0,1,0,0,1,1,0,0,1,1,1,1,0,0,1,0,0,1,0,0,1,0,0.0,-4622.04,1
1,0,0,1,0,0,0,1,0,1,0,0,1,0,1,0,0,0,0,1,1,1,0,0,0,1,1,0,0,0,0,0,1,0,0,1,0,1,0,0,1,0,1,1,1,1,0,1,0,0,0,0,1,1,1,1,1,0,0,0,1,1,0,0,1,0,1,1,1,0,1,0,0,1,0,1,0,0,0,0,0,1,1,0,0,1,0,1,0,1,1,1,1,0,0,0,0,0,1,1,1,0,1,1,1,0,0,0,1,1,1,1,0,0,1,0,0,1,0,1,0,0,1,0,0,1,0,1,1,1,0,1,1,0,1,1,0,1,1,1,0,0,0,1,0,0,1,1,1,1,0,0,1,0,1,1,1,1,1,0,0,1,0,1,1,0,0,0,0,1,1,1,0,0,1,1,1,1,1,0,0.0,-4621.92,1
1,0,1,0,0,1,0,1,0,1,1,1,1,0,0,0,1,0,0,1,1,1,0,1,0,1,0,0,0,0,0,0,1,1,0,1,0,0,0,1,0,0,1,0,1,1,1,0,0,1,0,1,1,1,1,1,0,0,1,1,1,1,0,0,1,1,1,0,0,0,0,0,1,1,0,1,0,0,1,0,0,1,1,0,0,0,1,0,0,1,0,0,1,1,1,0,0,0,1,1,0,1,1,0,0,1,1,0,1,0,0,1,0,0,0,0,0,0,1,1,1,0,1,0,1,1,0,1,0,0,1,0,1,1,1,1,0,0,0,1,0,1,0,0,0,0,0,1,0,0,1,0,1,1,0,0,0,1,1,1,0,1,1,0,1,1,1,0,0,1,1,1,1,1,0,0,1,1,0,1,0.0,-4621.91,1
1,0,0,0,0,1,0,1,0,1,1,1,1,1,0,0,0,0,0,1,1,1,0,0,0,1,1,0,0,0,0,0,0,0,0,1,0,0,1,1,1,0,1,0,1,0,0,1,1,0,0,0,1,1,1,1,0,0,0,1,1,0,0,0,1,1,0,0,0,0,1,0,1,1,1,1,0,0,1,0,0,1,1,0,1,0,0,1,0,1,1,0,1,1,0,0,1,1,1,1,0,0,1,0,1,1,0,0,0,1,0,1,0,0,1,0,0,1,0,1,1,0,1,1,0,1,0,1,1,0,0,0,1,0,1,1,0,1,1,1,0,0,0,1,0,0,1,0,1,0,1,0,1,0,0,1,1,1,1,1,0,1,1,1,1,0,1,1,0,1,1,1,1,0,1,1,1,1,0,0,0.0,-4621.88,1
1,1,1,0,0,0,1,0,1,0,0,0,0,0,0,0,1,1,0,1,0,1,1,1,0,1,1,0,0,1,1,0,0,0,0,1,0,0,1,1,0,0,0,0,1,0,0,0,1,1,1,1,0,1,1,0,0,1,1,1,0,0,0,1,1,0,0,0,1,1,0,1,0,1,1,1,1,1,0,0,0,0,1,0,1,1,1,0,0,1,0,1,1,1,1,1,0,0,1,0,1,1,0,0,0,0,1,0,0,0,0,0,1,0,0,1,0,0,1,0,0,0,0,0,1,1,1,0,0,0,1,0,1,1,0,1,0,0,0,1,1,0,1,0,1,0,1,0,0,1,0,0,1,1,0,0,0,0,1,1,1,1,0,0,1,1,1,0,0,0,1,1,0,1,0,0,0,1,0,1,0.0,-4621.759999999998,1
0,1,0,0,1,1,1,1,0,1,1,1,1,1,1,1,0,1,1,0,0,0,1,1,1,1,0,1,1,0,1,1,0,1,1,0,1,0,0,1,1,1,1,0,0,0,0,1,1,0,1,0,1,0,0,0,0,1,0,1,0,0,1,0,0,1,0,1,0,1,1,0,1,1,1,1,0,0,1,0,1,1,1,0,1,0,0,0,1,0,0,0,0,1,0,1,1,0,1,1,0,0,0,0,1,1,0,1,1,1,0,0,0,1,0,1,1,1,0,0,1,0,1,1,0,0,0,1,1,0,0,0,1,0,1,0,1,1,1,0,0,0,0,0,0,1,0,0,1,0,0,0,0,0,0,0,1,0,0,0,1,0,1,1,0,0,1,0,1,1,0,0,1,0,0,1,1,0,1,0,0.0,-4621.41,1
1,0,0,1,0,1,0,0,1,0,0,1,0,0,1,0,0,0,0,1,1,1,0,0,0,0,0,0,0,1,0,0,1,1,0,1,0,0,1,1,1,0,0,0,1,1,1,0,0,0,0,0,0,1,1,1,1,0,0,0,1,1,0,1,1,1,1,1,0,0,1,1,0,0,0,0,1,1,1,0,0,0,0,1,0,0,0,1,0,1,0,0,1,1,0,1,1,1,1,0,1,1,0,1,1,0,0,0,0,0,1,1,1,0,1,0,0,1,1,1,1,0,0,0,1,1,1,0,0,1,0,0,1,0,0,1,0,1,1,1,1,1,1,1,1,0,1,1,1,1,1,0,1,0,1,0,0,0,1,0,0,1,0,1,1,1,0,1,0,0,1,1,0,0,1,1,0,1,1,0,0.0,-4621.39,1
0,1,0,0,1,1,0,1,0,1,0,1,1,0,0,1,0,0,1,0,1,0,0,0,1,1,0,1,1,0,0,1,1,1,1,0,1,1,0,0,1,1,1,1,0,1,1,1,0,1,0,0,1,1,0,1,0,0,0,1,0,1,1,0,0,1,1,0,0,0,1,0,0,1,1,1,0,0,0,1,1,1,1,0,0,0,1,1,1,0,1,0,0,0,0,1,1,1,1,1,0,0,0,1,1,1,0,1,1,1,0,1,0,1,1,0,1,1,0,1,1,0,1,0,0,0,0,1,1,0,0,1,1,0,1,0,1,1,1,0,0,1,0,1,0,1,0,0,1,0,0,0,0,0,0,0,1,0,0,1,0,0,1,1,0,0,1,1,0,1,0,0,1,0,1,1,1,0,0,0,0.0,-4621.259999999998,1
0,1,0,1,1,0,0,1,0,1,0,0,1,1,1,1,0,0,1,0,1,0,0,0,1,0,0,1,1,0,0,1,1,1,1,0,1,1,0,0,1,1,1,1,0,1,0,1,0,0,0,0,1,1,0,1,1,0,1,0,0,1,1,0,0,0,1,1,1,0,1,0,0,1,0,0,0,0,1,1,1,1,0,1,0,1,0,0,1,0,1,1,0,0,0,0,1,1,0,1,1,0,1,1,1,1,0,1,1,1,1,0,0,1,1,0,1,1,0,1,0,1,1,1,1,0,0,1,1,1,0,1,0,0,1,0,1,1,1,0,0,1,0,0,0,1,1,1,1,0,1,1,0,0,1,1,1,1,0,0,1,0,1,1,0,0,0,1,1,1,0,0,0,1,1,1,1,0,1,0,0.0,-4621.210000000001,1
1,0,1,1,1,1,1,1,0,1,1,1,1,1,1,1,1,1,1,0,0,0,1,0,1,1,1,1,1,0,1,1,0,0,1,0,1,0,0,1,0,1,0,0,0,0,1,1,1,0,1,1,1,1,0,0,1,1,1,0,1,0,1,1,0,1,0,1,0,1,0,1,1,1,0,1,0,0,0,1,1,1,1,0,1,0,0,1,1,0,0,0,0,1,1,1,0,1,1,0,0,0,0,0,0,1,1,1,0,0,1,0,0,1,1,1,1,0,0,0,1,0,0,1,0,0,1,1,1,1,1,0,0,1,0,0,1,0,0,0,0,0,0,1,1,1,1,0,0,0,0,1,0,1,1,1,1,0,0,0,1,0,1,1,0,0,0,1,0,1,0,0,1,1,1,0,0,0,1,1,0.0,-4621.05,1
1,1,1,0,1,0,0,0,1,0,0,0,0,1,0,1,1,0,1,0,1,0,0,0,1,1,1,1,1,1,0,1,0,0,1,0,1,1,1,0,0,1,0,1,0,0,1,1,1,1,0,1,0,1,0,1,0,0,1,1,0,0,1,1,0,0,0,0,1,0,0,1,0,1,1,1,1,1,0,0,1,0,1,0,1,1,1,1,1,0,1,1,0,0,1,1,0,0,1,0,1,0,0,1,0,0,1,1,0,0,0,1,1,1,1,0,1,1,0,1,0,0,0,1,0,0,1,0,1,0,1,1,0,1,0,0,1,0,0,0,1,0,1,1,0,1,1,0,0,1,0,1,0,1,0,0,1,0,0,1,0,0,0,0,0,0,1,0,0,0,0,0,0,1,1,0,0,0,0,1,0.0,-4620.959999999997,1
1,0,1,0,0,0,0,0,1,0,1,0,0,0,1,1,1,0,1,1,1,0,0,1,1,0,1,0,0,1,0,0,1,0,1,0,0,0,1,1,0,1,1,0,0,1,1,0,0,0,0,1,0,1,0,1,0,0,1,1,1,1,1,0,1,0,1,1,1,0,0,0,1,1,1,0,1,1,1,0,0,0,0,1,0,1,0,1,1,1,1,1,0,1,1,1,0,1,1,1,1,1,0,0,0,1,1,1,1,0,0,1,1,1,0,0,1,0,1,1,0,0,1,0,1,0,0,0,0,0,1,0,0,1,1,0,1,0,0,0,1,0,1,1,0,1,0,1,0,0,1,1,0,1,0,0,0,0,0,0,0,1,0,0,0,1,1,1,0,0,0,0,0,1,0,0,1,0,1,1,0.0,-4620.919999999998,1
0,1,1,1,1,0,0,1,0,1,0,1,1,0,1,1,1,0,1,0,1,0,0,1,1,0,1,1,1,0,0,1,0,0,1,0,1,1,0,0,0,1,0,1,0,0,1,0,1,1,0,1,1,1,0,1,1,0,1,0,0,0,1,1,0,0,1,1,1,0,0,1,0,1,0,0,0,0,1,0,1,1,0,1,1,1,1,1,1,0,0,1,0,0,1,0,0,1,0,0,0,1,1,1,0,1,1,1,0,0,1,0,0,1,0,0,1,0,1,1,0,1,0,0,0,0,1,1,0,1,1,1,0,1,0,0,1,0,0,0,0,0,0,1,1,1,0,0,0,0,0,1,0,1,1,1,0,1,0,0,1,0,1,0,0,0,0,1,0,1,0,0,1,1,0,0,0,0,1,1,0.0,-4620.629999999999,1
0,0,1,1,0,0,0,0,1,0,0,0,0,0,1,1,1,0,1,1,1,0,0,1,1,1,0,0,0,1,0,0,1,1,1,0,0,1,1,0,0,1,0,1,0,1,0,0,0,1,0,1,0,1,0,1,1,0,1,0,1,1,1,1,1,0,1,1,1,0,0,1,0,0,0,1,1,1,1,0,0,0,1,0,0,1,1,1,1,1,1,1,0,0,1,0,0,0,1,0,1,1,1,1,0,0,1,1,0,0,1,0,1,1,0,1,1,0,1,1,0,0,0,0,1,0,1,0,0,1,1,1,0,1,0,0,1,0,0,0,1,0,1,1,1,1,0,0,0,1,1,1,0,1,1,0,0,1,0,0,1,1,0,0,0,1,0,0,0,0,0,0,0,1,0,0,0,0,1,1,0.0,-4620.479999999998,1
1,0,1,0,1,0,0,0,1,0,1,1,0,1,1,1,1,0,1,0,1,0,0,0,1,1,0,1,1,1,0,1,1,1,1,0,1,0,1,1,0,1,0,0,0,1,1,1,0,0,0,1,0,1,0,1,0,0,1,1,1,1,1,0,0,0,0,1,1,0,0,0,1,0,1,1,1,1,0,0,1,0,1,0,0,1,0,1,1,0,1,1,0,1,1,0,0,0,1,1,1,0,1,0,0,1,1,1,1,0,0,0,1,1,1,0,1,0,0,1,0,0,1,1,0,0,0,0,1,0,1,0,0,1,1,0,1,0,0,0,1,0,1,1,0,1,1,1,0,0,0,0,0,1,0,0,1,1,0,0,1,0,0,0,0,0,1,0,0,0,0,0,0,1,1,0,1,0,1,1,0.0,-4620.309999999999,1
0,1,1,0,1,0,0,0,1,0,1,1,0,0,0,1,1,0,1,0,1,0,0,0,1,1,1,1,1,1,0,1,1,0,1,0,1,0,1,1,1,1,0,0,0,1,1,0,0,1,0,1,0,1,0,1,0,0,1,1,0,1,1,1,0,0,0,0,1,0,0,1,1,1,1,1,1,1,1,0,1,1,1,0,0,1,1,1,1,1,1,1,0,1,1,1,1,1,1,0,1,1,0,0,0,1,1,1,0,0,0,1,1,1,1,0,1,0,1,1,0,0,0,0,0,0,1,0,0,0,1,0,0,1,0,0,1,0,0,0,1,1,1,1,1,1,1,0,1,0,1,1,0,0,0,0,0,0,0,1,0,0,0,1,0,1,1,1,0,1,0,0,0,1,1,1,0,0,0,0,0.0,-4620.269999999997,1
0,0,0,1,1,1,1,0,1,0,1,1,0,0,1,1,0,1,1,0,0,0,1,1,1,1,0,1,1,1,1,1,1,1,1,0,1,0,1,1,0,1,0,0,0,0,0,1,1,0,1,0,0,1,0,0,1,1,0,0,1,0,1,1,0,1,0,1,0,1,1,1,1,0,0,1,1,1,0,0,1,0,1,0,0,0,0,0,1,0,1,0,0,1,0,1,1,0,1,0,1,0,0,0,1,0,0,1,0,1,1,0,1,1,0,1,1,1,0,0,1,0,0,0,1,0,1,0,1,1,0,0,0,0,0,0,1,1,1,0,1,0,1,0,1,1,0,0,0,1,0,1,0,1,1,0,1,0,0,0,0,0,0,1,0,0,0,0,0,0,0,0,0,0,0,0,0,0,1,1,0.0,-4620.2300000000005,1
0,0,1,1,1,0,0,0,1,0,0,1,0,1,0,1,1,0,1,0,1,0,0,1,1,0,1,1,1,1,0,0,0,0,1,0,1,1,1,0,1,1,1,1,0,1,1,0,0,0,0,1,0,0,0,1,1,0,1,0,1,1,1,0,0,0,1,0,1,0,0,0,0,0,0,0,1,1,1,1,1,0,0,1,1,1,0,0,1,0,1,1,0,0,1,1,0,0,0,1,1,1,0,1,0,1,1,1,1,0,1,0,1,1,0,0,1,0,1,1,0,1,1,1,1,0,0,0,0,1,1,1,0,1,1,0,1,0,0,0,1,1,1,0,0,1,0,1,1,0,0,1,0,0,1,0,0,0,0,1,1,0,0,1,0,1,0,0,1,0,0,0,0,1,0,1,1,0,0,0,0.0,-4620.07,1
1,0,1,0,1,1,0,0,1,0,1,0,0,0,0,1,1,0,1,0,1,0,0,0,1,1,1,0,1,1,0,1,1,0,1,0,0,1,1,1,0,1,0,0,0,1,1,0,0,1,0,1,0,1,1,1,0,0,1,1,1,1,1,1,0,1,1,0,0,0,0,1,1,0,1,1,1,1,1,0,0,0,1,0,0,0,1,1,1,1,1,0,0,1,1,1,0,1,1,0,1,1,0,0,0,0,1,1,0,0,0,1,1,1,1,0,1,0,1,1,1,0,0,0,1,0,1,0,0,0,1,1,0,1,0,0,1,0,0,0,1,0,1,1,1,1,1,0,0,1,1,1,0,1,0,0,0,0,0,1,0,0,0,1,0,1,1,1,0,0,0,0,0,1,1,0,0,0,0,1,0.0,-4620.019999999998,1
0,0,1,1,1,1,0,0,1,0,0,0,0,1,0,1,1,0,1,0,1,0,0,1,1,0,1,1,1,1,0,1,1,0,1,0,1,1,1,0,0,1,1,1,0,1,1,0,0,1,0,1,0,0,0,1,1,0,1,0,1,1,1,0,0,1,1,0,0,0,0,0,0,0,0,0,1,1,0,1,1,0,0,1,0,0,1,0,1,0,0,0,0,0,1,0,0,1,0,1,0,1,1,1,0,1,1,1,1,0,1,0,1,1,0,0,1,0,1,1,1,1,1,1,0,0,0,0,0,1,1,1,0,1,1,0,1,0,0,0,1,1,1,0,0,1,0,1,0,0,0,0,0,1,1,0,0,1,0,1,1,0,0,0,0,0,0,1,1,0,0,0,1,1,0,0,1,0,0,1,0.0,-4619.99,1
0,1,1,0,1,1,0,0,1,0,1,1,0,0,0,1,1,0,1,0,1,0,0,1,1,0,0,0,1,1,0,1,0,1,1,0,0,1,1,0,0,1,1,1,0,1,1,1,0,0,0,1,0,0,0,1,0,0,1,1,0,1,1,0,0,1,1,0,0,0,0,0,1,0,1,0,1,1,1,1,0,0,0,1,1,0,0,0,1,1,1,0,0,0,1,1,1,1,0,1,1,0,0,1,0,1,1,1,1,0,0,0,1,1,0,0,1,0,0,1,1,1,1,0,0,0,0,0,1,0,1,1,0,1,1,0,1,0,0,0,1,1,1,0,0,1,0,1,0,0,1,1,0,1,0,1,1,0,0,1,1,0,0,1,0,1,1,1,1,0,0,0,0,1,0,0,1,0,0,1,0.0,-4619.99,1
0,1,0,1,1,0,1,0,1,0,1,1,0,1,1,1,0,1,1,0,0,0,1,0,1,1,1,1,1,1,0,1,0,0,1,0,1,0,0,1,1,1,1,0,0,0,0,1,1,1,1,0,0,1,0,0,1,1,0,0,0,0,0,0,0,0,0,1,1,1,1,0,1,0,0,1,1,1,0,0,1,0,1,0,1,1,1,1,1,0,0,1,0,1,0,1,1,0,1,1,1,0,0,0,1,1,0,1,1,1,1,1,1,1,1,1,1,1,0,0,0,0,1,1,0,0,0,0,1,1,0,0,0,0,1,1,1,1,1,1,1,0,1,1,0,1,1,1,1,0,0,1,0,0,1,0,1,0,0,0,0,0,0,0,0,0,0,0,0,0,1,0,0,0,1,1,1,0,1,0,0.0,-4619.94,1
0,0,0,1,1,0,1,0,1,0,0,1,0,1,1,1,0,1,1,0,0,0,1,1,1,1,1,1,1,1,1,1,0,0,1,0,1,0,1,1,1,1,1,0,0,0,0,0,1,0,1,0,0,1,0,0,1,1,0,0,1,0,1,0,0,0,0,1,1,1,1,0,0,0,0,1,1,1,0,0,1,0,1,0,1,1,0,1,1,0,1,1,0,1,0,1,1,1,1,1,1,1,0,1,1,1,0,1,1,1,1,0,1,1,0,1,1,1,1,0,0,0,1,1,1,0,0,0,0,1,0,0,0,0,1,0,1,1,1,0,1,0,1,1,0,1,1,1,1,0,0,1,0,0,1,0,0,0,0,0,1,0,0,1,0,1,0,1,0,0,0,0,0,0,0,1,1,0,1,0,0.0,-4619.799999999999,1
1,0,1,1,0,1,1,0,1,0,1,0,0,0,1,1,1,1,1,1,0,1,1,0,1,1,1,1,0,1,1,0,0,0,0,0,1,0,1,1,0,0,0,0,0,0,0,0,1,0,1,1,0,1,0,0,1,1,1,0,1,0,1,1,1,1,0,1,0,1,0,1,1,1,0,1,1,1,0,0,1,1,1,0,1,0,0,1,1,0,1,0,0,1,1,0,0,1,1,0,1,1,1,0,0,0,1,0,0,0,1,1,1,1,1,1,1,0,1,0,1,0,0,0,0,0,1,0,0,1,1,0,0,1,0,0,1,0,0,0,1,0,1,1,1,1,1,0,0,1,0,1,0,1,1,0,0,1,1,0,0,1,0,1,0,1,0,1,0,1,0,0,0,1,1,0,0,0,1,1,0.0,-4619.36,1
1,1,0,1,0,0,0,1,0,1,0,1,1,0,0,0,0,0,0,1,1,1,0,0,0,0,0,0,0,0,1,0,1,1,0,1,0,0,0,1,1,0,1,0,1,1,0,0,0,1,0,0,1,1,1,1,1,0,0,0,0,1,0,0,1,0,0,0,1,0,1,0,0,1,0,0,0,0,1,1,0,1,0,1,0,0,1,1,0,1,0,1,1,1,0,1,1,1,0,1,0,1,0,0,1,1,0,0,1,1,1,1,0,0,1,0,0,1,1,1,1,1,1,0,0,1,0,1,0,1,0,0,1,0,1,1,0,1,1,1,0,1,0,1,0,0,1,1,1,0,0,0,1,0,1,1,0,0,1,1,0,1,1,1,1,0,0,1,0,1,1,1,1,0,1,1,1,1,0,0,0.0,-4619.32,1
1,0,0,0,1,1,0,1,0,1,0,1,1,0,0,1,0,0,1,0,1,0,0,0,1,0,0,1,1,0,0,1,0,1,1,0,1,1,0,0,1,1,1,1,0,1,1,0,0,0,0,0,1,0,0,1,0,0,0,1,1,1,1,0,0,1,1,0,0,0,1,0,0,0,1,0,0,0,1,1,1,0,0,1,1,0,0,0,0,0,1,0,0,0,0,1,1,1,0,1,0,1,0,1,1,1,0,1,1,1,0,0,0,1,1,0,1,1,1,1,1,1,1,0,0,0,0,1,0,0,0,1,0,0,1,0,1,1,1,1,0,1,0,0,0,1,1,1,1,0,0,1,0,0,0,1,0,0,0,1,1,0,1,1,0,0,1,1,1,0,1,0,1,0,1,1,1,0,0,0,0.0,-4619.29,1
1,0,1,0,0,1,0,0,1,0,1,0,0,1,0,0,1,0,0,1,0,1,1,1,0,1,1,0,0,1,0,0,1,0,0,1,0,0,1,1,0,0,1,0,1,1,1,0,0,0,0,1,0,0,1,1,0,0,1,1,1,1,0,0,1,1,0,0,0,0,0,0,1,0,1,1,1,1,0,0,0,0,1,0,0,0,0,0,0,1,0,0,1,1,1,1,0,0,1,1,1,1,0,0,0,1,1,0,0,0,0,1,1,0,0,0,0,0,1,0,1,0,1,1,0,1,1,0,0,0,1,0,1,1,0,1,0,0,0,1,1,0,1,0,1,0,0,1,0,0,1,0,1,1,0,0,0,0,1,1,0,1,0,1,1,1,1,0,1,0,1,1,0,1,0,0,0,1,0,1,0.0,-4619.21,1
0,1,1,1,0,1,0,0,1,0,1,1,0,1,1,1,1,0,1,1,1,1,0,1,1,0,1,0,0,1,0,0,0,0,1,0,0,0,1,1,1,0,1,0,0,1,1,1,0,0,0,1,0,0,0,1,1,0,1,0,0,1,1,0,1,1,1,1,0,0,0,0,1,1,0,0,1,1,1,1,0,1,0,1,1,0,0,0,1,1,0,0,0,1,1,1,0,1,0,1,1,0,0,0,0,1,1,0,1,0,1,0,1,1,0,0,1,0,0,1,1,1,1,1,1,0,0,0,1,1,1,0,0,1,1,0,1,0,0,0,1,1,1,0,0,1,1,1,1,0,1,0,0,0,1,0,1,0,1,0,1,1,0,0,0,0,0,1,1,1,0,0,0,1,0,1,1,0,1,0,0.0,-4619.1900000000005,1
0,1,1,0,1,1,1,0,1,0,1,1,0,1,0,1,1,1,1,0,0,0,1,1,1,0,1,1,1,1,0,1,0,0,1,0,1,0,1,1,0,1,1,0,0,0,1,0,1,1,1,1,0,0,0,0,0,1,0,1,0,0,1,0,0,1,0,0,0,1,0,0,1,1,1,0,1,1,0,1,1,1,0,1,1,0,1,0,1,0,1,0,0,1,1,0,0,1,0,1,1,1,1,0,0,0,1,1,1,0,0,0,1,1,0,1,1,0,0,0,1,1,1,1,1,0,0,0,1,0,1,0,0,1,1,0,1,0,0,0,1,1,1,0,0,1,0,1,0,1,0,1,0,1,0,0,1,1,0,1,1,0,0,0,0,0,1,1,1,1,0,0,0,0,0,0,1,0,0,1,0.0,-4619.059999999998,1
1,1,1,1,0,0,0,0,1,0,1,0,0,1,1,1,1,0,1,1,1,1,0,1,1,1,1,0,0,1,0,0,1,0,1,0,0,0,1,1,0,0,0,0,0,1,1,1,0,0,0,1,0,0,0,1,1,0,1,0,0,1,1,1,1,0,1,1,1,0,0,1,1,0,0,1,1,1,1,0,0,0,1,0,0,1,0,1,1,1,1,1,0,1,1,0,0,1,1,0,1,0,1,0,0,0,1,0,0,0,1,1,1,1,0,0,1,0,0,1,0,0,0,1,1,0,1,0,1,1,1,0,0,1,0,0,1,0,0,0,1,0,1,0,1,1,0,0,0,1,1,1,0,1,1,0,1,1,1,0,0,1,0,0,0,0,0,1,0,0,0,0,0,1,0,0,0,0,1,1,0.0,-4619.0,1
0,1,1,1,0,1,1,0,1,0,1,1,0,1,1,0,1,1,0,1,0,1,1,0,0,0,1,0,0,1,0,0,0,0,0,1,0,1,1,0,1,0,0,1,1,0,0,1,1,1,1,1,0,0,1,0,1,1,1,0,0,0,0,1,1,1,1,1,0,1,0,1,1,0,0,0,1,1,0,1,0,0,0,1,1,0,1,0,0,1,0,0,1,0,1,0,0,1,0,0,1,0,1,1,0,0,1,0,0,0,1,0,1,0,1,1,0,0,0,0,1,1,0,1,0,1,1,0,1,1,1,1,1,1,0,1,0,0,0,1,1,1,1,0,1,0,0,0,1,1,1,0,1,0,1,1,1,1,1,0,1,1,0,0,1,1,0,1,1,0,1,1,0,1,1,1,0,1,1,0,0.0,-4618.97,1
0,1,0,0,1,1,0,1,0,1,1,1,1,1,0,1,1,0,1,0,1,0,0,1,1,1,1,1,1,0,0,1,1,0,0,0,1,0,0,1,1,1,1,0,0,1,0,1,0,0,0,0,1,1,0,1,0,0,0,1,0,1,1,0,0,1,1,0,0,0,1,0,1,0,1,1,0,0,1,0,1,1,1,0,0,0,0,1,0,0,1,0,0,1,0,1,1,0,1,1,0,0,0,0,1,1,0,1,1,0,0,1,0,1,0,0,1,1,0,1,1,0,1,1,1,0,0,1,1,0,0,0,0,0,1,0,1,1,1,0,0,0,0,1,0,1,0,1,1,0,0,1,0,0,0,0,1,0,0,1,0,0,1,1,0,0,1,0,0,1,0,0,1,0,0,1,1,0,0,0,0.0,-4618.909999999999,1
1,0,0,0,1,0,1,1,0,1,1,1,1,0,0,1,0,1,1,0,0,0,1,0,1,0,0,1,1,0,1,1,0,1,1,0,1,0,0,1,1,1,0,0,0,0,1,0,1,0,1,0,1,1,0,0,0,1,0,1,1,0,1,1,0,0,1,0,1,1,1,1,1,0,1,0,0,0,0,1,1,0,0,1,1,1,0,1,1,1,1,1,0,1,0,0,1,1,0,0,0,1,1,0,1,0,0,1,0,1,0,0,0,1,1,1,1,1,1,0,0,1,0,0,0,0,0,1,0,0,0,0,0,0,0,0,1,1,1,0,0,1,0,1,1,1,1,0,1,1,1,1,0,0,0,0,0,1,0,1,1,0,1,0,0,1,1,1,0,0,0,0,1,0,1,1,0,0,0,0,0.0,-4618.789999999999,1
1,1,0,1,0,1,0,0,1,0,0,1,0,0,1,0,0,0,0,1,1,1,0,1,0,1,1,0,0,1,0,0,1,0,0,1,0,1,0,0,1,0,1,1,1,1,1,1,0,0,0,0,0,1,1,1,1,0,0,0,0,1,0,0,1,1,0,1,0,0,1,0,0,0,0,1,1,1,0,0,0,0,1,0,0,0,0,1,0,1,1,0,1,0,0,1,1,0,1,1,1,0,0,1,1,1,0,0,1,1,1,0,1,0,0,0,0,0,0,1,1,0,1,0,1,1,0,0,1,1,0,1,1,0,1,1,0,1,1,1,1,0,1,1,0,0,0,1,1,0,1,0,1,0,1,0,1,0,1,0,1,1,0,0,1,0,0,0,0,0,1,1,0,0,0,1,1,1,1,0,0.0,-4618.419999999999,1
1,1,0,0,1,0,0,1,0,1,1,0,1,0,0,0,0,0,0,0,1,1,0,1,0,1,0,0,1,0,1,1,1,1,0,1,0,0,0,1,1,0,0,0,1,1,0,0,0,0,0,0,1,0,1,1,0,0,0,1,0,1,0,1,0,0,0,0,1,0,1,1,1,1,1,1,0,0,1,0,0,1,1,0,0,1,0,0,0,1,0,1,1,1,0,1,1,0,1,0,0,1,0,0,1,0,0,0,0,1,0,0,0,0,0,0,0,1,1,1,0,0,0,0,1,1,1,1,0,0,0,0,1,0,0,1,0,1,1,1,0,0,0,0,1,0,0,0,1,1,1,0,1,0,0,1,0,0,1,1,1,0,1,1,1,0,1,0,1,1,1,1,1,0,0,1,0,1,0,0,0.0,-4618.42,1
1,1,1,1,0,1,0,0,1,0,1,1,0,0,1,0,1,0,0,1,1,1,0,0,0,1,1,0,0,1,0,1,1,0,0,1,0,0,1,1,0,0,1,0,1,1,1,1,0,0,0,1,0,1,1,1,1,0,1,0,0,1,0,0,1,1,0,1,0,0,0,0,1,0,0,1,1,1,1,1,0,0,1,0,0,0,0,1,0,1,0,0,1,1,1,1,0,0,0,1,1,0,0,0,0,0,1,0,1,0,1,0,1,0,1,0,0,0,0,1,1,1,1,0,0,1,0,0,1,1,1,0,1,1,1,1,0,0,0,1,1,1,1,1,0,0,1,0,0,1,1,0,1,1,1,0,1,0,1,0,1,1,0,0,1,0,0,0,1,0,1,1,0,1,1,0,1,1,1,1,0.0,-4618.360000000001,1
1,0,1,1,1,0,1,0,1,0,1,0,0,1,1,1,1,1,1,0,0,0,1,0,1,1,0,1,1,1,1,1,0,1,1,0,1,0,1,1,0,1,0,0,0,0,1,0,1,0,1,1,0,1,0,0,1,1,1,0,1,0,1,1,0,0,0,1,1,1,0,1,1,0,0,1,1,1,0,0,1,0,1,0,1,1,0,1,1,1,0,1,0,1,1,1,0,1,1,0,1,1,0,0,0,1,1,1,0,1,1,1,1,1,1,1,1,0,1,0,0,0,0,1,1,0,1,0,0,1,1,0,1,1,0,0,1,0,0,0,1,0,1,1,1,1,0,0,0,0,1,1,0,1,1,0,0,0,0,0,0,0,0,0,0,1,0,1,0,0,0,0,0,1,1,0,0,0,1,1,0.0,-4618.359999999998,1
0,1,1,1,0,1,0,0,1,0,1,1,0,1,1,0,1,0,0,1,1,1,0,0,0,1,1,0,0,1,0,0,0,0,0,1,0,0,1,1,1,0,1,0,1,0,1,0,1,1,0,1,0,1,1,1,1,0,1,0,0,0,0,0,1,1,1,1,0,0,0,0,1,0,0,1,1,1,1,0,0,0,1,0,1,0,1,1,0,1,1,0,1,1,1,1,0,1,1,1,0,1,0,0,0,1,1,0,1,0,1,0,1,0,1,0,0,0,1,1,1,0,1,1,1,1,0,0,0,1,1,0,1,1,1,1,0,0,0,1,1,0,1,1,0,0,1,1,1,0,1,0,1,0,1,0,0,0,1,0,1,1,0,1,1,1,0,1,0,0,1,1,1,1,1,1,1,1,1,0,0.0,-4618.239999999999,1
0,1,1,1,0,0,1,0,1,0,1,1,0,0,1,0,1,1,0,1,0,1,1,0,0,0,0,1,0,1,0,0,0,1,0,1,1,0,1,1,1,0,1,0,1,0,1,0,1,1,1,1,0,0,1,0,1,1,1,0,0,0,0,0,1,0,0,1,1,1,0,0,1,0,0,0,1,1,0,1,1,0,0,1,1,1,1,0,0,0,0,1,1,1,1,1,0,1,0,1,1,1,0,0,0,0,1,0,1,1,1,1,1,0,1,1,0,0,1,0,0,1,1,0,1,1,0,0,0,1,1,0,1,1,1,1,0,0,0,1,1,1,1,0,0,0,1,1,1,1,0,0,1,0,1,0,0,0,1,0,0,1,0,1,1,1,0,1,1,0,1,1,0,1,1,1,1,1,1,0,0.0,-4618.0199999999995,1
0,0,0,0,1,1,0,1,0,1,1,0,1,0,0,1,0,0,1,0,1,0,0,1,1,0,1,1,1,0,0,1,0,0,1,0,1,1,0,1,1,1,1,0,0,1,1,1,0,0,0,0,1,0,0,1,0,0,0,1,1,1,1,0,0,1,0,0,0,0,1,0,1,1,1,0,0,0,1,1,1,1,0,1,1,0,0,0,1,1,1,0,0,1,0,0,1,1,0,1,1,0,1,0,1,1,0,1,1,1,0,0,0,1,0,0,1,1,0,1,1,1,1,0,0,0,0,1,1,0,0,1,0,0,1,0,1,1,1,0,0,1,0,0,0,1,0,1,1,0,1,1,0,0,0,1,1,1,0,1,1,0,1,0,0,0,1,1,1,1,0,0,0,0,0,1,1,0,0,0,0.0,-4617.69,1
0,0,0,0,1,0,0,1,0,1,0,1,1,0,1,1,0,0,1,0,0,0,1,1,1,1,1,1,1,1,0,1,1,0,1,0,1,1,1,0,1,1,1,1,0,1,0,0,0,0,0,0,0,1,0,1,0,0,0,1,1,1,1,0,0,0,1,1,1,0,1,0,0,1,1,1,0,0,0,0,1,1,1,0,0,1,0,1,1,0,1,1,0,0,0,1,1,0,1,1,0,1,0,1,1,1,0,1,1,1,0,0,1,1,0,0,1,1,1,0,0,0,1,0,0,0,0,1,0,0,0,1,0,0,1,0,1,1,1,0,0,0,0,1,0,1,0,1,1,0,0,1,0,0,0,1,0,0,0,0,1,0,1,0,0,1,1,0,0,1,0,0,1,0,0,1,1,0,1,0,0.0,-4617.599999999999,1
0,1,1,1,0,0,0,0,1,0,0,1,0,1,1,0,1,0,0,1,1,1,0,0,0,1,1,0,0,1,1,0,1,0,0,1,0,1,1,0,0,0,1,1,1,1,0,0,0,0,0,1,0,1,1,1,1,0,0,0,0,1,0,0,1,0,1,1,1,0,1,0,0,0,1,1,1,1,1,0,0,0,1,0,0,1,0,1,0,1,0,1,1,0,1,1,0,0,1,1,1,1,0,1,0,1,1,1,1,0,1,1,1,0,1,0,0,0,1,1,0,0,1,1,0,1,0,0,0,1,0,1,1,1,1,1,0,0,0,1,1,0,1,1,0,0,1,1,0,0,1,0,1,1,1,0,0,0,1,0,0,1,0,0,1,1,0,0,0,0,1,1,0,0,1,0,1,1,1,1,0.0,-4617.579999999999,1
1,0,0,1,0,1,0,1,0,1,0,0,1,1,0,0,0,0,0,1,1,1,0,0,0,0,0,0,0,0,0,0,1,1,0,1,0,1,0,0,1,1,1,1,1,1,0,0,0,0,0,0,1,1,1,1,1,0,0,0,1,1,0,0,1,1,1,0,0,0,1,0,0,1,0,0,0,0,1,0,0,1,0,1,0,0,0,1,0,0,1,0,1,0,0,1,1,1,1,1,0,1,0,1,1,1,0,1,1,1,1,1,0,0,1,0,0,1,1,1,1,0,1,1,0,1,0,1,0,1,0,1,1,0,1,1,0,1,1,1,0,0,0,1,0,0,1,1,1,0,0,0,1,0,1,0,0,0,0,1,0,1,1,1,1,1,0,1,0,1,1,1,1,0,1,1,1,1,0,0,0.0,-4617.550000000001,1
0,1,1,0,1,1,0,0,1,0,0,1,0,0,0,1,1,1,1,0,1,0,0,0,1,0,1,1,1,1,1,1,1,0,1,0,1,1,1,0,1,1,0,1,0,1,1,0,0,0,0,1,0,1,0,1,0,1,1,1,0,1,1,1,0,1,1,0,0,0,0,1,0,1,1,0,1,1,1,1,1,1,0,1,0,0,0,1,1,0,1,0,0,0,1,0,0,1,0,0,1,1,1,1,0,0,1,1,0,0,0,0,1,1,1,1,1,0,1,1,1,1,0,0,1,0,1,0,0,0,1,1,0,1,0,0,1,0,0,0,1,0,1,1,1,1,1,0,1,1,0,1,0,0,0,0,0,1,0,1,1,0,0,1,0,1,1,1,0,1,0,0,0,1,1,1,0,0,0,0,0.0,-4617.489999999998,1
1,0,0,0,1,1,0,0,1,0,1,0,0,1,0,1,0,0,1,0,1,0,0,0,1,0,1,1,1,1,0,0,0,0,0,0,1,0,1,1,1,1,1,0,0,1,0,1,0,0,0,0,0,1,0,1,0,0,0,1,1,1,1,0,0,1,0,0,0,0,1,0,1,0,1,0,1,1,1,0,1,0,0,1,1,0,0,1,1,0,0,0,0,1,0,1,1,1,0,1,1,0,0,0,1,1,0,1,1,1,0,0,1,1,1,0,1,1,0,1,1,1,1,1,1,0,0,0,1,0,0,0,0,0,1,0,1,1,1,0,1,0,1,1,0,1,0,1,1,0,0,1,0,0,0,0,1,0,0,1,1,0,0,1,0,0,1,1,0,0,0,0,0,0,1,1,1,0,0,0,0.0,-4617.38,1
0,1,1,1,0,1,0,0,1,0,1,0,0,1,1,0,1,0,0,1,1,1,0,1,0,0,1,0,0,1,1,0,1,0,0,1,0,0,1,1,1,0,1,0,1,1,1,1,0,0,0,1,0,0,1,1,1,0,1,0,0,1,0,0,1,1,0,1,0,0,0,0,1,0,0,0,1,1,1,0,0,0,0,1,0,0,0,0,1,1,0,0,1,1,1,0,1,1,1,1,1,0,1,0,0,1,1,0,1,0,1,0,1,0,0,0,0,0,0,1,1,0,1,1,0,1,0,0,1,1,1,0,0,1,1,1,0,0,0,1,1,0,1,0,0,0,0,1,0,0,1,1,1,1,1,0,1,1,1,0,1,1,0,1,1,0,0,1,1,0,1,1,0,1,0,0,1,1,1,0,0.0,-4617.330000000003,1
0,0,1,1,0,1,1,1,0,1,1,0,1,1,1,0,1,1,0,1,0,1,1,0,0,1,1,0,0,0,1,0,0,0,0,1,0,1,0,1,0,0,0,0,1,0,1,1,1,0,1,1,1,1,1,0,1,1,1,0,1,0,0,1,1,1,0,1,0,1,0,1,1,1,0,1,0,0,0,0,0,1,1,0,1,1,0,1,0,0,0,0,1,1,1,0,0,1,1,0,0,0,1,0,0,1,1,0,0,0,1,0,0,0,1,1,0,0,0,0,0,0,0,1,0,1,1,1,1,1,1,1,1,1,0,1,0,0,0,1,0,1,0,1,1,0,1,0,0,0,0,0,1,1,1,1,1,1,1,0,1,1,1,0,1,0,0,1,0,1,1,1,1,1,1,0,0,1,1,1,0.0,-4616.91,1
0,1,1,1,1,0,0,0,1,0,0,1,0,1,0,1,1,0,1,0,1,0,0,0,1,1,1,1,1,1,0,1,0,0,1,0,1,1,1,0,0,1,1,1,0,1,1,0,0,1,0,1,0,1,0,1,1,0,1,0,0,1,1,0,0,0,1,1,1,0,0,0,0,0,0,1,1,1,1,0,1,0,1,0,1,1,1,1,1,0,0,1,0,0,1,0,0,1,1,1,1,1,1,1,0,1,1,1,1,0,1,0,1,1,1,0,1,0,1,1,0,0,1,1,1,0,0,0,0,1,1,1,0,1,1,0,1,0,0,0,1,0,1,1,0,1,0,1,0,0,0,1,0,1,1,0,0,1,0,0,1,0,0,0,0,1,0,1,0,0,0,0,0,1,1,0,1,0,1,1,0.0,-4616.829999999998,1
0,0,0,1,1,0,0,1,0,1,0,1,1,1,1,1,0,1,1,0,1,0,0,1,1,0,1,0,1,0,0,1,1,0,1,0,0,1,1,0,1,1,1,1,0,1,0,1,0,0,0,0,0,0,0,1,1,0,0,0,1,1,1,0,0,0,1,1,1,0,1,0,0,1,0,0,0,0,1,1,0,1,0,1,0,1,0,0,1,1,1,1,0,0,0,1,1,1,0,1,0,0,0,1,1,1,0,1,1,1,1,0,0,1,0,0,1,1,0,1,0,1,1,1,1,0,0,1,1,1,0,1,1,0,1,0,1,1,1,0,0,1,0,0,0,1,0,1,1,0,1,0,0,0,1,1,1,0,0,0,1,0,1,1,0,0,0,1,1,1,0,0,1,0,0,1,1,0,1,0,0.0,-4616.8099999999995,1
0,0,1,1,0,0,0,1,0,1,0,1,1,0,1,0,0,0,0,1,1,1,0,1,0,0,1,1,0,0,0,0,1,0,0,1,1,1,0,0,0,0,1,1,1,1,1,0,0,1,0,1,1,0,1,1,1,0,1,0,1,1,0,0,1,0,1,1,1,0,0,0,0,1,0,0,0,0,1,1,1,1,0,1,0,0,1,0,0,0,0,1,1,0,1,1,1,1,0,1,0,1,0,1,0,1,1,0,1,0,1,0,0,0,0,0,0,1,1,1,1,1,1,0,1,1,0,1,0,1,1,1,1,1,1,1,0,0,0,1,0,1,0,0,0,0,0,1,0,0,0,0,1,1,1,1,0,0,1,0,1,1,1,1,1,1,0,1,1,1,1,1,1,1,0,0,1,1,1,1,0.0,-4616.710000000001,1
1,0,0,1,1,1,0,0,1,0,0,0,0,0,0,1,0,0,1,0,1,0,0,1,1,1,1,1,1,1,0,1,0,0,1,0,1,1,1,0,1,1,1,1,0,0,1,0,1,0,0,0,0,0,0,1,1,0,0,0,1,0,1,0,0,1,1,0,0,0,1,0,0,0,0,1,1,1,0,0,1,0,1,0,1,0,0,0,1,0,1,0,0,0,0,0,1,0,1,1,1,1,1,1,1,1,0,1,1,1,1,1,1,1,0,0,1,1,1,1,1,0,1,0,1,0,0,0,0,1,0,1,0,0,1,0,1,1,1,0,1,0,1,0,0,1,1,1,1,0,0,1,0,0,1,0,0,1,0,1,0,0,0,1,0,1,0,0,1,0,0,0,0,0,0,1,1,0,0,0,0.0,-4616.509999999999,1
0,1,1,1,1,1,1,0,1,0,1,0,0,0,1,1,1,1,1,0,0,0,1,0,1,1,1,0,1,1,0,1,0,0,1,0,0,0,1,1,0,1,0,0,0,0,0,0,1,0,1,1,0,1,0,0,1,1,1,0,0,0,1,1,0,1,0,1,0,1,0,1,1,0,0,1,1,1,0,0,0,0,1,0,1,1,0,1,1,1,0,1,0,1,1,1,0,0,1,0,1,1,0,0,0,0,1,1,0,1,1,0,1,1,1,1,1,0,1,0,0,0,0,0,0,0,1,0,0,1,1,0,0,1,0,0,1,0,0,0,1,0,1,1,1,1,0,0,0,1,1,1,0,1,1,0,0,0,0,0,1,0,0,0,0,1,0,0,0,0,0,0,0,1,1,0,0,0,0,1,0.0,-4615.839999999999,1
1,0,0,0,0,0,1,1,0,1,1,0,1,1,0,0,1,1,0,1,0,1,1,1,0,1,1,0,0,0,1,0,0,0,0,1,0,0,0,1,1,0,0,0,1,0,1,1,1,0,1,0,1,1,1,0,0,1,1,1,1,0,0,1,1,0,1,0,1,1,0,1,1,1,1,1,0,0,0,0,0,1,1,0,1,1,0,1,0,1,1,1,1,1,0,0,1,1,1,0,0,0,1,0,1,1,0,0,0,0,0,1,0,0,0,1,0,1,0,0,0,0,0,1,0,1,1,1,1,0,1,0,1,0,0,1,0,1,1,0,0,0,0,1,1,0,0,0,1,0,1,0,1,0,0,1,1,1,1,1,0,1,1,1,1,0,1,1,0,1,0,1,1,1,0,1,0,1,0,0,0.0,-4615.79,1
0,0,1,1,0,1,0,1,0,1,1,1,1,1,1,0,1,0,0,1,1,1,0,0,0,1,1,1,0,0,0,0,1,0,0,1,0,0,0,1,0,0,1,0,1,1,0,0,0,0,0,1,1,0,1,1,1,0,1,0,1,1,0,0,1,1,0,1,0,0,0,0,1,1,0,1,0,0,1,0,1,1,1,0,0,1,0,0,0,0,0,0,1,1,1,0,0,0,1,1,0,1,1,0,0,1,1,0,1,0,1,0,0,0,1,0,0,0,1,1,0,0,1,1,1,1,0,1,0,1,1,0,1,1,1,1,0,0,0,1,0,0,0,0,0,0,1,1,0,0,0,0,1,1,1,1,0,1,1,0,1,1,1,0,1,1,0,0,1,1,1,1,1,1,1,0,1,1,1,1,0.0,-4615.740000000001,1
1,1,0,0,1,1,0,0,1,0,1,1,0,1,0,1,0,0,1,0,1,0,0,0,1,1,1,1,1,1,1,1,0,0,1,0,1,0,1,1,1,1,1,0,0,1,0,1,0,0,0,0,0,0,0,1,0,0,0,1,0,1,1,0,0,1,1,0,0,0,1,0,1,0,1,1,1,1,1,0,1,0,1,0,1,1,0,0,1,0,1,1,0,1,0,0,1,0,1,1,1,0,1,0,1,1,0,1,1,1,0,1,1,1,1,0,1,0,0,1,0,0,1,1,0,0,0,0,1,0,0,0,0,0,1,0,1,1,1,0,1,0,1,0,0,1,0,1,1,0,0,1,0,0,0,0,1,1,0,1,0,0,0,1,0,0,1,0,1,0,0,0,0,0,1,1,1,0,0,0,0.0,-4615.71,1
0,1,1,0,1,1,0,0,1,0,1,1,0,0,0,1,1,0,1,0,1,0,0,1,1,1,0,1,1,1,0,1,1,1,1,0,1,0,1,1,0,1,0,0,0,1,1,0,0,0,0,1,0,0,0,1,0,0,0,1,0,1,1,1,0,1,0,0,0,0,1,1,1,0,1,1,1,1,1,0,1,0,1,0,0,0,0,1,1,0,0,0,0,1,1,1,0,0,1,0,0,1,0,0,0,1,1,1,0,0,0,1,1,1,0,0,1,0,1,1,1,0,0,0,1,0,1,0,0,0,0,0,0,1,0,0,1,0,0,0,1,0,1,1,1,1,0,0,0,0,0,1,0,1,0,0,0,0,0,1,0,0,0,1,0,1,1,0,0,0,0,0,1,0,0,0,0,0,0,1,0.0,-4615.569999999998,1
0,1,1,0,1,0,0,0,1,0,0,0,0,0,0,1,0,0,1,0,1,0,0,1,1,1,1,1,1,1,1,1,1,0,1,0,1,1,1,0,0,1,1,1,0,1,0,0,0,0,0,1,0,0,0,1,0,0,1,1,0,1,1,0,0,0,1,0,1,0,1,0,0,0,1,1,1,1,0,0,1,0,1,0,0,1,0,0,1,0,1,1,0,0,1,1,0,1,1,1,1,1,0,1,0,1,1,1,1,0,0,0,1,1,0,0,1,0,1,1,0,0,1,0,1,0,0,0,0,0,0,1,0,1,1,0,1,0,0,0,1,0,1,0,0,1,0,1,0,0,0,1,0,1,0,1,0,0,0,1,1,0,0,1,0,1,1,1,1,0,0,0,0,1,0,0,1,0,0,1,0.0,-4615.519999999999,1
1,1,1,1,0,1,1,0,1,0,1,0,0,0,1,0,1,1,0,1,0,1,1,1,0,0,1,0,0,1,1,0,0,0,0,1,0,0,1,1,0,0,1,0,1,1,1,0,0,0,1,1,0,1,1,0,1,1,1,0,0,1,0,0,1,1,0,1,0,1,0,0,1,1,0,0,1,1,0,0,0,1,0,1,1,1,0,1,0,1,0,1,1,1,1,1,0,1,1,1,1,1,0,0,0,1,1,0,1,0,1,0,1,0,0,1,0,0,1,0,0,0,1,0,0,1,0,0,0,1,1,0,1,1,1,1,0,0,0,1,1,0,1,1,0,0,0,1,0,0,1,1,1,1,1,0,0,0,1,0,1,1,0,0,1,1,0,1,0,1,1,1,0,1,0,0,1,1,1,1,0.0,-4615.34,1
0,1,0,0,1,0,1,1,0,1,1,0,1,1,0,1,0,1,1,0,0,0,1,0,1,1,1,1,1,0,1,1,0,0,1,0,1,0,0,1,1,1,1,0,0,0,1,1,1,0,1,0,1,1,0,0,0,1,0,1,0,0,1,0,0,0,0,0,1,1,1,0,1,0,1,1,0,0,0,0,1,0,1,0,1,1,0,0,0,0,0,1,0,1,0,0,0,1,1,1,0,0,1,0,1,1,0,1,1,1,0,1,0,1,1,1,1,1,0,0,0,0,1,1,0,0,0,1,1,0,0,0,0,0,1,0,1,1,1,0,0,0,0,0,0,1,1,1,1,0,0,0,0,0,0,1,1,1,0,1,0,0,1,1,0,0,1,1,0,0,0,0,1,0,1,1,1,0,0,0,0.0,-4615.31,1
0,0,1,1,0,1,1,0,1,0,0,0,0,1,1,0,1,1,0,1,0,1,1,1,0,1,1,0,0,1,1,0,0,0,0,0,0,0,1,0,0,0,0,1,1,0,1,0,1,1,1,1,0,0,1,0,1,1,1,0,1,0,0,1,1,1,1,1,0,1,0,1,0,1,0,1,1,1,0,1,0,1,1,0,1,0,1,0,0,1,0,0,1,0,1,1,0,0,0,0,1,1,0,1,0,0,1,0,0,0,1,0,1,0,0,1,0,0,1,0,1,1,0,1,1,1,1,0,0,1,1,0,1,1,0,1,0,0,0,1,1,1,1,0,1,0,0,0,0,1,1,0,1,1,1,0,0,0,1,0,1,1,0,1,1,1,0,0,1,1,1,1,0,1,0,0,0,1,1,1,0.0,-4615.26,1
1,0,0,0,1,0,0,1,0,1,0,1,1,0,0,0,0,0,0,0,1,1,0,1,0,1,0,1,1,0,0,1,1,1,0,1,1,1,0,0,1,0,0,1,1,1,0,0,0,1,0,0,1,0,1,1,0,0,0,1,1,1,1,1,0,0,1,0,1,0,1,1,0,1,1,1,0,0,1,0,1,1,1,0,0,1,1,0,0,0,1,1,1,0,0,1,1,0,1,0,0,1,0,1,1,0,0,0,0,1,0,0,0,0,0,0,0,1,1,1,0,0,0,0,1,1,1,1,0,0,0,1,1,0,0,0,0,1,1,0,0,1,0,0,1,0,0,0,1,1,0,0,1,0,0,1,0,0,1,1,1,0,1,1,1,1,1,0,1,1,0,1,1,0,0,1,0,1,0,0,0.0,-4615.08,1
0,0,1,1,1,1,1,0,1,0,0,1,0,1,1,1,1,1,1,0,0,0,1,0,1,0,0,1,1,1,1,1,0,1,1,0,1,1,1,0,0,1,0,1,0,0,1,1,1,1,1,1,0,0,0,0,1,1,1,0,1,0,1,1,0,1,1,1,0,1,0,1,0,1,0,0,1,1,0,0,1,1,0,1,1,0,1,0,1,1,0,0,0,0,1,1,1,1,1,0,1,0,0,1,0,1,1,1,0,0,1,0,1,1,1,1,1,0,0,0,1,0,0,1,0,0,1,0,1,1,1,1,0,0,0,0,1,0,0,0,1,0,1,0,1,1,0,0,0,0,1,1,0,1,1,0,1,0,0,0,1,0,0,0,0,0,0,1,1,1,0,0,0,1,1,0,0,0,1,1,0.0,-4615.04,1
0,1,0,0,1,0,1,1,0,1,0,0,1,0,0,1,0,1,1,0,0,0,1,1,1,0,0,0,1,0,1,1,0,1,1,0,0,1,0,0,1,1,1,1,0,0,0,1,1,1,1,0,1,0,0,0,0,1,0,1,0,0,1,0,0,0,0,0,1,1,1,0,0,1,1,0,0,0,0,0,0,1,0,1,1,0,1,0,1,1,0,0,0,0,0,0,1,1,1,1,0,0,1,1,1,1,0,1,1,1,0,1,0,1,0,1,1,1,0,0,1,0,1,0,1,0,0,1,1,0,0,1,0,0,1,0,1,1,1,0,0,0,0,0,0,1,1,1,1,0,1,1,0,0,0,1,1,1,0,1,0,0,1,1,0,1,1,1,1,1,0,0,1,0,0,1,1,0,0,0,0.0,-4614.930000000001,1
1,0,0,1,1,0,0,0,1,0,1,1,0,0,1,1,1,0,1,0,1,0,0,1,1,1,1,0,1,1,0,1,0,0,1,0,0,0,1,1,1,1,1,0,0,1,0,0,0,0,0,0,0,0,0,1,1,0,0,0,1,1,1,0,0,0,1,1,1,0,1,0,1,0,0,1,1,1,1,1,0,0,1,0,1,1,0,0,1,1,0,1,0,1,0,1,1,0,0,1,1,1,0,0,1,1,0,1,1,1,1,0,1,1,0,0,1,1,1,1,0,1,1,0,0,0,0,0,0,1,0,0,0,0,1,0,1,1,1,0,1,1,1,0,0,1,0,1,1,0,1,1,0,0,1,0,0,0,0,0,1,0,0,1,0,0,0,0,1,0,0,0,0,0,0,1,1,0,1,0,0.0,-4614.86,1
0,1,0,0,1,1,0,1,0,1,1,1,1,0,0,1,0,0,1,0,1,0,0,1,1,0,1,1,1,0,1,1,0,0,1,0,1,0,0,1,1,1,0,0,0,1,0,1,0,0,0,0,1,0,0,1,0,0,0,1,0,1,1,1,0,1,0,0,0,0,1,1,1,1,1,0,0,0,1,1,1,1,0,1,1,0,0,0,1,0,1,0,0,1,0,1,1,1,0,0,0,0,0,0,1,1,0,1,0,0,0,0,0,1,0,0,1,1,0,1,1,1,0,0,1,0,1,1,1,0,0,0,0,0,0,0,1,1,1,0,0,1,0,1,1,1,1,0,1,0,0,1,0,0,0,1,1,0,0,1,1,0,1,1,0,0,1,1,1,1,0,0,1,0,0,1,0,0,0,0,0.0,-4614.790000000001,1
0,1,1,1,0,0,0,0,1,0,1,0,0,1,1,0,1,0,0,1,1,1,0,1,0,0,1,1,0,1,1,0,0,0,0,1,1,0,1,1,0,0,1,0,1,1,1,1,0,0,0,1,0,1,1,1,1,0,1,0,0,1,0,0,1,0,0,1,1,0,0,0,1,0,0,0,1,1,1,1,1,0,0,1,1,0,0,0,0,1,1,0,1,1,1,1,0,1,0,1,1,0,0,0,0,1,1,0,1,0,1,0,1,0,0,0,0,0,0,1,1,1,1,1,1,1,0,0,1,1,1,0,1,1,1,1,0,0,0,1,1,1,1,0,0,0,0,1,0,0,0,0,1,1,1,0,1,0,1,0,1,1,0,0,1,0,0,1,1,0,1,1,0,1,0,0,1,1,1,1,0.0,-4614.690000000001,1
1,1,0,0,0,0,1,1,0,1,1,0,1,0,0,1,1,1,1,1,0,0,1,0,1,1,0,0,0,0,0,0,0,1,1,0,0,0,0,1,1,1,1,0,0,0,1,0,1,1,1,0,1,1,0,0,0,1,1,1,0,0,1,0,1,0,0,0,1,1,0,0,1,1,1,1,0,0,0,0,0,0,1,0,1,1,1,1,1,1,1,1,0,1,0,1,1,0,1,1,0,1,0,0,1,1,0,1,1,1,0,0,0,1,1,1,1,1,1,0,0,0,1,0,0,0,0,1,0,0,1,0,0,0,1,0,1,1,1,0,0,1,0,1,0,1,0,1,1,0,1,1,0,0,0,1,0,0,0,1,1,1,1,1,0,1,1,0,0,0,0,0,1,1,1,1,1,0,0,0,0.0,-4614.689999999998,1
0,1,1,0,0,1,0,0,1,0,0,0,0,1,0,1,1,0,1,1,1,0,0,0,1,0,0,0,0,1,0,0,0,1,1,0,0,1,1,0,0,1,0,1,0,0,1,1,1,1,0,1,0,1,0,1,0,0,1,1,0,0,1,1,1,1,1,0,0,0,0,1,0,1,1,0,1,1,0,0,0,1,0,1,1,0,1,1,1,0,1,0,0,0,1,0,0,1,1,0,1,0,1,1,0,0,1,1,0,0,0,0,1,1,1,0,1,0,0,1,1,0,0,1,0,0,1,0,1,0,1,1,0,1,0,0,1,0,0,0,1,0,1,1,1,1,1,0,0,1,0,1,0,1,0,0,1,1,0,1,1,1,0,1,0,0,1,1,0,1,0,0,0,1,1,0,0,0,0,1,0.0,-4614.61,1
1,1,0,1,1,0,0,0,1,0,1,1,0,0,1,1,0,0,1,0,1,0,0,0,1,1,1,1,1,1,0,1,1,0,1,0,1,0,0,1,1,1,1,0,0,1,0,0,0,1,0,0,0,1,0,1,1,0,0,0,0,1,1,0,0,0,1,1,1,0,1,0,1,0,0,1,1,1,1,0,1,0,1,0,0,0,1,1,1,0,0,0,0,1,0,1,1,0,1,1,0,1,0,0,1,1,0,1,1,1,1,1,1,1,1,0,1,1,1,1,1,0,1,0,1,0,0,0,0,1,0,0,0,0,1,0,1,1,1,0,1,0,1,1,0,1,1,1,1,0,1,1,0,0,1,0,0,0,0,0,0,0,0,0,0,1,0,0,0,0,0,0,1,0,1,1,1,0,1,0,0.0,-4614.599999999999,1
1,1,1,1,0,1,0,0,1,0,1,0,0,1,1,0,1,0,0,1,1,1,0,1,0,0,1,0,0,1,0,0,1,0,0,1,0,0,1,1,0,0,0,0,1,1,0,1,0,0,0,1,0,0,1,1,1,0,1,0,0,1,0,1,1,1,0,1,0,0,0,1,1,0,0,0,1,1,1,1,0,0,0,1,0,0,0,0,1,1,0,0,1,1,1,0,0,1,0,0,1,0,1,0,0,0,1,1,1,0,1,0,1,0,0,0,0,0,0,1,1,1,0,1,0,1,1,0,1,1,1,0,0,1,0,1,0,0,0,1,1,1,1,0,1,0,0,0,0,1,1,1,1,1,1,0,1,1,1,0,1,1,0,1,1,0,0,1,1,0,1,1,0,1,0,0,0,1,1,1,0.0,-4614.350000000002,1
1,1,0,0,0,0,0,1,0,1,1,1,1,1,0,0,0,0,0,1,1,1,0,0,0,0,1,0,0,0,0,0,1,0,0,1,0,0,0,1,0,0,0,0,1,1,1,0,0,0,0,0,1,1,1,1,0,0,0,1,0,1,0,1,1,0,0,0,1,0,1,1,1,1,1,0,0,0,1,0,0,1,0,1,0,1,0,1,0,0,0,1,1,1,0,0,1,0,1,0,0,1,1,0,1,0,0,0,0,1,0,1,0,0,1,0,0,1,1,1,0,0,0,1,0,1,1,1,0,0,0,0,1,0,0,1,0,1,1,1,0,0,0,1,1,0,1,0,0,1,0,1,1,1,0,1,0,1,1,1,0,1,1,1,1,1,1,0,0,1,1,1,1,0,1,0,0,1,0,1,0.0,-4614.310000000001,1
1,1,1,1,1,1,0,0,1,0,1,0,0,0,1,0,1,0,0,0,1,0,0,0,0,1,1,1,1,1,0,1,0,0,0,1,1,0,1,1,0,1,1,0,1,1,1,0,0,1,0,1,0,1,1,1,1,0,1,0,1,1,0,0,0,1,0,1,0,0,0,0,1,0,0,1,1,1,1,1,1,0,1,0,1,0,1,1,0,0,0,0,1,1,1,0,0,0,1,1,1,1,1,0,0,1,1,1,1,0,1,0,1,0,1,0,0,0,1,1,1,0,1,0,0,1,0,0,0,1,1,0,1,1,1,1,0,0,0,1,1,1,1,1,0,0,1,1,0,0,0,0,1,1,1,0,0,1,0,0,1,0,0,0,1,1,0,0,0,0,1,1,0,1,1,0,1,1,1,1,0.0,-4614.269999999998,1
1,0,0,1,1,1,0,0,1,0,1,1,0,1,1,1,0,0,1,0,1,0,0,0,1,0,1,1,1,1,0,1,1,0,1,0,1,0,1,1,1,1,1,0,0,1,0,0,0,1,0,0,0,0,0,1,1,0,0,0,1,1,1,0,0,1,0,1,0,0,1,0,1,0,0,0,1,1,1,1,1,0,0,1,0,0,1,0,0,0,1,0,0,1,0,1,1,1,0,1,1,1,0,0,1,0,0,1,1,1,1,0,1,1,1,0,1,1,1,1,1,1,1,1,1,0,0,0,0,1,0,0,0,0,1,0,1,1,1,1,1,1,1,0,0,1,0,1,1,1,0,1,0,0,1,1,0,0,0,0,1,0,0,1,0,1,0,1,1,0,1,0,0,0,1,1,1,0,1,0,0.0,-4614.24,1
1,0,0,1,1,0,0,1,0,1,1,0,1,0,1,1,0,0,1,0,1,0,0,0,1,1,1,1,1,0,0,1,1,0,1,0,1,0,0,1,1,1,1,0,0,1,0,0,0,0,0,0,1,1,0,1,1,0,0,0,1,1,1,0,0,0,0,1,1,0,1,0,1,1,0,1,0,0,1,0,1,1,1,1,0,1,0,1,1,0,0,1,0,1,0,0,1,0,1,1,0,1,1,0,1,1,1,1,1,0,1,1,0,1,1,0,1,1,1,1,0,0,1,0,1,0,0,1,0,1,0,0,1,0,1,0,1,1,1,0,0,0,0,1,0,1,1,1,1,0,1,0,0,0,1,1,0,1,0,0,0,0,1,1,0,1,0,0,0,1,0,0,1,0,1,1,1,0,1,0,0.0,-4614.119999999999,1
1,0,1,1,0,1,0,1,0,1,1,1,1,0,1,0,1,0,0,1,1,1,0,1,0,1,1,0,0,0,0,0,1,0,0,1,0,0,0,1,1,0,1,0,1,1,0,1,0,0,0,1,1,0,1,1,1,0,1,0,1,1,0,0,1,1,0,1,0,0,0,0,1,1,0,1,0,0,1,0,0,1,1,0,0,0,0,0,0,1,1,0,1,1,1,1,0,0,1,1,0,0,0,0,0,1,1,0,1,1,1,1,0,0,0,0,0,0,1,1,1,0,1,0,0,1,0,1,1,1,1,0,1,1,1,1,0,0,0,1,0,0,0,0,0,0,1,1,0,0,1,0,1,1,1,1,1,0,1,0,0,1,1,0,1,0,0,0,1,1,1,1,1,1,0,0,1,1,1,0,0.0,-4614.100000000001,1
0,0,0,0,1,0,0,1,0,1,1,1,1,1,0,1,1,0,1,0,1,0,0,1,1,0,1,1,1,0,0,1,1,0,0,0,1,0,0,1,1,1,1,0,0,1,1,0,0,0,0,0,1,0,0,1,0,0,1,1,1,1,1,0,0,0,1,0,1,0,0,0,1,1,1,0,0,0,1,1,1,1,0,1,0,1,0,0,1,1,1,1,0,1,0,0,1,0,0,1,1,1,1,0,1,0,0,1,1,1,0,0,0,1,0,0,1,1,1,1,0,1,1,1,0,0,0,1,0,0,1,0,0,0,1,0,1,1,1,0,0,1,0,0,0,1,0,1,1,1,1,1,0,0,0,1,0,1,0,1,1,0,1,0,0,1,1,0,1,1,0,0,0,1,0,1,1,0,0,0,0.0,-4614.069999999999,1
0,1,1,0,0,1,0,0,1,0,0,1,0,0,1,0,1,0,0,1,1,1,0,1,0,1,1,1,0,1,0,0,1,0,0,1,1,1,1,0,0,0,0,1,1,1,1,0,0,1,0,1,0,0,1,1,0,0,1,1,0,1,0,0,1,1,0,1,0,0,0,0,0,0,1,1,1,1,1,0,1,0,1,0,0,0,1,0,0,0,0,0,1,0,1,1,0,1,1,1,0,1,0,1,0,1,1,0,1,0,0,1,1,0,0,0,0,0,1,1,1,0,1,0,0,1,0,0,0,0,1,1,1,1,1,1,0,0,0,1,1,0,1,0,0,0,1,1,0,0,0,0,1,1,0,0,0,0,1,0,0,1,0,0,1,1,1,1,1,0,1,1,1,1,0,0,1,1,1,1,0.0,-4613.8899999999985,1
0,1,1,1,1,0,0,0,1,0,0,1,0,0,1,1,1,0,1,0,1,0,0,1,1,1,1,1,1,1,0,1,1,0,1,1,1,1,1,0,0,1,1,1,0,1,1,0,0,1,0,1,0,1,0,1,1,0,1,0,0,1,1,0,0,0,0,1,1,0,0,0,0,0,0,1,1,1,1,0,1,1,1,0,0,0,1,1,0,0,0,1,0,0,1,1,0,0,1,1,1,1,0,1,0,1,1,1,1,0,1,1,1,1,0,0,1,0,1,1,1,0,1,0,0,0,0,0,0,1,1,1,0,1,1,0,1,0,0,0,1,0,1,1,0,1,0,1,0,0,0,1,0,1,1,0,0,0,0,0,0,0,0,0,0,1,0,0,0,1,0,0,0,1,0,0,1,0,1,1,0.0,-4613.839999999997,1
1,1,1,0,0,1,1,1,0,1,1,1,1,0,0,0,1,1,0,1,0,1,1,0,0,0,0,0,0,0,0,0,0,1,0,1,0,0,0,1,0,0,0,0,1,0,0,0,1,0,1,1,1,0,1,0,0,1,1,1,0,0,0,1,1,0,0,0,0,1,0,1,1,1,1,0,0,0,0,1,0,1,0,1,1,0,0,0,0,1,0,0,1,1,1,1,1,1,0,0,0,1,0,0,0,0,1,0,0,0,0,0,0,0,1,1,0,0,1,0,1,1,0,0,0,1,1,1,0,0,1,0,1,1,0,1,0,0,0,1,0,1,0,0,1,0,1,1,0,1,1,0,1,1,0,1,0,0,1,1,1,1,1,1,1,1,1,1,1,1,1,1,1,1,1,0,0,1,0,1,0.0,-4613.8099999999995,1
0,0,1,0,1,0,0,1,0,1,1,1,1,1,0,1,1,0,1,0,1,0,0,0,1,0,1,1,1,0,0,1,0,0,1,0,1,0,0,1,1,1,1,0,0,1,1,1,0,0,0,1,1,1,0,1,0,0,1,1,1,1,1,0,0,0,1,0,1,0,0,0,1,1,1,0,0,0,1,0,1,1,0,1,1,1,0,1,1,1,1,1,0,1,1,0,0,0,1,1,0,0,1,0,0,1,1,1,1,0,0,1,0,1,1,0,1,0,0,1,0,0,1,1,0,0,0,1,1,0,1,0,0,1,1,0,1,0,0,0,0,0,0,1,0,1,1,1,1,0,1,1,0,0,0,1,1,1,0,1,0,0,1,1,0,0,1,0,0,1,0,0,1,1,1,1,1,0,0,0,0.0,-4613.7,1
0,1,1,1,0,0,1,0,1,0,0,0,0,1,1,0,1,1,0,1,0,1,1,0,0,1,0,0,0,0,1,0,0,1,0,1,0,1,0,0,0,0,1,1,1,0,1,0,1,1,1,1,1,1,1,0,1,1,1,0,0,0,0,1,1,0,1,1,1,1,0,1,0,0,0,1,1,1,0,0,0,0,1,0,1,1,1,1,0,0,0,1,1,0,1,0,1,0,1,0,1,1,1,1,0,0,1,0,0,0,1,1,0,0,1,1,0,0,1,0,0,0,0,1,0,1,1,0,0,1,1,1,1,1,0,1,0,0,0,1,0,0,1,1,1,0,1,0,0,1,1,0,1,1,1,0,0,1,1,0,0,1,0,0,1,1,0,0,0,0,1,1,0,1,1,0,0,1,1,1,0.0,-4613.689999999998,1
0,0,0,0,1,1,0,0,1,0,0,1,0,0,0,1,1,0,1,0,1,0,0,0,1,0,1,1,1,1,0,1,1,0,1,0,1,1,1,0,0,1,0,1,0,1,0,0,0,1,0,0,0,1,0,1,0,0,1,1,1,1,1,1,0,1,1,0,0,0,0,1,0,0,1,0,1,1,1,1,1,0,0,1,0,0,1,1,1,0,1,0,0,0,0,1,0,0,0,0,1,1,0,1,1,0,0,1,0,0,0,0,1,1,1,0,1,1,1,1,1,1,0,0,1,0,1,0,0,0,1,1,0,0,0,0,1,1,1,0,1,1,1,1,1,1,0,0,0,1,0,1,0,1,0,0,0,0,0,1,1,0,0,1,0,0,1,0,0,0,0,0,0,1,1,0,0,0,0,1,0.0,-4613.629999999999,1
1,0,0,1,0,0,1,0,1,0,1,0,0,0,1,0,0,1,0,1,0,1,1,1,0,1,1,0,0,1,0,0,1,0,0,1,0,0,1,1,1,0,1,0,1,0,0,1,1,0,1,0,0,1,1,0,1,1,0,0,1,0,0,0,1,0,0,1,1,1,1,0,1,0,0,1,1,1,0,0,0,0,1,0,0,1,0,1,0,1,0,1,1,1,0,1,1,1,1,1,1,0,0,0,1,1,0,0,0,1,1,1,1,0,0,0,0,1,0,0,0,0,1,0,0,1,0,0,1,1,0,0,1,0,1,1,0,1,1,1,1,0,1,1,0,0,0,1,1,0,1,0,1,0,1,0,1,0,1,0,0,1,0,1,1,1,0,1,0,0,1,1,0,0,0,1,1,1,1,0,0.0,-4613.58,1
1,1,1,0,0,1,0,0,1,0,1,1,0,0,0,0,1,0,0,1,1,1,0,0,0,0,1,0,0,1,0,0,1,0,0,1,0,0,1,1,0,0,0,0,1,1,1,0,0,0,0,1,0,1,1,1,1,0,1,0,0,1,0,1,1,1,0,0,0,0,0,1,1,0,1,0,1,1,1,0,0,0,0,1,0,0,0,1,0,0,1,0,1,1,1,1,0,1,0,0,1,1,0,0,0,0,1,0,0,0,0,0,1,0,1,0,0,0,1,1,1,1,0,0,1,1,1,0,0,0,1,0,1,1,0,1,0,0,0,1,1,1,1,1,1,0,0,0,0,1,0,0,1,1,0,0,0,0,1,1,1,1,0,1,1,1,1,1,0,0,1,1,0,1,1,0,0,1,0,1,0.0,-4613.5,1
1,1,1,0,1,1,1,0,1,0,0,0,0,0,0,1,0,1,1,0,0,0,1,1,1,0,1,1,1,1,0,1,1,0,0,0,1,1,1,0,0,1,0,1,0,0,0,0,1,1,1,1,0,0,0,0,1,1,0,0,0,0,1,1,0,1,1,0,0,1,1,1,0,0,1,0,1,1,0,1,1,0,0,1,0,0,1,0,1,0,0,0,0,0,1,1,0,1,0,0,1,1,0,1,0,1,1,1,0,0,0,0,1,1,0,1,1,0,1,0,1,1,0,0,1,0,1,0,0,0,0,1,0,1,0,0,1,0,0,0,1,1,1,0,1,1,0,0,0,0,0,1,0,1,0,0,0,0,0,1,1,0,0,0,0,1,1,1,1,0,0,0,0,0,0,0,0,0,0,1,0.0,-4613.319999999999,1
1,1,0,1,0,1,0,1,0,1,1,0,1,0,1,0,1,0,0,1,1,1,0,1,0,1,1,1,0,0,0,0,1,0,0,1,1,0,0,1,1,0,1,0,1,1,1,0,0,0,0,0,1,0,1,1,1,0,1,0,0,1,0,0,1,1,0,1,0,0,0,0,1,1,0,1,0,0,0,0,1,1,1,0,0,0,0,0,0,0,0,0,1,1,0,0,1,1,1,1,0,1,1,0,1,0,0,0,1,1,1,0,0,0,0,0,0,1,1,1,1,0,1,0,1,1,0,1,0,1,1,0,1,0,1,1,0,1,1,1,0,0,0,0,1,0,0,1,1,1,0,0,1,0,1,1,0,1,1,0,1,1,1,1,1,1,0,1,1,1,1,1,1,1,0,1,1,1,1,0,0.0,-4613.270000000002,1
0,1,1,1,1,1,0,1,0,1,1,1,1,0,1,1,1,0,1,0,1,0,0,1,1,0,1,0,1,0,0,1,1,0,1,0,0,0,0,1,0,1,0,0,0,1,1,0,0,1,0,1,1,1,0,1,1,0,1,0,0,1,1,1,0,1,0,1,0,0,0,1,1,1,0,0,0,0,1,0,0,1,0,1,0,0,1,1,1,1,1,0,0,1,1,1,0,1,1,0,1,1,0,0,0,0,0,1,0,0,1,0,0,1,0,0,1,0,1,1,1,0,0,0,1,0,1,1,0,1,1,0,0,1,0,0,1,0,0,0,0,0,0,1,1,1,0,0,0,1,1,1,0,1,1,1,0,0,0,0,1,0,1,0,0,0,0,1,0,1,0,0,0,1,0,0,0,0,1,1,0.0,-4613.239999999999,1
0,0,0,0,1,1,0,1,0,1,1,0,1,1,0,1,0,0,1,0,1,0,0,0,1,1,1,1,1,0,0,1,0,0,1,0,1,0,1,1,1,1,1,0,0,1,0,0,0,0,0,0,1,1,0,1,0,0,0,1,1,1,1,0,0,1,0,0,0,0,1,0,1,0,1,1,0,0,0,0,1,0,1,0,1,0,0,1,1,0,0,0,0,1,0,1,1,0,1,1,0,1,0,0,1,1,0,1,1,1,0,1,0,1,1,0,1,1,1,1,1,0,1,1,1,0,0,1,0,0,0,0,0,0,1,0,1,1,1,0,0,1,0,1,0,1,0,0,1,0,0,0,0,0,0,1,0,0,0,1,0,0,1,1,0,1,1,0,0,0,0,0,1,0,1,1,1,0,0,0,0.0,-4613.209999999997,1
1,1,0,0,0,1,1,0,1,0,1,1,0,1,0,0,0,1,0,1,0,1,1,0,0,0,1,1,0,1,1,0,0,0,0,1,1,0,1,1,1,0,0,0,1,0,0,1,1,0,1,0,0,1,1,0,0,1,0,1,1,0,0,1,1,1,0,0,0,1,1,1,1,0,1,0,1,1,0,0,1,0,0,1,1,0,0,1,0,0,1,0,1,1,0,1,1,1,1,0,1,0,0,0,1,1,0,0,0,1,0,0,1,0,1,1,0,1,0,0,1,0,0,1,0,1,1,0,1,0,0,0,1,0,0,1,0,1,1,1,1,1,1,1,1,0,1,0,1,0,0,0,1,0,0,0,1,0,1,1,1,1,0,0,1,0,1,1,0,0,1,1,0,0,1,1,0,1,0,0,0.0,-4613.19,1
0,0,1,0,1,0,1,0,1,0,1,0,0,0,0,1,1,1,1,0,0,0,1,0,1,1,0,1,1,1,1,1,0,1,1,0,1,0,1,1,0,1,0,0,0,0,1,0,1,1,1,1,0,1,0,0,0,1,1,1,1,0,1,1,0,0,0,0,0,1,0,1,1,0,1,1,1,1,0,0,1,0,1,1,1,1,1,1,1,1,1,0,0,1,1,1,0,0,1,0,1,1,0,0,0,0,1,1,0,0,0,1,1,1,1,1,1,0,1,0,0,0,0,0,1,0,1,0,0,0,1,0,0,1,0,0,1,0,0,0,1,0,1,1,1,1,0,0,0,1,1,1,0,1,0,0,0,0,0,1,0,0,0,0,0,0,1,0,0,0,0,0,0,1,1,0,0,0,0,1,0.0,-4613.159999999997,1
1,0,1,1,0,0,1,1,0,0,0,0,1,1,1,0,0,1,0,1,0,1,1,0,0,1,1,0,0,0,1,0,0,0,0,1,0,0,0,1,0,0,1,0,1,0,0,1,1,1,1,1,1,0,1,0,1,1,0,0,1,0,0,0,1,0,0,1,1,1,1,0,0,0,0,1,0,0,0,0,0,0,1,0,1,1,1,0,0,1,0,1,1,1,1,0,0,0,1,1,1,0,1,0,0,1,1,0,1,0,1,1,0,0,1,1,0,0,0,0,0,0,1,1,0,1,0,0,1,1,0,0,1,1,1,1,0,0,0,1,0,0,1,0,0,0,1,1,0,0,1,0,1,1,1,0,1,1,1,0,0,1,1,0,1,0,0,0,1,0,1,1,0,0,1,0,1,1,1,1,0.0,-4612.969999999999,1
0,0,1,1,0,0,1,1,0,1,1,0,1,1,1,0,1,1,0,1,0,1,1,0,0,1,1,0,0,0,1,0,1,0,0,1,0,1,0,0,0,0,0,1,1,0,0,1,1,1,1,1,1,1,1,0,1,1,1,0,1,0,0,1,1,0,1,1,1,1,0,1,1,1,0,1,0,0,0,1,0,1,1,0,0,1,1,1,0,1,1,1,1,0,1,1,1,0,1,0,0,0,0,1,0,0,1,0,0,0,1,1,0,0,1,1,0,0,0,0,0,0,0,1,0,1,1,1,1,1,1,1,0,1,0,1,0,0,0,1,0,1,0,1,1,0,1,0,0,1,1,1,1,1,1,1,1,0,1,0,0,1,1,0,1,0,0,0,0,1,1,1,1,1,1,0,0,1,1,1,0.0,-4612.889999999999,1
0,1,0,0,0,0,1,1,0,1,1,1,1,0,0,0,0,1,0,1,0,1,1,1,0,0,1,0,0,0,1,0,0,0,0,1,0,0,0,1,1,0,1,0,1,0,0,0,1,1,1,0,1,0,1,0,0,1,0,1,0,0,0,0,1,0,1,0,1,1,1,0,1,0,1,0,0,0,0,1,0,0,0,1,1,1,1,0,0,1,1,1,1,1,0,1,1,1,0,1,0,1,0,0,1,1,0,0,1,1,0,0,0,0,0,1,0,1,1,0,0,1,1,0,0,1,0,1,0,0,0,0,1,0,1,1,0,1,1,1,0,1,1,0,0,0,1,1,1,0,1,1,1,0,0,1,0,0,1,1,1,1,1,1,1,1,1,1,1,0,1,1,1,0,0,1,1,1,1,0,0.0,-4612.849999999999,1
0,1,0,0,0,1,0,0,1,0,1,0,0,1,0,1,0,0,1,1,1,0,0,1,1,0,0,0,0,1,0,0,1,1,1,0,0,0,1,1,1,1,1,0,0,1,0,1,0,0,0,0,0,0,0,1,0,0,0,1,0,1,1,0,1,1,0,0,0,0,1,0,1,1,1,0,1,1,0,0,0,0,0,1,0,0,0,0,1,1,0,0,0,1,0,1,1,1,1,1,1,0,0,0,1,0,0,1,1,1,0,0,1,1,0,0,1,0,0,1,1,0,1,1,1,0,0,0,1,0,0,0,0,0,1,0,1,1,1,0,1,0,1,0,0,1,0,1,1,1,1,1,0,0,0,0,1,0,0,1,1,1,0,1,0,0,1,1,1,0,0,0,0,0,0,1,1,0,0,0,0.0,-4612.750000000001,1
0,1,1,0,0,1,0,0,1,0,0,1,0,1,0,1,1,0,1,1,1,1,0,0,1,0,1,0,0,1,1,0,1,0,1,0,0,1,0,0,0,0,0,1,0,1,0,0,0,1,0,1,0,0,0,1,0,0,1,1,0,1,1,1,1,1,1,0,0,0,0,1,0,1,1,0,1,1,1,1,0,1,0,1,0,0,1,1,1,1,1,0,0,0,1,1,0,1,0,0,1,1,0,1,0,0,1,0,0,0,0,0,1,1,1,0,1,0,1,1,1,1,0,1,0,0,1,0,0,0,1,1,0,1,0,0,1,0,0,0,1,1,1,1,1,1,0,0,0,1,1,1,0,1,0,0,0,0,1,1,1,1,0,1,0,1,1,1,1,1,0,0,0,1,1,0,0,0,0,1,0.0,-4612.549999999998,1
1,0,1,0,1,0,0,0,1,0,0,1,0,0,0,1,1,0,1,0,1,0,0,1,1,1,0,1,1,1,0,1,0,1,1,0,1,1,1,0,0,1,1,1,0,0,1,1,1,0,0,1,0,1,0,1,0,0,1,1,1,0,1,0,0,0,0,0,1,0,0,0,0,1,1,1,1,1,0,0,1,1,1,0,1,1,0,1,1,0,1,1,0,0,1,0,0,0,1,1,1,0,1,1,0,1,0,1,1,0,0,1,1,1,0,0,1,0,0,1,0,0,1,0,0,0,0,0,1,0,1,1,0,1,1,0,1,0,0,0,1,0,1,1,0,1,0,1,0,0,0,1,0,1,0,0,1,1,0,1,0,0,0,0,0,0,1,0,0,1,0,0,0,1,0,0,1,0,0,1,0.0,-4612.419999999998,1
0,1,1,0,0,1,1,0,1,0,0,1,0,1,0,0,1,1,0,1,0,1,1,1,0,1,1,0,0,1,1,0,0,0,0,1,0,0,1,0,1,0,1,1,1,0,1,0,1,1,1,1,0,0,1,0,0,1,1,1,0,0,0,0,1,1,1,0,0,1,0,0,0,1,1,1,1,1,0,0,0,1,1,0,1,0,1,0,0,1,1,0,1,0,1,1,1,0,1,1,1,1,0,1,0,1,1,0,1,0,0,1,1,0,0,1,0,0,1,0,1,0,1,1,0,1,0,0,0,0,1,0,1,1,1,1,0,0,0,1,1,0,1,0,0,0,1,1,1,0,1,0,1,0,0,0,0,0,1,1,0,1,0,0,1,1,1,0,1,1,1,1,0,1,0,1,1,1,0,0,0.0,-4612.309999999999,1
1,1,0,1,0,1,0,1,0,1,0,1,1,0,1,0,0,0,0,1,1,1,0,1,0,1,0,0,0,0,0,0,1,1,0,1,0,1,0,0,1,0,1,1,1,1,0,1,0,1,0,0,1,0,1,1,1,0,0,0,0,1,0,0,1,1,1,1,0,0,1,0,0,0,0,1,0,0,1,0,0,0,1,0,0,1,1,0,0,1,0,1,1,0,0,1,1,1,1,1,1,0,0,1,1,1,0,0,1,1,1,1,0,0,0,0,0,1,0,1,0,0,1,0,1,1,0,1,1,1,0,1,1,0,1,1,0,1,1,1,0,0,0,0,0,0,0,0,1,0,1,0,1,0,1,0,1,0,1,0,0,1,1,1,1,0,0,1,1,0,1,1,0,0,0,1,1,1,1,0,0.0,-4612.2300000000005,1
0,0,1,1,1,0,0,0,1,0,1,0,0,0,1,1,0,0,1,0,1,0,0,0,1,1,1,1,1,1,0,1,1,0,1,0,1,0,1,1,1,1,1,0,0,1,0,0,0,0,0,1,0,1,0,1,1,0,0,0,1,1,1,0,0,0,1,1,1,0,1,0,1,0,0,1,1,1,1,0,1,1,1,0,0,1,0,1,1,0,1,1,0,1,1,0,0,0,1,1,1,1,1,0,0,1,1,1,0,0,1,1,1,1,1,0,1,0,1,1,0,0,1,0,1,0,0,0,0,1,0,0,0,1,1,0,1,0,0,0,1,0,1,1,0,1,1,1,1,0,0,1,0,0,1,0,0,1,0,0,0,0,0,0,0,1,0,0,0,1,0,0,0,0,1,1,1,0,1,0,0.0,-4612.019999999997,1
0,0,1,1,0,0,0,0,1,0,1,1,0,0,0,0,0,0,0,1,1,1,0,1,0,0,1,0,0,1,1,0,0,0,0,1,0,0,1,1,0,0,0,0,1,1,0,0,0,0,0,1,0,0,1,1,1,0,0,0,1,1,0,1,1,0,0,0,1,0,1,1,1,0,0,0,1,1,1,1,0,0,0,1,1,0,0,0,0,1,0,1,1,1,1,1,0,1,0,0,1,1,0,0,0,1,1,0,0,0,1,0,1,0,0,0,0,0,1,1,1,1,0,0,0,1,1,0,0,1,0,0,1,1,0,1,0,0,0,1,1,0,1,0,1,0,1,0,0,0,1,0,1,1,1,0,0,0,1,1,1,1,0,0,1,1,0,1,1,0,1,1,0,0,0,0,0,1,0,1,0.0,-4612.01,1
1,1,1,0,1,0,0,0,1,0,1,1,0,0,0,1,1,0,1,0,1,0,0,0,1,1,1,1,1,1,0,1,0,0,1,0,1,0,1,1,1,1,1,0,0,0,1,0,1,1,0,1,0,1,0,1,0,0,1,1,0,0,1,0,0,0,1,0,1,0,0,0,1,1,1,1,1,1,1,0,1,1,1,0,1,1,1,1,1,0,1,1,0,1,1,0,0,1,1,1,0,1,1,0,0,1,1,1,1,0,0,1,1,1,1,0,1,0,1,1,0,0,1,0,1,0,0,0,0,0,1,0,0,1,1,0,1,0,0,0,1,0,1,1,0,1,1,1,0,0,0,1,0,1,0,0,0,1,0,1,0,0,0,0,0,1,1,1,0,1,0,0,1,1,1,0,1,0,0,0,0.0,-4611.559999999999,1
1,0,0,0,0,0,0,0,1,0,0,1,0,0,0,0,0,0,0,1,1,1,0,0,0,1,1,0,0,1,0,0,0,0,0,1,0,1,1,0,1,0,1,1,1,1,0,0,0,1,0,0,0,1,1,1,0,0,0,1,1,1,0,0,1,0,1,0,1,0,1,0,0,0,1,1,1,1,1,0,0,0,1,0,1,0,1,1,0,1,0,1,1,0,0,1,1,0,1,1,1,1,1,1,1,0,0,0,1,1,0,1,1,0,1,0,0,1,1,1,1,0,1,0,0,1,0,0,0,0,0,1,1,0,1,1,0,1,1,1,1,0,1,1,0,0,1,1,1,1,1,0,1,0,0,1,0,0,1,1,0,1,0,1,1,1,1,0,0,0,1,1,0,0,1,1,1,1,0,0,0.0,-4611.249999999999,1
1,1,1,0,1,0,0,0,1,0,0,0,0,1,0,1,1,0,1,0,1,0,0,1,1,1,1,1,1,1,1,0,1,0,1,0,1,1,1,0,0,1,1,1,0,1,1,0,0,0,0,1,0,0,0,1,0,0,1,1,0,1,1,0,0,0,0,0,1,0,0,0,0,0,1,1,1,1,1,0,1,0,1,0,0,1,0,0,0,0,1,1,0,0,1,0,0,0,1,1,1,1,1,1,0,1,1,1,1,0,0,1,1,1,0,0,1,0,1,1,0,0,1,1,1,0,0,0,0,0,1,1,0,1,1,0,1,0,0,0,1,1,1,0,0,1,0,1,0,0,0,1,0,1,0,1,0,1,0,1,0,0,0,0,0,1,1,0,1,0,0,0,0,1,0,0,1,0,0,1,0.0,-4611.139999999998,1
1,0,0,1,0,1,0,0,1,0,0,1,0,1,1,0,0,0,0,0,1,1,0,0,0,0,1,0,0,1,0,1,1,0,0,1,0,1,1,0,1,0,1,1,1,1,0,0,0,1,0,0,0,1,1,1,1,0,0,0,1,1,0,0,1,1,1,1,0,0,1,0,0,0,0,0,1,1,1,0,0,0,0,1,0,1,1,1,0,1,1,1,1,0,0,1,1,0,1,1,1,1,0,1,1,1,0,0,1,1,1,0,1,0,1,0,0,1,1,1,0,0,1,0,0,1,0,0,0,1,0,1,1,0,1,1,0,1,1,1,1,0,1,1,0,0,1,1,1,0,1,0,1,0,1,0,0,0,1,0,1,1,0,1,1,1,0,0,0,0,1,1,0,0,1,1,1,1,1,0,0.0,-4611.12,1
0,1,1,0,1,0,0,1,0,1,1,1,1,1,0,1,1,0,1,0,1,0,0,0,1,0,1,1,1,0,0,1,0,0,1,0,1,0,0,1,1,1,0,0,0,1,1,1,0,0,0,1,1,0,0,1,0,0,1,1,0,1,1,1,0,0,0,0,1,0,0,1,1,1,1,0,0,0,1,1,1,1,0,1,1,1,0,0,1,0,1,1,0,1,1,0,1,0,0,0,1,0,1,0,0,0,1,1,0,0,0,0,0,1,1,0,1,0,0,1,0,1,0,1,0,0,1,1,1,0,1,0,0,1,0,0,1,0,0,0,0,1,0,0,1,1,0,0,1,1,0,1,0,0,0,1,1,1,0,1,1,0,1,0,0,0,1,0,1,1,0,0,0,1,1,1,0,0,0,0,0.0,-4611.0599999999995,1
1,0,1,1,0,0,0,0,1,0,1,0,0,0,1,0,1,0,0,1,1,1,0,0,0,1,1,0,0,1,0,0,1,0,0,1,0,0,1,1,1,0,1,0,1,1,0,0,0,0,0,1,0,1,1,1,1,0,1,0,1,1,0,0,1,0,1,1,1,0,0,0,1,0,0,1,1,1,1,1,0,0,1,0,0,1,0,1,0,1,0,1,0,1,1,1,1,1,1,1,1,1,0,0,0,1,1,0,1,0,1,1,1,0,1,0,0,0,1,1,0,0,1,0,1,1,0,0,0,1,1,0,1,1,1,1,0,0,0,1,1,1,1,1,0,0,1,1,1,0,1,0,1,0,1,0,0,0,1,0,0,1,0,1,1,1,0,1,0,0,1,1,0,1,1,1,1,1,1,0,0.0,-4610.94,1
0,0,1,0,0,0,1,0,1,0,1,1,0,0,1,1,1,1,1,1,0,0,1,0,1,1,1,0,0,1,0,0,1,0,1,0,0,0,1,1,0,1,0,0,0,0,1,0,1,0,1,1,0,1,0,0,0,1,1,1,1,0,1,1,1,0,0,1,1,1,0,1,1,0,1,1,1,1,0,0,0,0,1,0,0,1,0,1,1,1,1,1,0,1,1,0,1,0,1,0,1,1,1,0,0,0,1,1,0,0,0,0,1,1,1,1,1,0,1,0,0,0,0,0,1,0,1,0,0,0,1,0,0,1,0,0,1,0,0,0,1,1,1,1,1,1,0,0,0,1,1,1,0,1,0,0,0,1,0,0,1,1,0,1,0,1,1,0,0,0,0,0,0,1,1,0,0,0,1,1,0.0,-4610.799999999997,1
1,1,1,1,0,1,0,1,0,1,1,1,1,1,1,0,1,0,0,1,1,0,0,0,1,0,1,0,0,0,1,0,0,0,0,1,0,0,0,1,0,1,0,0,0,1,1,1,0,1,0,1,1,1,0,1,1,0,1,0,0,1,0,1,1,1,0,1,0,0,0,1,1,1,0,0,0,0,1,0,0,1,0,1,1,0,1,1,1,1,0,0,0,1,1,1,0,1,1,0,0,0,0,0,0,0,1,1,0,0,1,0,0,1,1,0,0,0,0,1,1,0,0,1,0,1,1,1,1,1,1,0,0,1,0,1,0,0,0,1,0,0,0,1,1,1,1,0,0,1,1,1,1,1,1,1,1,0,0,0,1,1,1,0,0,0,0,1,0,1,1,1,1,1,1,0,0,0,1,1,0.0,-4610.580000000001,1
1,0,0,1,0,1,1,1,0,1,1,0,1,1,0,0,1,1,0,1,0,1,1,0,0,1,0,0,0,0,0,0,0,1,0,1,0,0,0,1,1,0,1,0,1,0,1,0,1,0,1,0,1,1,1,0,1,1,1,0,1,0,0,0,1,1,0,0,0,1,0,0,1,0,0,1,0,0,0,0,0,0,1,0,1,0,0,1,0,1,0,0,1,1,0,1,1,0,1,1,0,1,0,0,1,1,0,0,1,1,1,1,0,0,1,1,0,1,1,0,1,0,1,1,0,1,0,1,0,1,1,0,1,0,1,1,0,1,1,1,0,0,0,1,0,0,0,1,1,0,1,0,1,0,1,1,0,0,1,1,0,1,1,1,1,1,0,0,0,0,1,1,1,1,1,1,1,1,1,0,0.0,-4610.539999999999,1
1,1,0,1,0,1,0,0,1,0,1,1,0,0,1,0,0,0,0,1,1,1,0,0,0,1,0,0,0,0,1,0,1,1,0,1,0,0,0,1,1,0,1,0,1,1,0,0,0,1,0,0,1,1,1,1,1,0,0,0,0,1,0,0,1,1,0,1,0,0,1,0,1,0,0,1,1,1,1,0,0,0,1,0,0,0,1,1,0,1,0,0,1,1,0,1,0,1,1,1,1,1,0,0,1,1,0,0,1,1,1,1,0,0,1,1,0,1,1,1,1,0,1,0,0,1,0,0,0,1,0,0,0,0,1,1,0,1,1,1,1,0,1,1,0,0,1,1,1,0,1,1,1,0,1,0,0,0,1,0,0,1,0,1,1,1,0,1,0,0,1,1,0,0,1,1,1,1,1,0,0.0,-4610.339999999999,1
0,1,0,0,1,0,0,1,0,1,1,1,1,0,0,1,0,0,0,0,1,0,0,1,1,1,1,1,1,0,1,1,0,0,0,0,1,0,0,1,1,1,1,0,0,1,0,0,0,0,0,0,1,1,0,1,0,0,0,1,0,1,1,0,0,0,0,0,1,0,1,0,1,1,1,1,0,0,1,0,1,1,1,0,1,1,0,0,1,0,0,1,0,1,0,1,1,1,1,1,0,1,0,0,1,0,0,1,1,1,0,1,0,1,0,0,1,1,1,1,0,0,1,0,0,1,0,1,0,0,0,0,0,0,1,0,0,1,1,0,0,0,0,0,0,1,1,1,1,1,0,1,0,0,0,1,0,0,0,1,0,0,1,0,0,1,1,1,0,1,0,0,1,0,0,1,1,0,0,0,0.0,-4610.3099999999995,1
1,1,0,0,1,0,0,1,0,1,1,1,1,1,1,1,0,0,1,1,1,0,0,1,1,1,0,1,1,0,0,0,1,1,1,0,1,0,0,1,1,1,0,0,0,1,0,1,0,0,0,0,1,1,0,1,0,0,0,1,0,1,1,1,0,0,0,1,1,0,1,1,1,1,1,1,0,0,1,0,1,1,1,0,0,0,0,1,1,0,0,1,0,1,0,1,1,0,1,0,0,0,0,0,1,0,0,1,0,0,0,0,0,1,0,0,1,1,0,1,1,0,0,1,0,0,1,1,1,0,0,0,0,0,0,0,1,1,1,0,0,0,0,1,1,1,0,0,1,1,0,1,0,0,0,1,1,0,0,0,1,0,1,1,0,0,1,0,0,1,0,0,1,0,0,1,0,0,1,0,0.0,-4610.27,1
0,1,1,1,0,1,1,0,1,0,1,0,0,1,1,0,1,1,0,1,0,1,1,1,0,1,1,0,0,1,1,0,1,0,0,1,0,0,1,1,0,0,0,0,1,0,0,1,1,1,1,1,0,0,1,0,1,1,1,0,0,0,0,0,1,1,0,1,0,1,0,0,1,0,0,1,1,1,1,0,0,0,1,0,0,1,1,0,0,0,0,1,1,1,1,0,0,0,1,1,1,0,1,0,0,1,1,0,1,0,1,0,1,0,0,1,0,0,0,0,0,0,1,1,0,1,0,0,1,1,1,0,1,1,1,1,0,0,0,1,1,0,1,0,0,0,1,1,0,0,0,0,1,1,1,0,1,1,1,0,1,1,0,0,1,0,0,0,1,0,1,1,0,1,0,0,1,1,1,1,0.0,-4610.250000000001,1
0,1,0,1,1,0,0,1,0,1,0,1,1,1,1,1,0,0,1,0,1,0,0,0,1,0,0,1,1,0,0,1,0,1,1,0,1,1,0,0,1,1,1,1,0,1,1,0,0,1,0,0,1,1,0,1,1,0,0,0,0,1,1,0,0,0,1,1,1,0,1,0,0,1,0,0,0,0,1,1,1,1,0,1,1,1,1,0,0,1,0,1,0,0,0,0,1,0,0,1,0,1,1,1,1,1,0,1,1,1,1,0,0,1,1,0,1,1,1,1,0,1,1,1,0,0,0,1,0,1,0,1,0,0,1,0,1,1,1,0,0,1,0,0,0,1,0,1,1,0,1,1,0,0,1,1,0,1,0,0,1,0,1,1,0,0,0,0,1,1,0,0,1,0,1,1,1,0,1,0,0.0,-4610.169999999998,1
0,0,1,1,0,1,0,0,1,0,1,1,0,0,1,1,1,0,1,1,1,0,0,0,1,0,0,1,1,1,0,0,1,1,1,0,1,1,1,0,0,1,1,1,0,1,0,0,0,1,0,1,0,0,0,1,1,0,1,0,1,1,1,0,0,1,0,1,0,0,0,0,1,0,0,0,1,1,1,1,1,0,0,1,0,0,1,0,1,0,0,0,0,0,1,0,0,1,0,1,1,1,1,0,0,0,1,1,1,0,1,0,1,1,1,0,1,0,1,1,1,1,1,0,1,0,0,0,0,1,1,1,0,1,1,0,1,0,0,0,1,1,1,0,0,1,1,1,0,1,0,1,0,1,1,0,0,1,0,0,1,1,0,1,0,1,0,1,1,0,0,0,0,1,1,0,1,0,1,1,0.0,-4609.969999999999,1
0,0,0,1,0,0,0,0,1,0,1,0,0,1,1,0,0,0,0,1,1,1,0,1,0,0,1,1,0,1,1,0,1,0,0,1,1,0,1,1,1,0,0,0,1,1,0,1,0,0,0,0,0,0,1,1,1,0,0,0,1,1,0,1,1,0,1,1,1,0,1,1,1,0,0,0,1,1,0,0,1,0,0,1,0,1,0,0,0,0,0,1,1,1,0,1,0,1,1,0,1,0,0,0,1,0,0,0,0,0,1,0,1,0,0,0,0,1,0,1,0,0,0,1,0,1,1,0,1,1,0,0,1,0,0,1,0,1,1,1,1,0,1,0,1,0,1,0,1,1,0,0,1,0,1,1,1,0,1,0,1,1,0,1,1,0,0,1,1,0,1,1,0,0,0,1,0,1,1,0,0.0,-4609.940000000002,1
0,1,1,1,1,1,1,0,1,0,0,0,0,0,1,1,1,1,1,0,0,0,1,0,1,1,0,1,1,1,1,1,0,1,1,0,1,1,1,0,0,1,1,1,0,0,0,0,1,0,1,1,0,1,0,0,1,1,0,0,0,0,1,0,0,1,0,1,0,1,1,0,0,0,0,1,1,1,0,0,1,0,1,0,1,0,0,1,1,0,0,0,0,0,1,1,0,0,1,1,1,1,0,1,0,1,1,1,1,0,1,1,1,1,1,1,1,0,1,1,1,0,1,0,1,0,0,0,0,1,0,1,0,1,1,0,1,0,0,0,1,1,1,1,0,1,1,1,0,0,0,1,0,1,1,0,0,0,0,0,0,0,0,1,0,1,0,0,0,0,0,0,0,0,1,0,1,0,1,1,0.0,-4609.649999999998,1
1,1,0,0,0,1,0,0,1,0,1,1,0,0,0,0,0,0,0,1,1,1,0,1,0,1,1,0,0,1,1,0,1,0,0,1,0,0,1,1,1,0,1,0,1,1,0,0,0,1,0,0,0,1,1,1,0,0,0,1,0,1,0,0,1,1,1,0,0,0,1,0,1,0,0,1,1,1,1,0,0,0,1,0,0,1,1,1,0,1,1,0,1,1,0,0,1,0,1,1,0,1,1,0,1,0,0,0,1,1,0,1,1,0,0,0,0,1,1,1,0,0,1,0,0,1,0,0,0,0,0,0,1,0,1,1,0,1,1,1,1,0,1,1,0,0,1,1,1,1,1,0,1,0,0,0,0,1,1,1,0,1,0,1,1,1,1,0,0,0,1,1,1,0,0,1,1,1,0,0,0.0,-4609.469999999999,1
1,0,0,1,0,1,1,0,1,0,0,1,0,0,1,0,0,1,0,1,0,1,1,0,0,0,1,0,0,1,1,0,0,0,0,1,0,0,1,0,1,0,0,1,1,0,0,1,1,0,1,0,0,1,1,0,1,1,0,0,1,0,0,1,1,1,1,1,0,1,1,1,0,0,0,0,1,1,0,0,0,0,0,1,1,0,0,1,0,1,0,0,1,0,0,0,1,0,1,0,1,0,1,1,1,0,0,0,0,1,1,0,1,0,1,1,1,1,0,0,1,0,0,0,0,1,1,0,1,1,0,0,1,0,0,1,0,1,1,1,1,0,1,1,1,0,0,0,1,1,1,0,0,0,1,0,1,1,1,0,1,1,0,1,1,0,0,0,0,0,1,1,0,0,1,1,0,1,1,0,0.0,-4609.460000000001,1
0,1,0,0,1,0,0,0,1,0,0,1,0,0,0,1,0,1,1,0,1,0,0,0,1,0,1,1,1,1,0,1,1,0,1,0,1,1,1,0,1,1,1,1,0,1,0,0,0,1,0,0,0,1,0,1,0,0,0,1,0,1,1,0,0,0,1,0,1,0,1,0,0,0,1,0,1,1,1,1,1,1,0,1,0,1,1,1,1,0,1,1,0,0,0,1,1,1,0,1,1,1,0,1,1,1,1,1,1,1,0,0,1,1,1,0,1,1,1,1,0,1,1,0,0,0,0,0,0,0,0,1,0,0,1,0,1,1,1,0,1,1,1,1,0,1,0,1,1,0,0,1,0,0,0,0,0,0,0,1,1,0,0,1,0,1,1,1,0,1,0,0,0,0,1,1,1,0,0,0,0.0,-4609.449999999999,1
0,0,0,0,1,1,1,0,1,0,0,1,0,1,0,1,1,1,1,0,0,0,1,1,1,1,1,1,1,1,1,1,0,0,1,0,1,1,1,0,1,1,0,1,0,0,0,1,1,1,1,0,0,0,0,0,0,1,0,1,1,0,1,1,0,1,1,0,0,1,1,1,0,0,1,1,1,1,1,0,1,0,1,0,1,0,1,0,0,0,0,0,0,0,0,0,1,1,1,0,1,0,1,1,1,1,0,1,0,0,0,0,1,1,0,1,1,1,0,0,1,0,0,1,0,0,1,0,1,0,0,1,0,0,0,0,1,1,1,0,1,0,1,0,1,1,0,0,1,0,0,1,0,0,0,0,1,1,0,1,1,0,0,0,0,0,1,1,1,0,0,0,0,0,0,1,0,0,0,0,0.0,-4609.24,1
1,1,1,0,1,1,0,0,1,0,1,1,0,0,0,1,1,0,1,0,1,0,0,1,1,1,1,0,1,1,0,1,1,0,1,0,0,0,0,1,0,1,0,0,0,1,1,0,0,0,0,1,0,0,0,1,0,0,0,1,0,1,1,1,0,1,0,0,0,0,0,1,1,0,1,1,1,1,1,0,0,0,1,0,0,1,0,0,1,1,0,0,0,1,1,1,0,0,1,0,1,1,0,0,0,0,1,1,0,0,0,1,1,1,0,0,1,0,1,1,0,0,0,0,0,0,1,0,0,0,1,0,0,1,0,0,1,0,0,0,1,0,1,0,1,1,0,0,0,1,1,1,0,1,0,1,0,0,0,1,0,0,0,1,0,1,1,0,1,0,0,0,0,0,0,0,0,0,0,1,0.0,-4609.219999999998,1
0,1,1,0,1,1,0,1,0,1,1,1,1,1,0,1,1,1,1,0,1,0,0,0,1,1,1,1,1,0,1,1,0,0,1,0,1,0,0,1,0,1,0,0,0,0,1,1,1,0,0,1,1,1,0,1,0,1,1,1,0,0,1,1,0,1,1,0,0,0,0,1,1,1,1,1,0,0,1,0,1,1,1,0,1,0,0,1,0,0,1,0,0,1,1,0,0,1,1,0,0,0,1,0,0,0,1,1,0,0,0,0,0,1,1,1,1,0,0,1,1,0,0,1,1,0,1,1,1,0,1,0,0,1,0,0,1,0,0,0,0,0,0,1,1,1,1,0,0,1,0,1,0,1,0,1,1,1,0,1,1,0,1,0,0,0,1,1,0,1,0,0,1,1,1,0,0,0,0,1,0.0,-4609.219999999999,1
1,1,1,0,0,0,0,0,1,0,1,1,0,0,1,0,1,0,0,1,1,1,0,0,0,1,1,0,0,1,1,0,1,0,0,1,0,0,1,1,0,0,1,0,1,1,1,1,0,0,0,1,0,0,1,1,0,0,1,1,0,1,0,0,1,0,1,1,1,0,0,0,1,0,0,1,1,1,1,1,0,0,1,0,0,1,0,0,0,1,0,1,1,1,1,0,0,0,0,1,1,0,1,0,0,1,0,0,1,0,0,1,1,0,1,0,0,0,0,1,0,1,1,0,0,1,0,0,1,0,1,0,1,1,1,1,0,0,0,1,1,1,1,0,0,0,1,1,0,0,1,0,1,1,0,0,1,1,1,0,0,1,0,0,1,0,1,0,1,0,1,1,0,1,1,0,1,1,1,1,0.0,-4609.12,1
1,0,1,1,0,0,0,0,1,0,1,0,0,1,1,0,1,0,0,1,1,1,0,1,0,0,1,0,0,1,0,0,1,0,0,1,0,0,1,1,0,0,1,0,1,1,0,1,0,1,0,1,0,0,1,1,1,0,1,0,1,1,0,0,1,0,1,1,1,0,0,0,1,0,0,0,1,1,1,1,0,0,0,1,0,0,1,0,0,0,0,1,1,1,1,1,1,0,0,1,1,0,0,0,0,1,1,0,1,1,1,1,1,0,0,0,0,0,0,1,1,1,1,1,1,1,0,0,1,1,1,0,1,1,1,1,0,0,0,1,1,1,1,0,0,0,0,1,0,0,0,0,1,1,1,0,1,0,1,0,0,1,0,0,1,0,0,0,1,0,1,1,0,1,0,0,1,1,0,1,0.0,-4609.120000000003,1
0,0,1,0,0,1,0,0,1,0,1,0,0,1,0,0,1,0,0,1,1,1,0,0,0,1,1,0,0,1,1,0,1,0,0,1,0,1,1,0,0,0,0,1,1,1,1,1,0,0,0,1,0,0,1,1,0,0,1,1,1,1,0,1,1,1,0,0,0,0,0,1,1,1,1,1,1,1,0,0,0,1,1,0,0,0,0,1,0,1,0,0,1,0,1,1,0,1,1,0,1,0,0,1,0,0,1,0,0,0,0,0,1,0,1,0,0,0,0,1,1,0,0,1,0,1,1,0,1,0,1,1,1,1,0,1,0,0,0,1,1,1,1,1,1,0,1,0,0,1,1,0,1,1,0,0,1,0,1,1,1,1,0,1,1,0,1,1,0,1,1,1,0,1,1,0,0,1,0,1,0.0,-4609.04,1
0,0,1,0,1,1,1,0,1,0,1,1,0,0,0,1,0,1,1,0,1,0,0,0,1,1,0,1,1,1,1,1,0,1,1,0,1,0,1,1,0,1,0,0,0,0,0,0,1,0,1,1,0,1,0,0,0,1,0,1,1,0,1,1,0,1,0,0,0,1,1,1,1,0,1,1,1,1,1,0,1,0,1,0,1,0,0,1,1,0,1,0,0,1,1,1,0,0,1,0,0,1,0,0,0,0,1,1,0,1,0,1,1,1,1,1,1,0,1,1,1,0,0,0,1,0,1,0,0,0,0,0,0,1,0,0,1,0,0,0,1,0,1,0,1,1,1,0,0,1,0,1,0,1,0,0,0,0,0,1,0,0,0,0,0,1,1,0,0,0,0,0,1,0,1,0,0,0,0,1,0.0,-4608.989999999998,1
0,1,0,0,1,1,1,1,0,1,1,0,1,0,0,1,0,1,1,0,0,0,1,0,1,1,0,1,1,0,1,1,0,1,1,0,1,0,0,1,1,1,0,0,0,0,0,0,1,0,1,0,1,1,0,0,0,1,0,1,0,0,1,1,0,1,1,0,0,1,1,1,1,1,1,1,0,0,0,0,1,1,1,0,1,1,0,1,1,0,0,1,0,1,0,0,0,1,1,0,1,1,1,0,1,1,0,1,1,1,0,1,0,1,1,1,1,1,1,0,0,0,0,0,0,0,0,1,0,0,0,0,0,0,1,0,1,1,1,0,0,0,0,1,0,1,0,0,1,0,0,1,0,0,0,1,0,1,0,1,0,0,1,1,0,1,1,1,0,1,0,0,0,0,1,1,1,0,0,0,0.0,-4608.979999999999,1
1,1,0,0,1,0,0,1,0,1,0,0,1,1,0,1,0,0,1,0,0,0,1,0,1,1,1,1,1,0,0,1,1,0,1,0,1,1,0,0,0,1,0,1,0,1,0,1,0,0,0,0,1,1,0,1,0,0,0,1,0,1,1,1,0,0,1,0,1,0,1,1,0,1,1,1,0,0,0,0,1,1,1,0,0,1,0,1,1,0,1,1,0,0,0,1,1,0,1,0,1,0,0,1,1,0,0,1,0,1,0,1,0,1,1,0,1,1,0,0,0,0,0,1,0,0,1,1,1,0,0,1,0,0,0,0,1,1,1,0,0,1,0,1,1,1,0,0,1,1,0,1,0,0,0,1,1,0,0,1,0,0,1,1,0,1,1,0,0,1,0,0,0,0,1,1,0,0,0,1,0.0,-4608.95,1
0,1,1,0,1,1,0,0,1,0,1,1,0,1,0,1,1,0,1,0,1,0,0,0,1,0,1,1,1,1,0,1,1,0,1,0,1,1,1,0,0,1,1,1,0,1,1,1,0,1,0,1,0,0,0,1,0,0,1,1,0,1,1,0,0,1,1,0,0,0,0,0,1,0,1,0,1,1,1,1,1,0,0,1,0,0,1,0,1,0,0,0,0,0,1,1,0,1,0,1,1,0,0,0,0,0,1,1,1,0,0,0,1,1,1,0,1,0,0,1,1,1,1,1,0,0,0,0,1,0,1,1,0,1,1,0,1,0,0,0,1,1,1,1,1,1,1,1,0,1,0,1,0,1,0,1,1,0,0,1,1,0,0,0,0,0,1,1,1,0,0,0,0,1,1,0,1,0,0,1,0.0,-4608.79,1
1,1,1,0,0,0,0,1,0,1,0,1,1,1,0,0,1,0,0,1,1,1,0,1,0,0,0,0,0,0,0,0,0,1,0,1,0,1,0,0,1,0,1,1,1,1,1,1,0,1,0,1,1,0,1,1,0,0,1,1,0,1,0,0,1,0,1,0,1,0,0,0,0,1,1,0,0,0,1,1,0,1,0,1,1,1,1,0,1,1,0,1,1,0,1,0,1,0,0,1,0,0,1,1,0,0,1,0,1,0,0,1,0,0,0,0,0,0,0,1,0,1,1,1,0,1,0,1,1,0,1,1,1,1,1,1,0,0,0,1,0,1,0,0,0,0,0,1,1,1,1,0,1,0,0,1,1,1,1,1,0,1,1,1,1,0,1,0,1,1,1,1,1,1,0,1,1,1,0,0,0.0,-4608.669999999999,1
0,1,0,1,1,0,0,1,0,0,0,1,1,0,1,1,0,0,1,0,1,0,0,1,1,0,0,1,1,0,0,1,1,1,1,0,1,1,0,0,1,1,1,1,0,1,0,1,0,0,0,0,1,0,0,1,1,0,0,0,0,1,1,0,0,1,1,1,1,0,1,0,0,0,0,0,0,0,1,1,1,0,0,1,0,1,0,0,1,0,1,1,0,0,0,1,1,1,0,1,1,0,0,1,1,1,0,1,1,1,1,1,0,1,0,0,1,1,0,1,0,1,1,0,1,0,0,0,1,1,0,1,0,0,1,0,1,1,1,0,0,1,1,0,0,1,0,0,1,0,0,1,0,0,1,1,1,0,0,0,0,0,1,1,0,0,0,1,1,0,0,0,0,0,0,1,1,0,1,0,0.0,-4608.27,1
0,1,1,0,1,0,0,0,1,0,1,0,0,0,1,0,1,0,0,0,1,1,0,0,0,0,1,1,1,1,0,1,1,0,0,1,1,0,1,1,1,0,1,0,1,1,1,0,0,0,0,1,0,1,1,1,0,0,1,1,0,1,0,0,0,0,0,1,1,0,0,0,1,1,1,0,1,1,0,0,1,1,0,1,0,1,0,1,0,0,0,1,1,1,1,1,0,0,1,1,1,1,0,0,0,1,1,0,1,0,0,1,1,0,1,0,0,0,1,1,0,0,1,0,1,1,0,0,0,0,1,0,1,1,1,1,0,0,0,1,1,0,1,1,0,0,1,1,1,0,0,0,1,0,0,0,0,0,1,0,0,0,0,0,1,1,1,0,0,1,1,1,0,1,1,1,1,1,1,0,0.0,-4608.089999999998,1
0,0,1,1,0,0,0,0,1,0,1,1,0,0,1,0,0,0,0,1,1,1,0,1,0,0,1,0,0,1,0,0,1,0,0,1,0,0,1,1,1,0,1,0,1,1,0,1,0,0,0,1,0,1,1,1,1,0,0,0,1,1,0,0,1,0,0,1,1,0,1,0,1,0,0,0,1,1,1,1,0,0,0,1,0,1,0,1,0,1,0,1,1,1,1,1,1,1,0,1,0,0,0,0,0,1,1,0,1,0,1,0,1,0,0,0,0,0,0,1,0,1,1,0,1,1,0,0,1,1,0,0,1,1,1,1,0,0,0,1,1,1,1,1,0,0,1,1,0,0,1,0,1,1,1,0,1,0,1,0,1,1,0,0,1,1,0,1,0,0,1,1,1,0,0,0,1,1,1,0,0.0,-4608.060000000001,1
0,0,1,1,0,1,0,0,1,0,1,1,0,1,1,0,1,0,0,1,1,1,0,0,0,1,1,0,0,1,0,0,1,0,0,1,0,0,0,1,0,0,1,0,1,1,1,0,0,0,0,1,0,0,1,1,1,0,1,0,1,1,0,0,1,1,0,1,0,0,0,0,1,1,0,1,1,1,1,0,0,0,1,0,0,1,0,0,0,1,1,1,1,1,1,1,0,0,1,1,0,1,0,0,0,1,1,0,1,0,1,1,1,0,1,0,0,0,1,1,0,0,1,1,0,1,0,0,0,1,1,0,1,1,1,1,0,0,0,1,1,1,1,0,0,0,1,1,0,0,1,0,1,1,1,0,0,0,1,0,0,1,0,0,1,1,0,0,1,0,1,1,1,1,1,0,1,1,1,1,0.0,-4608.0199999999995,1
1,1,0,0,1,1,0,0,1,0,0,1,0,1,0,1,0,0,1,0,1,0,0,1,1,0,1,1,1,1,0,1,1,0,0,0,1,1,1,0,1,1,1,1,0,1,0,1,0,1,0,0,0,0,0,1,0,0,0,1,0,1,1,0,0,1,1,0,0,0,1,0,0,0,1,0,1,1,1,0,1,0,0,1,0,0,1,0,0,0,0,0,0,0,0,1,1,0,1,1,1,0,0,1,1,1,0,1,1,1,0,1,1,1,0,0,1,1,0,1,1,0,1,1,0,0,0,0,1,0,0,1,0,0,1,0,1,1,1,0,1,1,1,0,0,1,1,1,1,0,0,1,0,0,0,1,1,0,0,1,0,0,0,1,0,0,1,0,1,0,0,0,0,0,0,1,1,0,0,0,0.0,-4607.820000000001,1
1,0,1,1,1,0,0,0,1,0,0,1,0,1,1,1,1,0,1,0,1,0,0,1,1,0,1,1,1,1,0,1,1,0,1,0,1,1,0,0,0,1,1,1,0,1,0,1,0,1,0,1,0,0,0,1,1,0,1,0,1,1,1,0,0,0,1,1,1,0,0,0,0,0,0,0,1,1,1,1,1,0,0,1,0,1,1,0,1,0,1,1,0,0,1,1,0,0,0,1,1,0,0,1,0,1,1,1,1,1,1,0,1,1,0,0,1,0,0,1,0,1,1,1,0,0,0,0,1,1,1,1,0,1,1,0,1,0,0,0,1,1,1,0,0,1,1,1,0,0,0,1,0,1,0,0,1,0,0,0,1,0,0,1,0,0,0,0,1,0,0,0,0,1,0,0,1,0,1,1,0.0,-4607.800000000001,1
1,1,1,0,0,1,0,0,1,0,0,1,0,0,0,0,1,0,0,1,1,1,0,0,0,1,1,0,0,1,0,0,1,0,0,1,0,1,1,0,0,0,1,1,1,1,0,1,0,0,0,1,0,1,1,1,0,0,1,1,0,1,0,0,1,1,0,0,0,0,0,0,0,0,1,1,1,1,1,0,0,0,1,0,0,0,0,1,0,1,1,0,1,0,1,1,0,0,1,1,1,0,0,1,0,1,1,0,1,0,0,1,1,0,1,0,0,0,0,1,1,0,1,0,0,1,0,0,1,0,1,1,1,1,1,1,0,0,0,1,1,0,1,1,0,0,1,1,0,0,1,0,1,1,0,1,1,0,1,1,1,0,0,0,1,1,1,0,0,0,1,1,0,1,1,0,1,1,0,1,0.0,-4607.59,1
0,0,0,0,0,1,0,1,0,1,0,1,1,0,1,0,0,0,0,1,1,1,0,0,0,0,0,0,0,0,0,0,1,1,0,1,0,1,0,0,1,0,0,1,1,1,1,0,0,0,0,0,1,0,1,1,0,0,0,1,0,1,0,1,1,1,1,1,0,0,1,1,0,1,1,0,0,0,1,1,0,1,0,1,0,0,0,0,0,1,1,0,1,0,0,0,1,0,0,0,0,1,1,1,1,0,0,0,0,0,0,0,0,0,1,0,0,1,1,1,1,1,0,0,1,1,1,1,0,0,0,1,1,0,0,1,0,1,1,1,0,1,0,0,1,0,1,0,1,1,1,0,1,0,0,1,0,1,1,0,1,1,1,1,1,1,1,0,1,1,1,1,1,0,1,1,0,1,1,0,0.0,-4607.51,1
1,1,1,0,1,0,0,0,1,0,0,1,0,1,1,1,1,0,1,0,1,0,0,1,1,0,1,1,1,1,0,1,1,0,1,0,1,1,1,0,1,1,1,1,0,1,1,1,0,0,0,1,0,1,0,1,0,0,1,1,0,1,1,0,0,0,1,1,1,0,0,0,0,0,0,0,1,1,1,0,1,0,0,1,0,1,0,1,1,0,0,1,0,0,1,1,0,1,1,1,0,0,0,1,0,1,1,1,1,0,0,0,1,1,0,0,1,0,0,1,0,0,1,1,1,0,0,0,1,0,1,1,0,1,1,0,1,0,0,0,1,0,1,1,0,1,0,1,0,0,0,1,0,1,0,0,1,0,0,0,1,0,0,1,0,0,1,1,0,0,0,0,1,1,0,0,1,0,1,0,0.0,-4607.429999999999,1
0,1,0,1,0,1,1,1,0,1,1,0,1,0,1,0,0,1,0,1,0,1,1,1,0,0,1,0,0,0,1,0,0,0,0,0,0,0,0,1,1,0,0,0,1,0,0,0,1,0,1,0,1,0,0,0,1,1,0,0,0,0,0,0,1,1,0,1,0,1,1,0,1,1,0,0,0,0,0,1,0,1,0,1,1,0,0,0,0,1,0,0,1,1,0,0,1,1,0,1,0,1,1,0,1,1,0,0,1,1,1,0,0,0,0,1,0,1,1,0,1,1,1,0,1,1,0,1,0,1,0,0,0,0,1,1,0,1,1,1,0,1,0,0,0,0,1,1,1,0,1,1,1,0,1,1,0,1,1,0,1,1,1,1,1,1,0,1,1,1,1,1,1,0,0,1,1,1,1,0,0.0,-4607.280000000002,1
1,1,0,1,1,1,1,1,0,1,0,0,1,1,1,1,1,1,1,0,0,0,1,1,1,1,1,1,1,0,1,1,0,0,1,0,1,1,0,0,1,1,1,1,0,0,1,1,1,1,1,0,1,0,0,0,1,1,1,0,0,0,1,0,0,1,0,1,0,1,0,0,0,1,1,1,0,0,0,0,1,1,1,0,1,0,1,0,1,1,1,0,0,0,0,1,1,0,1,1,0,0,0,1,1,1,0,1,1,1,1,1,0,1,0,1,1,1,0,0,1,0,1,1,0,0,0,1,1,1,1,1,0,0,1,0,1,1,1,0,0,0,0,0,0,1,1,1,1,0,1,1,0,0,1,1,1,0,0,0,0,0,1,1,0,1,0,0,1,1,0,0,1,1,0,1,1,0,1,0,0.0,-4607.18,1
0,0,0,0,0,1,0,0,1,0,1,0,0,1,1,0,0,0,0,1,1,1,0,1,0,0,1,0,0,1,0,0,1,0,0,1,0,0,1,1,1,0,1,0,1,1,0,0,0,0,0,0,0,1,1,1,0,0,0,1,1,1,0,0,1,1,0,1,0,0,1,0,1,1,1,0,1,1,1,0,0,1,0,1,0,0,0,1,0,0,1,0,1,1,0,0,1,1,1,1,1,1,1,0,1,1,0,0,1,1,0,0,1,0,0,0,0,1,1,1,1,0,1,1,0,1,0,0,0,0,0,0,1,0,1,1,0,1,1,1,1,1,1,1,0,0,1,1,1,0,0,0,1,0,0,0,0,1,1,0,1,1,0,1,1,1,1,1,0,1,1,1,0,0,0,1,1,1,1,0,0.0,-4606.910000000001,1
0,0,0,0,0,1,0,1,0,1,0,1,1,0,1,0,0,0,0,1,1,1,0,0,0,1,0,0,0,0,0,0,1,1,0,1,0,0,0,1,0,0,0,0,1,1,0,0,0,0,0,0,1,1,1,1,0,0,0,1,1,1,0,1,1,1,1,1,0,0,1,1,0,1,1,1,0,0,1,0,0,1,1,0,0,0,0,1,0,1,0,0,1,1,0,1,0,0,1,0,1,1,0,1,1,1,0,0,0,1,0,1,0,0,1,0,0,1,1,1,1,0,0,0,0,1,1,1,0,0,0,0,1,0,0,1,0,1,1,1,0,0,0,1,1,0,1,0,0,0,1,0,1,1,0,1,0,0,1,0,0,1,1,1,1,1,1,0,0,1,1,1,0,0,1,0,0,1,1,1,0.0,-4606.85,1
1,0,0,0,0,1,0,0,1,0,1,0,0,1,1,1,0,0,1,1,1,1,0,1,1,0,0,0,0,1,1,0,1,1,1,0,0,0,1,1,1,0,0,0,0,1,1,1,0,0,0,0,0,0,0,1,0,0,0,1,1,1,1,1,1,1,1,1,0,0,1,1,1,0,1,0,1,1,1,0,0,0,0,1,0,0,0,0,1,1,0,0,0,1,0,1,1,1,1,0,1,0,0,0,1,0,0,0,0,1,0,0,1,1,0,0,1,1,0,1,1,0,0,1,1,0,1,0,1,0,0,0,0,0,0,0,1,1,1,0,1,0,1,0,1,1,0,0,1,1,1,1,0,0,0,0,1,0,1,0,1,1,0,0,0,0,1,1,1,0,0,0,0,0,0,1,0,0,1,0,0.0,-4606.7300000000005,1
0,1,0,0,1,1,0,0,1,1,1,1,0,1,0,1,0,0,1,0,1,0,0,0,1,0,0,1,1,1,0,1,1,1,1,1,1,0,1,1,1,1,1,0,0,1,0,0,0,0,0,0,0,0,0,1,0,0,0,1,0,1,1,0,0,1,0,0,0,0,1,0,1,1,1,0,1,1,1,1,1,1,0,1,0,0,0,0,1,0,0,0,0,1,0,1,1,1,0,1,1,1,0,0,1,1,0,1,1,1,0,0,1,1,1,0,1,1,1,1,1,1,1,1,1,0,0,0,0,0,0,0,0,0,1,0,1,1,1,0,1,1,0,0,0,1,0,0,1,0,0,1,0,0,0,0,0,0,0,1,1,0,0,1,0,1,1,1,1,1,0,0,0,0,1,1,1,0,0,0,0.0,-4606.7,1
0,1,1,0,0,0,1,0,1,0,0,0,0,1,0,1,1,1,1,1,0,1,1,0,1,0,1,0,0,1,0,0,0,0,1,0,0,1,1,0,0,0,0,1,0,0,1,1,1,1,1,1,0,0,0,0,0,1,1,1,0,0,1,1,1,0,1,0,1,1,0,1,0,1,1,0,1,1,0,1,1,1,0,1,1,1,1,0,1,0,0,1,0,0,1,0,0,1,0,0,1,0,1,1,0,0,1,0,0,0,0,0,1,1,1,1,1,0,0,0,0,1,0,1,0,0,1,0,1,0,1,1,0,1,0,0,1,0,0,0,1,1,1,0,0,1,1,0,0,1,0,1,0,1,0,0,1,1,1,1,1,1,0,0,0,0,1,1,1,1,0,0,0,1,1,0,0,0,0,1,0.0,-4606.6399999999985,1
1,1,0,1,0,1,0,1,0,1,0,0,1,1,1,0,0,0,0,1,1,1,0,1,0,1,1,0,0,0,0,0,1,0,0,1,0,1,0,0,0,0,0,1,1,1,0,1,0,0,0,0,1,0,1,1,1,0,0,0,0,1,0,1,1,0,1,1,0,0,1,1,0,0,0,1,0,0,1,0,0,0,1,0,0,0,0,0,0,1,1,0,1,0,0,0,1,0,1,0,0,0,1,1,1,0,0,0,0,1,1,0,0,0,0,0,0,1,0,1,1,0,0,1,1,1,1,1,1,1,0,1,1,0,0,1,0,1,1,1,0,1,0,0,1,0,1,0,1,1,1,0,1,0,1,1,1,1,1,0,1,1,1,1,1,0,0,0,1,0,1,1,1,0,0,1,0,1,1,1,0.0,-4606.590000000001,1
0,0,1,1,0,1,0,1,0,1,1,0,1,0,1,0,1,0,0,1,1,1,0,1,0,0,1,0,0,0,0,0,1,0,0,1,0,0,0,1,0,0,0,0,1,1,1,1,0,1,0,1,1,1,1,1,1,0,0,0,1,1,0,1,1,1,0,1,0,0,0,1,1,0,0,0,0,0,1,1,0,0,0,1,0,0,1,0,0,1,0,0,1,1,1,1,1,1,0,0,0,0,0,0,0,0,1,0,0,0,1,1,0,0,0,0,0,0,0,1,1,1,0,0,0,1,1,1,1,1,1,0,1,1,0,1,0,0,0,1,0,1,0,0,1,0,0,0,0,1,1,1,1,1,1,1,1,0,1,0,0,1,1,0,1,0,0,1,1,0,1,1,1,0,0,0,0,1,1,1,0.0,-4606.470000000001,1
0,0,1,1,1,1,0,1,0,1,0,1,1,0,1,1,1,0,1,0,1,0,0,1,1,0,1,1,1,0,1,1,1,0,1,1,1,1,0,0,0,1,1,1,0,1,0,1,0,1,0,1,1,0,0,1,1,0,1,0,1,1,1,0,0,1,1,1,0,0,0,0,0,1,0,0,0,0,1,1,1,1,0,1,0,0,1,0,1,0,0,0,0,0,1,1,0,1,0,1,1,0,0,1,0,1,1,1,1,0,1,0,0,1,0,0,1,0,0,1,1,1,1,0,1,0,0,1,1,1,1,1,0,1,1,0,1,0,0,0,0,1,0,0,0,1,0,1,0,0,0,1,0,1,1,0,1,0,0,0,1,0,1,0,0,1,0,1,1,1,0,0,0,1,0,0,1,0,1,1,0.0,-4606.450000000002,1
0,1,1,1,1,0,0,0,1,0,1,1,0,1,1,1,0,0,1,0,1,0,0,1,1,0,1,1,1,1,0,1,0,0,1,0,1,0,1,1,0,1,0,0,0,0,0,1,1,1,0,1,0,0,0,1,1,0,1,0,0,0,1,1,0,0,0,1,1,0,0,1,1,1,0,0,1,1,1,1,1,1,0,1,1,1,1,0,1,0,1,1,0,1,1,1,0,1,0,0,1,0,0,0,0,0,1,1,0,0,1,1,1,1,0,0,1,0,0,1,0,1,0,1,0,0,1,0,1,1,1,0,0,1,0,0,1,0,0,0,1,0,1,0,1,1,0,0,0,1,1,1,0,1,1,0,1,0,0,0,0,0,0,1,0,0,0,1,1,1,0,0,0,1,0,0,0,0,1,1,0.0,-4606.070000000001,1
1,0,1,1,1,1,0,0,1,0,1,1,0,1,0,1,0,0,1,0,1,0,0,0,1,0,0,0,1,1,1,1,1,1,1,0,0,0,1,1,0,1,1,0,0,1,0,1,0,1,0,1,0,1,0,1,1,0,0,0,1,1,1,0,0,1,0,0,0,0,1,0,1,0,0,0,1,1,1,1,0,0,0,1,0,1,1,1,1,1,0,0,0,1,1,0,0,1,0,1,1,0,1,0,0,0,1,1,1,0,1,0,1,1,1,0,1,0,0,1,0,1,1,1,1,0,0,0,1,1,0,0,0,1,1,0,1,0,0,0,1,1,1,1,0,1,1,1,0,1,1,1,0,1,1,0,1,1,0,1,1,0,0,0,0,0,0,1,0,0,0,0,0,0,1,0,1,0,0,1,0.0,-4606.049999999999,1
1,0,1,0,0,0,0,0,1,0,0,1,0,1,0,0,0,0,0,1,1,1,0,1,0,1,0,0,0,1,0,0,1,1,0,1,0,1,1,0,0,0,1,1,1,1,0,1,0,1,0,1,0,0,1,1,0,0,0,1,1,1,0,0,1,0,1,0,1,0,1,0,0,0,1,1,1,1,1,0,0,0,1,0,0,1,1,0,0,1,1,1,1,0,1,0,0,0,1,1,1,0,1,1,0,1,1,0,1,0,0,0,1,0,0,0,0,0,0,0,0,0,1,1,1,1,0,0,1,0,0,1,1,1,1,1,0,0,0,1,1,0,1,0,0,0,0,1,0,0,1,1,1,1,0,1,1,1,1,1,1,1,0,0,1,0,1,0,1,0,1,1,0,0,0,0,1,1,0,1,0.0,-4606.000000000001,1
0,0,0,0,1,1,0,1,0,1,0,1,1,1,0,1,0,0,1,0,1,0,0,0,1,1,0,1,1,0,0,1,1,1,1,0,1,1,0,0,1,1,1,1,0,1,1,0,0,0,0,0,1,1,0,1,0,0,0,1,1,1,1,0,0,1,1,0,0,0,1,0,0,0,1,1,0,0,1,0,1,0,1,0,0,0,0,1,1,1,0,0,0,0,0,0,1,0,1,1,1,1,1,1,1,1,0,1,1,0,0,1,0,1,1,0,1,1,1,1,1,0,1,1,0,0,0,1,0,0,0,1,0,0,1,0,1,1,1,0,0,1,0,1,0,1,1,1,1,0,1,0,0,0,0,1,0,1,0,1,0,0,1,0,0,1,1,0,0,0,0,0,0,0,1,1,1,0,0,0,0.0,-4605.799999999998,1
1,1,0,0,1,0,0,0,1,0,1,1,0,0,0,1,1,0,1,0,1,0,0,1,1,0,1,1,1,1,0,1,0,0,1,0,1,0,1,1,1,1,1,0,0,0,1,0,1,0,0,0,0,0,0,1,0,0,1,1,0,0,1,0,0,0,0,0,1,0,0,0,1,0,1,0,1,1,1,1,1,0,0,1,1,1,0,0,1,1,1,1,0,1,0,0,1,1,0,1,1,1,1,0,1,0,0,1,0,1,0,0,1,1,0,0,1,1,1,1,0,1,1,0,1,0,0,0,0,0,1,0,0,0,0,0,1,1,1,0,1,1,1,0,1,1,0,1,1,1,1,1,0,0,0,0,0,1,0,1,1,0,0,1,0,1,1,1,1,0,0,0,0,1,0,1,1,0,0,0,0.0,-4605.749999999999,1
0,1,1,0,1,0,1,0,0,0,0,0,1,0,0,1,1,1,1,0,0,0,1,0,1,0,0,1,1,1,1,1,1,1,0,0,1,1,1,0,0,1,1,1,0,0,0,1,1,0,1,1,0,1,0,0,0,1,1,1,0,0,1,0,0,0,1,0,1,1,0,0,0,0,1,0,1,1,0,1,1,0,0,1,0,1,0,1,1,0,0,1,0,0,1,1,0,0,0,1,1,0,0,1,0,1,1,1,1,0,0,0,1,1,1,1,1,0,0,0,0,1,1,0,1,0,0,0,1,0,1,1,0,1,1,0,1,0,0,0,1,1,1,1,0,1,0,1,0,0,0,1,0,1,0,0,1,0,0,1,1,0,0,0,0,0,1,0,0,0,0,0,0,1,1,0,1,0,0,1,0.0,-4605.7,1
1,1,0,1,0,1,1,1,0,1,1,0,1,1,1,0,0,1,0,1,0,1,1,0,0,1,1,0,0,0,0,0,1,0,0,1,0,0,0,1,1,0,1,0,1,0,0,1,1,0,1,0,1,1,1,0,1,1,0,0,0,0,0,0,1,1,0,1,0,1,1,0,1,0,0,1,0,0,0,1,0,0,1,0,0,0,0,0,0,1,0,0,1,1,0,0,1,0,1,1,0,0,1,0,1,1,0,0,1,0,1,0,0,0,1,1,0,1,0,0,1,0,1,1,0,1,0,1,1,1,0,0,1,0,1,1,0,1,1,1,0,1,0,1,0,0,1,1,1,0,1,0,1,0,1,1,1,1,1,0,1,1,1,1,1,0,0,0,0,0,1,1,1,0,1,1,1,1,1,0,0.0,-4605.649999999999,1
1,1,0,0,0,1,0,1,0,1,1,1,1,0,0,1,0,0,1,1,1,0,0,0,1,1,1,0,0,0,0,0,1,0,1,0,0,1,0,1,1,1,1,0,0,1,0,0,0,1,0,0,1,1,0,1,0,0,0,1,0,1,1,0,1,1,1,0,0,0,1,0,1,1,1,1,0,0,1,1,0,1,1,0,0,0,1,1,1,1,0,0,0,1,0,1,1,1,1,1,0,1,0,0,1,1,0,1,1,0,0,1,0,1,1,0,1,1,1,1,1,0,1,0,1,0,0,1,0,0,0,1,0,0,1,0,1,1,1,0,0,1,0,1,0,1,1,1,1,0,1,1,0,0,0,1,0,0,0,1,0,1,1,1,0,0,1,1,0,1,0,0,1,0,1,1,1,0,0,0,0.0,-4605.649999999999,1
0,1,0,0,1,0,1,1,0,1,1,0,1,1,0,1,0,1,1,0,0,0,1,0,1,1,1,1,1,0,1,1,0,0,1,0,1,0,0,1,1,1,0,0,0,0,0,1,1,1,1,0,1,1,0,0,0,1,0,1,0,0,1,1,0,0,0,0,1,1,1,1,1,1,1,1,0,0,0,0,1,1,1,0,1,1,1,1,1,0,1,1,0,1,0,1,0,0,1,0,0,0,0,0,1,1,0,1,0,1,0,1,0,1,1,1,0,1,0,0,0,0,0,1,0,0,1,1,1,0,0,0,0,0,0,0,1,1,1,1,0,0,0,1,1,1,1,0,1,0,0,1,1,0,0,1,1,0,0,1,0,0,1,1,0,0,1,0,0,1,1,0,1,0,1,1,0,0,0,0,0.0,-4605.610000000001,1
1,1,1,1,0,0,0,0,1,0,1,1,0,1,1,1,1,0,1,1,1,1,0,0,1,1,1,0,0,1,0,0,1,0,1,0,0,0,1,1,1,0,1,0,0,1,1,1,0,1,0,1,0,0,0,1,1,0,1,0,0,1,1,0,1,0,1,1,1,0,0,0,1,0,0,1,1,1,1,1,0,0,1,0,0,1,1,0,1,1,1,1,0,1,1,0,0,0,0,1,1,0,1,0,0,1,1,0,1,0,1,1,1,1,1,0,1,0,0,1,0,1,1,1,1,0,0,0,1,1,1,0,0,1,1,0,1,0,0,0,1,1,1,0,0,1,0,1,0,0,0,1,0,1,1,0,1,1,1,0,0,1,0,0,0,0,0,0,1,0,0,0,0,1,1,0,1,0,1,0,0.0,-4605.539999999999,1
1,1,1,1,0,1,1,1,0,1,1,0,1,0,1,0,1,1,0,1,0,1,1,1,0,1,1,0,0,0,0,0,0,0,0,1,0,0,0,1,0,0,1,0,1,0,1,0,1,1,1,1,1,1,1,0,1,1,1,0,0,0,0,0,1,1,0,1,0,1,0,0,1,1,0,1,0,0,1,0,0,1,1,0,1,0,1,1,0,0,1,0,1,1,1,1,0,0,1,1,0,1,0,0,0,1,1,0,1,0,1,1,0,0,0,1,1,0,1,0,1,0,1,0,0,1,0,1,0,1,1,0,1,1,1,1,0,0,0,1,0,0,0,1,0,0,0,1,0,0,0,0,0,1,1,1,0,0,1,0,0,1,1,1,1,1,0,0,0,1,1,1,1,1,0,0,1,1,1,1,0.0,-4605.469999999999,1
0,1,0,1,1,1,1,1,0,1,0,0,1,1,1,1,0,1,1,0,0,0,1,1,1,1,0,0,1,0,1,1,0,1,1,0,0,0,0,1,1,1,1,0,0,0,0,1,1,0,1,0,1,0,0,0,1,1,0,0,0,0,1,0,0,1,1,1,0,1,1,0,0,0,0,1,0,0,0,0,0,0,1,0,1,0,0,0,1,1,1,0,0,1,0,1,1,0,1,1,0,0,0,0,1,1,0,1,1,1,1,1,0,1,0,1,1,1,0,0,1,0,1,1,1,0,0,1,1,1,0,0,0,0,1,0,1,1,1,0,0,0,0,0,0,1,1,1,1,0,1,1,0,0,1,1,1,0,0,0,0,0,1,0,0,1,0,0,1,0,0,0,1,0,0,1,1,0,1,0,0.0,-4605.46,1
0,0,0,0,1,1,0,1,0,1,1,0,1,1,0,1,0,0,1,0,1,0,0,0,1,1,1,1,1,1,0,1,1,0,0,0,1,0,1,1,1,1,1,0,0,1,0,1,0,0,0,0,0,1,0,1,0,0,0,1,1,1,1,0,0,1,1,0,0,0,1,0,1,1,1,1,0,0,0,0,1,1,1,0,0,0,0,1,1,1,1,0,0,1,0,0,1,0,1,1,0,0,1,0,1,1,0,1,1,1,0,0,1,1,1,0,1,1,0,1,1,0,1,1,1,0,0,1,1,0,0,0,0,0,1,0,1,1,1,0,0,1,0,1,0,1,1,1,1,0,1,1,0,0,0,1,1,1,0,1,1,0,1,0,0,0,1,0,0,1,0,0,1,0,1,1,1,0,0,0,0.0,-4605.069999999999,1
1,0,1,0,1,1,1,0,1,0,1,0,0,0,0,1,0,1,1,0,0,0,1,0,1,1,0,0,1,1,0,1,0,1,1,0,0,0,1,1,0,1,0,0,0,0,1,1,1,1,1,1,0,0,0,0,0,1,1,1,1,0,1,1,0,1,1,0,0,1,0,1,1,1,1,1,1,1,0,1,0,1,1,0,1,0,1,1,1,1,1,0,0,1,1,0,0,0,0,0,1,0,1,0,0,0,1,1,0,0,0,1,1,1,1,1,1,0,0,0,1,1,0,0,0,0,1,0,1,0,1,0,1,1,0,0,1,0,0,0,1,1,1,1,1,1,0,0,0,1,1,0,0,1,0,0,1,1,0,1,0,0,0,0,0,0,1,0,1,1,0,0,0,1,1,0,0,0,0,1,0.0,-4605.059999999997,1
1,0,1,0,0,0,1,0,1,0,1,1,0,0,0,1,1,1,1,1,0,0,1,1,1,0,1,0,0,1,0,0,1,0,1,0,0,0,0,1,0,1,0,0,0,0,0,0,1,1,1,1,0,1,0,0,0,1,1,1,1,0,1,1,1,0,0,0,1,1,0,1,1,0,1,0,1,1,1,0,0,0,0,1,0,1,1,1,1,1,0,1,0,1,1,0,0,1,1,0,1,1,1,0,0,0,1,1,0,0,0,0,1,1,0,1,1,0,1,0,0,0,0,0,0,0,1,0,0,0,1,0,0,1,0,0,1,0,0,0,1,0,1,1,1,1,0,0,0,1,1,1,0,1,0,0,0,1,0,1,1,1,0,0,0,0,1,1,0,0,0,0,0,1,0,0,0,0,0,1,0.0,-4605.039999999998,1
0,0,1,0,1,0,0,0,1,0,0,1,0,0,0,1,1,0,1,0,1,0,0,0,1,1,0,1,1,0,0,1,1,1,1,0,1,0,0,1,0,1,1,0,0,1,1,0,0,0,0,1,1,1,0,1,1,0,1,0,1,1,1,0,0,0,1,0,1,0,0,0,0,0,1,1,1,1,1,0,1,0,1,0,0,0,0,1,1,0,1,1,0,1,1,1,0,0,1,1,1,1,0,1,0,1,1,1,1,0,0,1,0,1,1,0,1,0,1,1,1,0,1,0,1,0,0,0,0,0,1,0,0,1,1,0,1,0,0,0,0,0,1,1,0,1,1,1,0,0,0,1,0,1,0,0,0,0,0,1,0,0,0,0,0,1,1,0,0,0,0,0,0,1,1,0,1,0,0,1,0.0,-4605.039999999998,1
0,1,0,0,1,0,0,0,1,0,0,1,0,0,0,1,0,0,1,0,1,0,0,0,1,0,1,1,1,1,0,1,0,0,1,0,1,0,1,1,1,1,1,0,0,1,0,0,0,0,0,0,0,1,0,1,0,0,0,1,0,1,1,0,0,0,1,0,1,0,1,0,0,0,1,0,1,1,1,0,1,0,0,1,1,1,0,1,1,1,1,1,0,1,0,1,1,1,1,1,1,1,0,0,1,1,0,1,1,1,0,1,1,1,1,0,1,1,1,1,0,0,1,0,1,0,0,0,0,0,0,0,0,0,1,0,1,1,1,0,1,1,1,1,0,1,0,1,1,0,1,0,0,0,0,0,0,0,0,1,0,0,0,1,0,1,1,1,0,0,0,0,0,0,1,1,1,0,0,0,0.0,-4604.949999999999,1
0,0,0,0,1,0,0,1,0,1,1,0,1,1,0,1,0,0,1,0,1,0,0,0,1,1,0,1,1,0,0,1,0,1,0,0,1,0,0,1,1,1,0,0,0,1,1,0,0,1,0,0,1,0,0,1,0,0,0,1,1,1,1,1,0,0,1,0,1,0,1,1,1,1,1,1,0,0,0,1,1,1,1,0,1,1,1,0,1,0,1,1,0,1,0,1,0,0,0,0,0,1,0,0,1,1,0,1,0,1,0,0,0,1,1,0,1,1,1,1,0,1,0,1,1,0,1,1,0,0,0,0,0,0,0,0,1,1,1,0,0,1,0,0,1,1,1,0,1,0,0,1,0,0,0,1,0,0,0,1,1,0,1,1,0,1,1,0,1,1,0,0,1,0,1,1,0,0,0,0,0.0,-4604.839999999998,1
0,0,0,1,1,0,1,1,0,1,1,1,1,1,1,0,0,1,0,0,0,1,1,1,0,1,1,1,1,0,1,1,0,0,0,1,1,0,1,1,1,0,1,0,1,1,0,0,0,0,1,0,1,1,1,0,1,1,0,0,1,1,0,0,0,0,0,1,1,1,1,0,1,1,0,1,0,0,0,0,1,1,1,0,1,1,0,1,0,0,1,1,1,1,0,0,1,0,1,1,0,1,1,0,1,1,0,0,1,1,1,1,0,0,0,1,0,1,1,0,0,0,1,1,0,1,0,1,0,1,0,0,1,0,1,1,0,1,1,1,0,0,0,1,0,0,0,0,1,0,0,0,1,0,1,1,0,1,1,0,0,0,1,1,1,1,0,0,0,1,1,1,1,0,0,1,1,1,1,0,0.0,-4604.769999999999,1
1,1,0,1,1,1,0,1,0,1,0,1,1,1,1,1,0,0,1,0,1,0,0,0,1,1,0,1,1,0,0,1,1,1,1,0,1,1,0,0,0,1,1,1,0,1,0,0,0,0,0,0,1,1,0,1,1,0,0,0,1,1,1,0,0,1,0,1,0,0,1,0,0,0,0,1,0,0,1,0,1,1,1,0,0,0,0,1,1,0,0,0,0,0,0,1,1,0,1,1,0,1,0,1,1,1,0,1,1,0,1,0,0,1,1,0,1,1,1,1,1,0,1,1,0,0,0,1,0,1,0,1,0,0,1,0,1,1,1,0,0,0,0,1,0,1,0,1,1,0,0,1,0,0,1,1,0,0,0,0,1,0,1,1,0,1,0,0,0,1,0,0,1,0,1,1,1,0,1,1,0.0,-4604.529999999999,1
1,1,1,0,0,0,1,0,1,0,1,1,0,1,0,0,1,1,0,1,1,1,0,0,0,1,1,0,0,1,1,0,0,0,0,1,0,0,1,1,0,0,0,0,1,0,1,0,1,0,1,1,0,0,1,0,1,1,1,0,0,0,0,1,1,0,0,0,1,1,0,1,1,0,1,1,1,1,1,1,0,0,1,0,1,1,0,1,0,1,1,1,1,1,1,0,1,0,0,0,1,1,1,0,0,0,1,0,0,0,0,1,1,0,1,1,0,0,1,1,0,1,0,1,1,1,1,0,0,0,1,0,1,1,0,1,0,0,0,1,1,1,1,1,1,0,1,0,0,1,1,0,1,1,0,0,0,1,1,1,0,1,0,1,1,1,1,0,1,0,1,1,0,1,1,0,0,1,0,1,0.0,-4604.479999999998,1
0,1,1,1,0,1,0,0,1,0,0,0,0,0,1,0,1,0,0,1,1,1,0,0,0,0,1,1,0,1,0,0,1,0,0,1,1,1,1,0,0,0,1,1,1,1,1,0,0,1,0,1,0,0,1,1,1,0,1,0,1,1,0,0,1,1,1,1,0,0,0,0,0,0,0,0,1,1,0,1,1,0,0,0,0,0,1,1,0,0,0,0,1,0,1,1,0,1,0,1,1,1,0,1,0,1,1,0,1,0,1,1,1,0,1,0,0,0,1,1,1,1,1,0,0,1,0,0,0,1,1,1,1,1,1,1,0,0,0,1,1,1,1,1,0,0,1,1,0,0,1,0,1,1,1,0,0,0,1,0,0,1,0,0,1,1,0,1,1,0,1,1,0,1,1,0,1,1,1,1,0.0,-4604.429999999999,1
1,0,1,0,0,1,1,0,1,0,1,1,0,0,1,1,1,1,1,1,0,0,1,1,1,1,1,0,0,1,1,0,0,0,1,0,0,0,1,1,0,1,1,0,0,0,0,0,1,0,1,1,0,1,0,0,0,1,1,1,1,0,1,0,1,1,1,1,0,1,0,0,1,0,1,1,1,1,0,0,0,0,1,0,1,0,0,1,1,1,0,0,0,1,1,0,0,0,1,1,1,1,1,0,0,1,1,1,1,1,0,1,1,1,0,1,1,0,1,0,1,0,1,0,0,0,0,0,0,0,1,0,0,1,1,0,1,0,0,0,1,0,1,1,1,1,0,1,0,0,1,1,0,1,0,0,0,1,0,0,0,1,0,0,0,1,1,0,0,0,0,0,0,1,0,0,1,0,1,1,0.0,-4604.299999999999,1
0,0,0,0,1,1,1,1,0,1,0,1,1,1,0,1,0,1,1,0,0,0,1,0,1,0,0,1,1,1,0,1,0,1,1,0,1,1,1,0,1,1,1,1,0,1,0,0,0,1,1,0,0,1,0,0,0,1,0,1,1,1,1,0,0,1,1,0,0,1,1,0,0,1,1,0,0,0,0,0,1,1,0,1,1,0,1,1,1,0,0,0,0,0,0,0,1,1,1,1,0,1,1,1,1,0,0,1,1,1,0,0,1,1,1,1,1,1,1,0,1,0,1,1,1,0,0,1,0,0,0,1,0,0,1,0,1,1,1,0,0,0,0,1,0,1,1,1,1,1,0,1,0,0,0,1,0,1,0,1,1,0,1,1,0,1,1,1,0,1,0,0,1,0,1,1,1,0,0,0,0.0,-4604.029999999999,1
0,1,0,0,1,1,0,0,1,0,1,1,0,1,1,1,0,0,1,0,1,0,0,1,1,0,1,1,1,1,0,1,1,0,1,0,1,0,0,1,0,1,0,0,0,1,0,1,0,0,0,0,0,1,0,1,0,0,0,1,0,1,1,1,0,1,0,1,0,0,1,1,1,1,1,0,1,1,1,1,1,1,0,1,0,0,0,1,1,0,1,0,0,1,0,0,1,1,0,0,1,0,1,0,1,0,0,1,0,1,0,1,1,1,0,0,1,1,0,1,1,1,0,1,1,0,1,0,1,0,0,0,0,0,0,0,1,1,1,0,1,1,1,1,1,1,0,0,0,1,0,1,0,1,0,0,1,1,0,0,0,0,0,1,0,0,1,1,0,1,0,0,0,0,0,0,0,0,1,1,0.0,-4604.02,1
0,0,0,1,1,1,0,1,0,1,1,1,1,0,1,1,0,0,1,0,1,0,0,0,1,1,1,1,1,0,0,1,1,0,1,0,1,0,0,1,1,1,1,0,0,1,1,0,0,1,0,0,1,1,0,1,1,0,0,0,1,1,1,0,0,1,0,0,0,0,1,0,1,0,0,1,0,0,1,1,1,0,1,0,0,0,1,1,1,0,0,0,0,1,0,1,1,0,1,1,0,1,0,0,1,1,0,1,1,1,1,0,0,1,1,0,1,1,1,1,1,0,1,0,1,0,0,1,0,1,0,0,1,0,1,0,1,1,1,0,0,1,0,1,0,1,0,1,1,0,0,0,0,0,1,0,0,0,0,1,1,0,1,1,0,1,0,0,0,0,0,0,1,0,1,1,1,0,0,0,0.0,-4604.019999999998,1
0,0,1,0,0,0,0,0,1,0,1,0,0,0,0,0,1,0,0,1,1,1,0,0,0,1,1,1,0,1,0,0,1,0,0,1,1,0,1,1,1,0,1,0,1,1,1,0,0,1,0,1,0,1,1,1,0,0,1,1,0,1,0,0,1,0,0,0,1,0,0,0,1,1,1,1,1,1,1,0,1,1,1,0,0,1,1,1,0,0,1,1,1,1,1,1,0,1,1,1,1,1,0,0,0,1,1,0,0,0,0,1,1,0,1,0,0,0,1,1,0,0,1,0,1,1,0,0,0,0,1,0,1,1,1,1,0,0,0,1,1,0,1,1,0,0,1,1,1,0,0,0,1,0,0,0,0,0,1,1,0,1,0,0,1,0,1,1,0,1,1,1,0,1,1,1,1,1,0,0,0.0,-4603.909999999999,1
1,0,0,1,0,0,0,1,0,1,1,0,1,1,1,0,0,0,0,1,1,1,0,1,0,0,1,0,0,0,0,0,0,0,0,1,0,0,0,1,1,0,0,0,1,0,0,0,1,0,0,0,1,1,1,1,1,0,0,0,1,0,0,1,1,0,0,1,1,0,1,1,1,1,0,0,0,0,1,1,0,1,0,1,1,0,0,1,0,0,1,0,1,1,0,1,1,1,1,0,0,1,0,0,1,0,0,0,0,1,1,0,0,0,0,0,0,1,1,1,1,0,0,1,1,1,1,1,0,1,0,0,1,0,0,1,0,1,1,1,0,1,0,1,1,0,0,0,1,1,0,0,1,0,1,1,0,0,1,0,1,1,1,1,1,1,0,1,0,1,1,1,1,0,0,1,0,1,1,0,0.0,-4603.83,1
0,0,1,1,1,0,0,0,1,0,1,1,0,1,1,0,0,0,0,0,1,1,0,0,0,1,1,1,1,1,1,1,1,0,0,1,1,0,1,1,0,0,0,0,1,1,1,0,0,1,0,1,0,1,1,1,1,0,0,0,1,1,0,0,0,0,0,1,1,0,1,0,1,0,0,1,1,1,1,0,1,0,1,0,0,1,1,1,0,0,0,1,1,1,1,1,1,1,1,1,1,1,0,0,0,1,1,0,1,0,1,0,1,0,1,0,0,0,1,1,0,0,1,1,0,1,0,0,0,1,0,0,1,1,1,1,0,0,0,1,1,0,1,1,0,0,1,1,0,0,0,0,1,1,1,0,0,0,1,0,1,0,0,1,1,1,0,1,0,0,1,1,0,0,1,0,1,1,1,1,0.0,-4603.799999999998,1
0,0,0,1,0,0,1,1,0,1,1,0,1,1,1,0,0,1,0,1,0,1,1,1,0,0,1,0,0,0,1,0,0,0,0,1,0,0,0,1,1,0,1,0,1,0,0,1,1,1,1,0,1,1,1,0,1,1,0,0,1,0,0,0,1,0,1,1,1,1,1,0,1,1,0,0,0,0,0,1,0,1,0,1,1,1,1,1,0,1,1,0,0,1,0,1,1,1,0,1,0,0,0,0,1,1,0,0,1,1,1,0,0,0,0,1,0,1,0,0,0,1,1,1,1,1,0,1,1,1,0,0,1,0,1,1,0,1,1,1,0,1,0,1,0,0,1,1,1,0,1,0,1,0,1,1,1,0,1,0,1,1,1,1,1,0,0,1,0,1,1,1,1,0,0,1,1,1,1,0,0.0,-4603.5599999999995,1
0,1,1,1,1,0,0,0,1,0,0,1,0,0,1,1,1,0,1,0,1,0,0,1,1,0,0,1,1,1,0,1,1,1,1,0,1,0,1,0,0,1,1,1,0,1,0,0,0,0,0,1,0,1,0,1,1,0,1,0,0,1,1,0,0,0,1,1,1,0,0,0,0,0,0,0,1,1,1,1,1,0,0,1,0,1,0,0,1,1,1,1,0,0,1,1,0,1,0,1,0,1,0,1,0,1,1,1,1,0,1,0,1,1,0,0,1,0,1,1,0,1,1,0,1,0,0,0,0,1,1,0,0,1,1,0,1,0,0,0,1,1,1,0,0,1,0,1,0,0,1,0,0,1,1,1,0,0,0,0,1,0,0,0,0,1,0,1,1,0,0,0,1,1,0,0,1,0,1,1,0.0,-4603.489999999999,1
1,0,1,1,0,0,0,0,1,0,0,1,0,0,1,0,1,0,0,1,1,1,0,1,0,1,1,0,0,1,1,0,0,0,0,1,0,0,1,1,1,0,1,0,1,1,0,1,0,0,0,1,0,1,1,1,1,0,1,0,1,1,0,0,1,0,0,1,1,0,0,0,1,0,0,1,1,1,1,0,0,0,1,0,1,1,0,0,0,1,0,1,1,1,1,1,0,1,1,1,1,0,0,0,0,1,1,0,1,0,1,1,1,0,0,0,0,0,0,1,0,0,1,0,1,1,0,0,1,1,1,0,1,1,1,1,0,0,0,1,1,0,1,0,0,0,0,1,1,0,1,0,1,0,1,0,1,0,1,0,0,1,0,1,1,0,0,1,0,0,1,1,0,1,0,1,1,1,1,0,0.0,-4603.430000000001,1
1,0,1,1,1,1,0,1,0,1,0,1,1,0,1,1,1,0,1,0,1,0,0,0,1,0,0,0,1,0,0,1,1,1,1,0,0,0,0,1,0,1,1,0,0,1,1,0,0,0,0,1,1,1,0,1,1,0,1,0,1,1,1,0,0,1,1,1,0,0,0,0,0,0,0,0,0,0,1,0,0,0,0,1,0,0,0,1,0,1,0,0,0,1,1,0,1,1,1,1,0,1,1,1,0,1,1,1,1,0,1,1,0,1,1,0,1,0,1,1,1,0,1,0,1,0,0,1,0,1,1,0,0,1,1,0,1,0,0,0,0,0,0,1,0,1,1,1,0,0,1,1,0,1,1,1,0,1,0,0,0,0,1,0,0,1,0,1,0,0,0,0,1,1,1,0,1,0,1,1,0.0,-4603.409999999999,1
0,0,1,0,0,1,0,0,1,0,0,1,0,1,0,0,1,0,0,1,1,1,0,0,0,1,1,1,0,1,0,0,0,0,0,1,1,1,1,0,1,0,1,1,1,1,1,1,0,0,0,1,0,1,1,1,0,0,1,1,1,1,0,0,1,1,0,0,0,0,0,0,0,0,1,1,1,1,1,0,1,0,1,0,1,1,0,1,0,0,0,0,1,0,1,1,0,0,1,1,1,0,0,1,0,1,1,0,1,0,0,1,1,0,1,0,0,0,0,1,0,0,1,1,0,1,0,0,1,0,1,1,1,1,1,1,0,0,0,0,1,0,1,1,0,0,1,1,0,0,0,0,1,1,0,0,1,0,1,1,0,1,0,0,1,0,1,0,0,0,0,1,0,1,1,0,1,1,0,0,0.0,-4603.319999999999,1
1,1,0,1,0,1,0,0,1,0,0,1,0,1,1,0,0,0,0,1,1,1,0,0,0,1,1,1,0,1,0,0,0,0,0,1,1,1,1,0,1,0,1,1,1,1,0,0,0,1,0,0,0,1,1,1,1,0,0,0,0,1,0,0,1,1,1,1,0,0,1,0,0,0,0,1,1,1,1,0,1,0,1,0,1,0,1,1,0,0,0,0,0,0,0,1,1,1,1,1,1,1,0,1,1,1,1,0,1,1,1,0,1,0,1,0,0,1,1,1,1,0,1,1,0,1,0,0,0,1,0,1,1,0,1,1,0,1,1,1,1,1,1,1,0,0,1,1,1,0,0,0,1,0,1,0,0,0,1,0,1,1,0,1,1,1,0,1,0,0,1,1,0,0,1,1,1,1,1,0,0.0,-4603.309999999998,1
1,1,1,1,0,0,0,1,0,1,0,0,1,0,1,0,1,0,0,1,1,1,0,0,1,1,0,0,0,0,0,0,1,1,0,1,0,0,0,1,0,0,1,0,1,1,1,0,0,1,0,1,1,1,0,1,1,0,1,0,0,1,0,0,1,0,1,1,1,0,0,0,0,0,0,1,0,0,1,0,0,1,1,0,0,1,1,1,0,1,0,1,1,1,1,1,0,0,1,1,0,1,0,1,0,1,1,0,1,0,1,1,0,1,1,0,0,0,1,1,0,0,1,0,1,1,0,1,0,1,1,0,1,1,1,1,0,0,0,1,0,0,0,1,0,0,1,1,0,0,1,1,1,1,1,1,0,0,1,0,0,1,1,0,1,1,0,0,0,1,1,1,1,1,1,0,1,1,1,1,0.0,-4603.219999999999,1
1,0,0,1,0,0,1,0,1,0,0,1,0,1,1,0,0,1,0,1,0,1,1,1,0,1,1,0,0,1,1,0,0,0,0,1,0,0,1,1,1,0,0,0,1,0,0,0,1,1,1,0,0,0,1,0,1,1,0,0,1,0,0,1,1,0,1,0,1,1,1,1,0,0,0,1,1,1,0,1,0,0,1,0,1,1,1,0,0,1,0,1,1,1,0,0,1,1,0,0,1,1,1,1,1,1,0,0,0,1,1,1,1,0,0,1,0,1,1,0,0,1,0,1,1,1,1,0,0,1,0,0,1,0,0,1,0,1,1,1,1,1,1,0,1,0,0,0,1,0,1,0,1,0,1,0,0,1,1,1,0,1,0,1,1,1,0,1,1,0,1,1,0,0,0,1,0,1,0,0,0.0,-4603.039999999999,1
0,0,0,1,1,1,0,0,1,0,0,1,0,0,1,1,0,0,1,0,1,0,0,0,1,0,1,1,1,1,0,1,1,0,1,0,1,0,1,0,1,1,1,1,0,1,0,0,0,1,0,0,0,1,0,1,1,0,0,0,1,1,1,0,0,1,1,1,0,0,1,0,0,0,0,0,1,1,1,0,1,0,0,1,0,0,1,1,1,0,0,0,0,0,0,1,1,1,1,1,1,1,0,1,1,0,0,1,1,0,1,1,1,1,1,0,1,0,1,1,1,0,1,0,1,0,0,0,0,1,0,0,0,0,1,0,1,1,1,0,1,0,1,1,0,1,1,1,1,1,1,1,0,0,1,0,0,0,0,0,0,0,0,1,0,1,0,1,0,0,0,0,0,0,1,1,1,0,1,0,0.0,-4603.03,1
0,1,1,1,1,0,0,1,0,1,0,1,1,1,1,1,1,0,1,0,1,0,0,0,1,0,1,1,1,0,0,1,1,0,0,0,1,1,0,0,1,1,0,1,0,1,1,0,0,1,0,1,1,0,0,1,1,0,1,0,0,1,1,1,0,0,0,1,1,0,0,1,0,1,0,0,0,0,1,1,1,1,0,1,0,1,1,0,0,1,0,1,0,0,1,1,0,1,0,0,0,1,0,1,0,0,1,1,0,0,1,0,0,1,1,0,1,0,1,1,0,1,0,1,1,0,1,1,0,1,1,1,0,1,0,0,1,0,0,0,0,1,0,0,1,1,0,0,0,1,1,1,0,1,1,1,0,0,0,0,1,0,1,0,0,1,0,1,1,1,0,0,1,1,1,0,0,0,1,1,0.0,-4602.669999999998,1
0,0,0,1,1,1,1,0,1,0,0,1,0,0,1,1,0,1,1,0,0,0,1,0,1,0,1,1,1,1,1,1,0,0,1,0,1,1,1,0,1,1,1,1,0,0,0,1,1,0,1,0,0,0,0,0,1,1,0,0,1,0,1,0,0,1,1,1,0,1,1,0,0,1,0,0,1,1,0,1,1,1,0,1,1,0,0,1,1,0,0,0,0,0,0,1,1,1,0,1,1,0,0,1,1,0,0,1,1,1,1,0,1,1,1,1,1,1,0,0,1,1,1,0,1,0,0,0,1,1,0,1,0,0,1,0,1,1,1,0,1,1,1,0,0,1,1,1,1,1,0,1,0,0,1,0,1,0,0,0,1,0,0,1,0,0,0,1,1,1,0,0,0,0,1,1,1,0,1,0,0.0,-4602.640000000001,1
0,1,1,1,0,0,0,1,0,1,0,1,1,0,1,0,1,0,0,1,1,1,0,0,0,0,1,0,0,0,0,0,1,0,0,1,0,1,0,0,0,0,1,1,1,1,1,0,0,0,0,1,1,1,1,1,1,0,1,0,0,1,0,0,1,0,1,1,1,0,0,0,0,0,0,0,0,0,1,0,0,0,0,1,0,0,0,0,0,1,0,0,1,0,1,1,1,1,1,1,0,1,0,1,0,1,1,0,1,0,1,0,0,0,1,0,0,0,1,1,1,0,1,0,1,1,0,1,0,1,1,1,1,0,1,1,0,0,0,1,0,0,0,0,0,0,1,1,0,0,0,0,1,1,1,1,0,0,1,0,1,1,1,0,1,1,0,1,0,0,1,1,1,1,1,0,1,1,1,1,0.0,-4602.620000000001,1
0,1,0,1,1,1,1,0,1,0,1,0,0,0,1,1,0,1,1,0,0,0,1,1,1,1,0,1,1,1,1,1,0,1,1,0,1,0,1,1,1,1,1,0,0,0,0,1,1,0,1,0,0,0,0,0,1,1,0,0,0,0,1,0,0,1,0,1,0,1,1,0,1,1,0,1,1,1,0,0,1,0,1,0,1,0,0,0,1,0,0,0,0,1,0,0,1,1,0,1,1,0,1,0,1,1,0,1,1,1,1,0,1,1,0,1,1,1,0,0,1,1,1,0,1,0,0,0,1,1,0,0,0,0,1,0,1,1,1,0,1,0,1,0,0,1,0,1,1,0,0,0,0,0,1,1,1,1,0,0,1,0,0,1,0,0,0,1,1,0,0,0,0,0,0,1,1,0,1,0,0.0,-4602.360000000001,1
0,1,1,1,1,1,0,0,1,0,1,1,0,1,1,1,1,0,1,0,1,0,0,0,1,1,0,1,1,1,0,1,0,1,1,0,1,0,1,1,1,1,1,0,0,1,1,1,0,0,0,1,0,0,0,1,1,0,1,0,0,1,1,0,0,1,0,1,0,0,0,0,1,0,0,1,1,1,1,0,1,0,1,0,1,1,0,1,1,0,1,0,0,1,1,1,1,0,1,1,1,0,0,0,0,0,1,1,0,0,1,1,1,1,1,0,1,0,0,1,0,0,1,1,0,0,0,0,1,1,1,0,0,1,0,0,1,0,0,0,1,0,1,1,1,1,1,1,1,1,0,1,0,0,1,0,1,0,0,0,0,0,0,0,0,0,0,0,0,0,0,0,0,1,1,1,1,0,1,0,0.0,-4602.349999999999,1
1,0,1,1,1,0,0,0,1,0,1,1,0,0,1,1,1,0,1,0,1,0,0,1,1,1,0,1,1,1,0,1,1,1,1,0,1,1,1,0,0,1,1,1,0,1,1,0,0,0,0,1,0,1,0,1,1,0,1,0,1,1,1,0,0,0,0,1,1,0,0,0,1,0,0,1,1,1,0,0,1,0,1,0,0,1,0,1,1,1,0,1,0,0,1,1,0,0,1,1,1,1,0,0,0,1,1,1,1,0,1,1,1,1,0,0,1,0,1,1,0,0,1,0,0,0,0,0,0,1,1,1,0,1,1,0,1,0,0,0,1,0,1,1,0,1,1,1,0,0,1,0,0,1,1,0,0,0,0,0,0,0,0,1,0,0,0,0,0,0,0,0,0,1,0,0,1,0,1,1,0.0,-4602.3499999999985,1
0,1,1,1,1,1,0,0,1,0,1,0,0,0,1,1,1,0,1,0,1,0,0,0,1,1,1,1,1,1,0,1,1,0,1,0,1,0,1,1,0,1,0,0,0,1,1,0,0,1,0,1,0,1,0,1,1,0,1,0,0,1,1,0,0,1,0,1,0,0,0,0,1,0,0,1,1,1,1,0,1,0,1,0,0,1,1,1,1,0,1,1,0,1,1,1,1,0,1,1,1,1,0,0,0,1,1,1,1,0,1,0,1,1,1,0,1,0,1,1,0,0,1,0,0,0,0,0,0,1,1,0,1,1,1,0,1,0,0,0,1,0,1,1,0,1,0,1,0,0,0,0,0,1,1,1,0,0,0,0,1,0,0,1,0,1,0,0,0,0,0,0,0,1,1,0,1,0,1,1,0.0,-4602.269999999998,1
1,1,0,1,0,1,1,0,1,0,1,1,0,1,1,0,0,1,0,1,0,1,1,0,0,1,1,0,0,1,0,0,0,0,0,1,0,0,1,1,1,0,1,0,1,0,0,0,1,0,1,0,0,1,1,0,1,1,0,0,0,0,0,0,1,1,0,1,0,1,1,0,1,0,0,1,1,1,0,0,0,0,1,0,1,1,0,1,0,1,0,0,1,1,0,0,1,0,1,1,1,1,1,0,1,1,0,0,1,1,1,1,1,0,1,0,0,1,1,0,0,0,1,1,0,1,0,0,0,1,0,0,1,0,1,1,0,1,1,1,1,0,1,1,1,0,1,0,1,0,1,0,1,0,1,0,0,1,1,0,0,1,0,1,1,1,0,0,0,0,1,1,0,0,1,1,1,1,1,0,0.0,-4601.98,1
0,1,1,1,0,0,1,1,0,1,1,0,1,0,1,0,1,1,0,1,0,1,1,0,0,0,1,0,0,0,1,0,0,0,0,1,0,0,0,1,1,0,0,0,1,0,0,0,1,1,1,1,1,1,1,0,1,1,1,0,0,0,0,1,1,0,0,1,1,1,0,1,1,0,0,0,0,0,0,0,0,0,0,1,1,1,1,1,0,1,0,1,1,1,1,0,0,0,1,0,0,1,1,0,0,0,1,0,0,0,1,1,0,0,1,1,0,0,1,0,0,0,0,0,0,1,1,1,0,1,1,0,0,1,0,1,0,0,0,1,0,0,0,1,1,0,1,0,0,1,1,0,1,1,1,1,0,1,1,0,0,1,1,1,1,1,0,0,0,0,1,1,1,1,1,0,0,1,1,1,0.0,-4601.969999999999,1
1,0,0,0,0,1,0,0,1,0,0,0,0,0,0,1,0,0,1,1,1,0,0,0,1,0,0,0,0,1,0,0,1,1,1,0,0,1,0,0,1,1,1,1,0,1,1,0,0,1,0,0,0,1,0,1,0,0,0,1,1,1,1,0,1,1,1,0,0,0,1,0,0,0,1,0,1,1,0,0,0,0,0,1,0,0,1,1,0,1,0,0,0,0,0,0,1,0,1,1,1,1,1,1,1,1,0,1,1,1,0,0,1,1,1,0,1,1,1,1,1,0,1,0,1,0,0,0,0,0,0,1,0,0,1,0,1,1,1,0,1,1,1,1,0,1,1,1,1,0,1,1,0,0,0,0,0,1,0,1,1,1,0,1,0,1,1,0,0,0,0,0,0,0,1,1,1,0,0,0,0.0,-4601.939999999999,1
1,0,0,0,0,1,0,1,0,1,0,1,1,0,1,0,0,0,0,1,1,1,0,0,0,1,1,0,0,0,1,0,1,0,0,1,0,1,0,0,1,0,1,1,1,1,0,0,0,1,0,0,1,1,1,1,0,0,0,1,1,1,0,0,1,1,0,1,0,0,1,0,0,1,1,1,0,0,1,0,0,0,1,0,0,1,1,1,1,1,0,0,1,0,0,1,1,1,1,1,0,1,0,1,1,0,0,0,1,0,0,1,0,0,1,0,0,1,1,1,0,0,1,0,0,1,0,1,0,0,0,1,1,0,1,1,0,1,1,1,0,0,0,1,0,0,1,1,1,1,1,0,1,0,0,1,0,0,1,0,0,1,1,1,1,1,1,1,0,0,1,1,1,0,1,1,1,1,1,0,0.0,-4601.849999999998,1
1,0,0,1,0,1,0,1,0,1,1,1,1,1,1,0,0,0,0,1,1,1,0,1,0,0,1,1,0,0,0,0,1,0,0,1,1,0,0,1,1,0,1,0,1,1,0,1,0,0,0,0,1,0,1,1,1,0,0,0,1,1,0,0,1,1,1,1,0,0,1,0,1,1,0,0,0,0,1,1,1,1,0,1,0,0,0,0,1,0,1,0,1,1,0,1,1,1,0,1,0,0,0,0,1,1,0,0,1,1,1,1,0,0,0,0,0,1,0,1,1,1,1,1,0,1,0,1,1,1,0,0,1,0,1,1,0,1,1,0,0,1,0,0,1,0,0,1,1,0,0,0,1,0,1,0,1,0,1,0,0,1,1,0,1,0,0,1,1,1,0,1,1,0,0,1,1,1,1,0,0.0,-4601.350000000002,1
0,1,1,1,0,1,1,0,1,0,1,1,0,0,1,0,1,1,0,1,0,1,1,1,0,1,0,0,0,1,1,0,0,1,0,1,0,0,1,1,0,0,1,0,1,0,1,0,1,0,1,1,0,1,1,0,1,1,1,0,0,0,0,0,1,1,0,1,0,1,0,0,1,0,0,1,1,1,0,0,0,0,1,0,1,0,0,1,0,1,0,0,1,1,1,1,0,1,1,1,1,1,0,0,0,1,1,0,1,0,1,1,1,0,0,1,0,1,1,0,1,0,1,0,1,1,0,0,0,1,1,0,1,1,1,1,0,0,0,1,1,0,1,0,0,0,1,1,0,0,1,0,1,1,1,0,0,0,1,0,0,1,0,0,1,0,0,1,0,0,1,1,0,1,0,0,1,1,0,1,0.0,-4601.350000000001,1
0,1,1,0,0,0,1,1,0,1,0,0,1,0,0,1,1,1,1,1,0,0,1,0,1,0,0,0,0,0,1,0,0,1,1,0,0,1,0,0,0,1,0,1,0,0,1,0,1,0,1,1,1,1,0,0,0,1,1,1,0,0,1,1,1,0,0,0,1,1,0,1,0,1,1,0,0,0,0,1,0,1,0,1,1,1,0,1,1,1,1,1,0,0,1,0,0,1,0,0,0,1,1,1,0,1,1,1,0,1,0,0,0,1,1,1,1,0,1,0,0,1,0,0,0,0,1,1,0,0,1,1,0,1,0,0,1,0,0,0,0,1,0,1,1,1,0,0,0,0,1,1,0,1,0,0,0,1,0,1,1,1,0,0,0,1,1,1,0,1,0,0,1,1,1,0,0,0,0,1,0.0,-4601.339999999997,1
1,0,0,0,0,1,1,1,0,1,0,0,1,0,0,1,0,1,1,1,0,1,1,0,0,1,1,0,0,0,1,0,0,0,0,0,0,1,0,0,1,0,0,1,1,0,0,0,1,0,1,0,1,1,1,0,0,1,0,1,1,0,1,1,1,1,1,0,1,1,1,1,0,1,1,1,0,0,0,0,0,1,1,0,1,0,0,1,0,1,1,0,1,0,0,0,0,0,1,0,0,1,1,1,1,0,0,0,0,1,0,1,0,0,1,1,1,1,1,0,1,0,0,0,0,0,1,1,0,0,0,1,1,0,0,0,1,1,1,0,0,0,0,1,1,0,1,0,1,1,1,0,0,0,0,1,0,1,1,1,0,1,1,1,1,1,1,0,0,1,0,0,1,0,1,1,0,1,0,0,0.0,-4601.269999999999,1
0,0,1,1,0,0,0,1,0,1,0,1,1,1,0,0,1,0,0,1,1,1,0,1,0,0,0,0,0,0,0,0,1,1,0,1,0,0,0,1,0,0,1,0,1,1,1,1,0,1,0,1,1,1,1,1,1,0,1,0,1,1,0,0,1,0,0,0,1,0,0,0,0,1,0,0,0,0,1,0,0,1,0,1,0,1,1,0,0,1,1,1,1,1,1,1,0,1,1,1,0,0,0,0,0,1,1,0,1,0,1,0,0,0,0,0,0,0,0,1,0,0,1,1,0,1,0,1,1,1,1,0,1,1,1,1,0,0,0,1,0,1,0,0,0,0,1,1,0,0,1,0,1,1,1,0,1,0,1,1,1,1,1,0,1,0,0,1,0,1,1,1,1,1,0,0,1,1,0,1,0.0,-4601.2300000000005,1
1,1,1,1,1,1,1,0,1,0,0,0,0,1,1,1,1,1,1,0,0,0,1,0,1,1,0,1,1,1,1,1,0,1,1,0,1,1,1,0,0,1,0,1,0,0,0,1,1,0,1,1,0,0,0,0,1,1,0,0,0,0,1,1,0,1,1,1,0,1,0,1,0,0,0,1,1,1,0,0,1,0,1,0,1,0,0,0,1,0,0,0,0,0,1,0,0,1,1,0,1,0,1,1,0,1,1,1,1,0,1,1,1,1,1,1,1,0,0,0,1,0,0,1,0,0,0,0,1,1,1,1,0,1,1,0,1,0,0,0,1,0,1,0,0,1,1,0,0,0,0,1,0,1,1,0,1,1,0,0,0,0,0,1,0,0,0,1,1,0,0,0,0,0,1,0,1,0,1,1,0.0,-4601.190000000001,1
1,1,1,1,0,0,0,1,0,1,1,1,1,0,1,0,1,0,0,1,1,1,0,1,0,1,1,0,0,0,0,0,1,0,1,1,0,0,1,1,0,0,1,0,1,1,1,0,0,0,0,1,1,1,1,1,1,0,0,0,0,1,0,0,1,0,0,1,1,0,0,0,1,1,0,1,0,0,1,0,0,1,1,0,0,1,0,0,0,1,1,1,1,1,1,0,0,0,1,1,0,1,1,0,0,1,1,0,0,0,1,1,0,0,0,0,0,0,1,1,0,0,1,0,0,1,0,1,0,1,1,0,1,1,1,1,0,0,0,1,0,0,0,0,0,0,0,1,0,0,1,0,1,1,1,1,0,1,1,0,0,1,1,0,1,1,0,0,1,1,1,1,1,0,0,0,1,1,1,1,0.0,-4600.979999999999,1
0,1,1,1,0,0,0,0,1,0,0,0,0,1,1,0,1,0,0,1,1,1,0,1,0,1,1,1,0,1,0,0,1,0,0,1,0,1,1,0,0,0,0,1,1,1,1,1,0,0,0,1,0,1,1,1,1,0,1,0,0,1,0,1,1,0,1,1,1,0,0,1,0,1,0,1,1,1,1,0,1,0,1,0,0,0,0,0,0,0,0,0,1,0,1,1,0,0,1,0,1,0,0,1,0,0,1,0,0,0,1,1,1,0,0,0,0,0,0,1,1,0,0,1,0,1,1,0,1,1,1,1,1,1,0,1,0,0,0,1,1,0,1,0,1,0,1,0,0,1,0,0,1,1,1,1,1,0,1,0,0,1,0,1,1,0,0,0,0,0,1,1,0,1,0,0,0,1,1,1,0.0,-4600.940000000001,1
0,0,0,0,0,0,0,0,1,0,1,1,0,1,1,0,1,0,0,1,1,1,0,0,0,1,0,0,0,1,0,0,1,1,0,1,0,0,1,1,1,0,0,0,1,1,1,0,0,1,0,0,0,1,1,1,0,0,1,1,1,1,0,1,1,0,0,1,1,0,0,1,1,0,1,1,1,1,1,0,0,0,1,0,0,1,1,1,0,0,0,1,1,1,0,0,1,0,1,0,1,1,1,0,1,0,0,0,0,1,0,0,1,0,1,0,0,1,1,1,0,0,0,1,0,1,1,0,0,0,1,0,1,0,0,1,0,1,1,1,1,0,1,1,1,0,1,0,1,1,0,0,1,0,0,1,0,1,1,0,1,1,0,1,1,1,1,0,0,0,1,1,0,1,1,1,0,1,1,0,0.0,-4600.839999999997,1
1,1,0,0,1,1,0,0,1,0,1,1,0,0,0,1,0,0,1,0,1,0,0,1,1,1,1,0,1,1,0,1,1,0,1,0,1,0,0,1,1,1,1,0,0,1,0,0,0,0,0,0,1,1,0,1,0,0,0,1,0,1,1,0,0,1,0,0,0,0,1,0,1,0,1,1,1,1,1,1,0,0,1,0,0,0,0,0,1,1,1,0,0,1,0,0,1,1,0,1,1,1,1,0,1,1,0,1,1,1,0,1,1,1,0,0,1,1,1,1,1,1,1,0,1,0,0,0,0,0,0,0,0,0,1,0,1,1,1,0,1,1,1,0,0,1,0,1,1,0,1,0,0,0,0,0,0,1,0,1,0,0,0,1,0,1,1,1,1,0,0,0,0,0,0,1,1,0,0,0,0.0,-4600.459999999998,1
0,0,1,0,0,0,0,1,0,1,1,1,1,0,0,0,1,0,0,1,1,1,0,0,0,0,1,1,0,0,1,0,1,0,0,1,1,0,0,1,0,0,1,0,1,1,1,0,0,0,0,1,1,1,1,1,0,0,1,1,1,1,0,0,1,0,0,0,1,0,0,0,1,1,1,0,0,0,1,0,1,1,0,1,0,1,0,1,1,1,1,1,1,1,1,1,1,0,1,1,1,1,0,0,0,1,1,0,1,0,0,1,0,0,1,0,0,0,1,1,0,0,1,0,0,1,0,1,0,0,1,0,1,1,1,1,0,0,0,1,0,0,0,1,0,0,1,1,0,0,1,0,1,1,0,1,0,0,1,1,0,1,1,0,1,1,1,0,0,1,1,1,0,1,1,0,1,1,0,1,0.0,-4600.369999999999,1
0,0,1,1,1,0,1,1,0,1,1,0,1,0,1,1,0,1,1,0,0,0,1,1,1,1,0,1,1,0,0,0,0,1,1,0,1,0,0,1,0,1,0,0,0,0,1,1,1,1,1,1,1,0,0,0,1,1,0,0,1,0,1,1,0,0,0,1,1,1,1,1,1,0,0,1,0,0,0,0,1,0,1,0,1,1,1,0,1,0,0,1,0,1,1,1,0,0,1,0,0,0,0,0,0,0,1,1,0,0,1,0,0,1,0,1,1,0,0,0,0,0,0,0,0,0,1,1,1,1,0,0,0,1,0,0,1,0,0,0,0,0,0,0,1,1,0,0,0,1,0,1,0,1,1,1,1,0,0,0,1,0,1,1,0,0,0,0,1,0,0,0,1,0,0,0,0,0,1,1,0.0,-4600.29,1
0,0,1,0,1,1,0,0,1,0,0,0,0,0,0,1,1,0,1,0,1,0,0,0,1,0,1,1,1,1,0,1,1,0,1,0,1,1,1,0,1,1,1,1,0,1,1,0,0,0,0,1,0,0,0,1,0,0,1,1,1,1,1,0,0,1,0,0,0,0,0,0,0,0,1,0,1,1,0,1,1,0,0,1,0,0,0,1,1,0,1,0,0,0,1,0,1,0,0,1,1,1,1,1,0,1,1,1,1,0,0,0,1,1,1,0,1,0,1,1,1,1,1,0,1,0,1,0,0,0,1,1,0,1,1,0,1,0,0,0,1,1,1,1,0,1,0,1,1,0,0,1,0,0,0,0,0,1,0,1,1,0,0,0,0,1,1,0,0,0,0,0,0,1,1,1,1,0,0,0,0.0,-4600.259999999997,1
1,0,1,1,0,1,0,1,0,1,0,1,1,0,1,0,1,0,0,1,1,1,0,1,1,1,1,0,0,0,0,0,1,0,0,1,0,1,0,0,0,0,1,1,1,1,0,1,0,1,0,1,1,1,0,1,1,0,1,0,1,1,0,0,1,1,1,1,0,0,0,0,0,0,0,1,0,0,1,0,0,0,1,0,0,1,1,1,0,1,1,1,1,0,1,0,0,0,1,1,0,0,1,1,0,1,1,0,1,0,1,0,0,1,0,0,0,0,0,1,0,0,1,0,0,1,0,1,1,1,1,1,0,1,1,1,0,0,0,1,0,0,0,1,0,0,0,1,0,0,1,1,1,1,1,1,1,1,1,0,1,1,1,0,0,0,0,0,0,0,1,1,1,1,0,0,1,1,1,1,0.0,-4600.200000000001,1
1,1,0,0,1,0,0,1,0,1,0,1,1,1,1,1,0,0,1,0,1,0,0,1,1,1,1,0,1,0,1,1,1,0,1,0,0,1,0,0,1,1,1,1,0,1,0,1,0,0,0,0,1,1,0,1,0,0,0,1,0,1,1,0,0,0,0,1,1,0,1,0,0,1,1,1,0,0,1,0,0,1,1,0,0,0,0,1,1,1,1,1,0,0,0,0,1,1,1,1,0,0,1,1,1,1,0,1,1,1,0,1,0,1,0,0,1,1,0,1,1,0,1,1,1,0,0,1,1,0,0,1,0,0,1,0,1,1,1,0,0,1,0,1,0,1,0,1,1,0,1,0,0,0,0,1,1,1,0,0,0,0,1,1,0,0,1,1,0,1,0,0,1,0,0,1,1,0,1,0,0.0,-4600.119999999998,1
0,0,1,1,0,0,1,0,1,0,1,1,0,0,1,0,0,1,0,1,0,1,1,1,0,1,1,0,0,1,0,0,1,0,0,1,0,0,1,1,0,0,0,0,1,1,0,0,0,1,1,1,0,0,1,0,1,1,0,0,1,1,0,1,1,0,0,1,1,1,1,1,1,0,0,1,1,1,1,0,0,0,1,0,0,1,1,0,0,1,0,1,1,1,1,0,0,0,1,0,1,1,1,0,0,0,1,0,0,0,1,0,1,0,0,1,0,0,0,0,0,0,0,0,0,1,1,0,1,1,0,0,1,1,0,1,0,0,0,1,1,0,1,0,1,0,0,0,0,1,1,0,1,1,1,0,1,1,1,0,1,1,0,0,1,0,0,0,1,0,1,1,0,0,0,0,0,1,1,1,0.0,-4600.12,1
0,1,1,1,1,1,0,0,1,0,1,0,0,1,1,1,1,1,1,0,1,0,0,1,1,1,1,1,1,1,1,1,1,0,1,0,1,0,1,1,0,1,1,0,0,1,1,1,0,0,0,1,0,1,0,1,1,1,1,0,0,1,1,0,0,1,0,1,0,0,0,0,1,0,0,1,1,1,0,0,1,0,1,0,0,0,0,0,1,0,1,0,0,1,1,0,0,0,1,1,1,0,1,0,0,1,0,1,1,1,1,0,1,1,0,1,1,0,0,1,1,0,1,1,1,0,0,0,1,1,1,0,0,1,1,0,1,0,0,0,1,0,1,0,0,1,0,1,0,0,0,1,0,1,1,0,1,1,0,0,1,0,0,1,0,0,0,0,0,0,0,0,0,1,0,0,1,0,1,1,0.0,-4600.06,1
0,1,1,1,1,0,0,0,1,0,1,1,0,0,1,1,1,0,1,0,1,0,0,0,1,1,1,1,1,1,0,1,1,0,1,0,1,0,1,1,1,1,1,0,0,1,1,1,0,1,0,1,0,1,0,1,1,0,1,0,0,1,1,1,0,0,0,1,1,0,0,1,1,1,0,1,1,1,1,0,1,1,1,0,0,1,1,1,1,0,0,1,0,1,1,1,0,0,1,0,1,0,0,0,0,0,1,1,0,0,1,0,1,1,1,0,1,0,0,1,0,0,0,0,0,0,1,0,1,1,1,0,0,1,0,0,1,0,0,0,1,0,1,1,1,1,1,0,0,1,0,0,0,1,1,0,1,0,0,0,1,0,0,1,0,0,0,0,0,1,0,0,0,1,1,0,0,0,1,0,0.0,-4599.909999999999,1
0,0,1,1,0,1,0,0,1,0,1,0,0,0,0,0,1,0,0,1,1,1,0,0,0,1,0,0,0,1,0,0,0,1,0,1,0,0,1,1,0,0,1,0,1,1,0,0,0,1,0,1,0,0,1,1,1,0,1,0,1,1,0,0,1,1,0,0,0,0,0,0,1,0,0,1,1,1,1,0,0,0,1,0,1,0,1,1,0,1,0,0,1,1,1,1,1,1,1,1,1,1,0,0,0,1,1,0,1,0,1,0,1,0,1,0,0,0,1,1,1,0,1,0,0,1,0,0,0,1,1,0,1,1,1,1,0,0,0,1,1,0,1,1,0,0,0,1,0,0,1,0,1,1,1,0,0,0,1,1,1,1,0,1,1,0,0,1,0,0,1,1,0,1,1,0,1,1,0,1,0.0,-4599.88,1
0,1,0,0,1,0,0,1,0,1,0,1,1,0,0,1,0,0,1,0,1,0,0,0,1,0,1,1,1,0,0,1,1,0,1,0,1,0,1,1,1,1,1,0,0,1,0,0,0,1,0,0,1,0,0,1,0,0,0,1,0,1,1,0,0,0,0,0,1,0,1,0,0,1,1,0,0,0,1,1,1,1,0,1,0,1,1,0,1,1,0,1,0,1,0,1,0,0,0,1,0,1,0,0,1,1,0,1,1,1,0,0,0,1,1,0,1,0,1,1,0,1,1,0,1,0,0,1,0,0,0,0,0,0,1,0,1,1,1,0,0,1,0,0,0,1,1,1,1,0,1,1,0,0,0,1,0,0,0,1,1,0,1,1,0,0,1,0,1,1,0,0,1,0,1,1,1,0,0,0,0.0,-4599.779999999999,1
0,0,1,1,0,1,1,0,1,0,1,1,0,0,1,0,1,1,0,1,0,1,1,1,0,0,1,0,0,1,0,0,1,0,0,1,0,0,1,1,0,0,0,0,1,0,1,0,1,0,1,1,0,1,1,0,1,1,1,0,1,0,0,1,1,0,0,1,0,1,0,1,1,0,0,0,1,1,0,1,0,0,0,1,0,1,0,1,0,1,0,0,1,1,1,0,0,1,0,0,1,1,1,0,0,0,1,0,0,0,1,1,1,0,0,1,0,0,1,0,0,1,0,0,0,1,1,0,0,1,1,0,1,1,0,1,0,0,0,1,1,1,1,1,1,0,0,0,0,1,1,0,1,1,1,0,0,1,1,0,0,1,0,0,1,1,0,1,0,0,1,1,0,1,0,0,0,1,0,1,0.0,-4599.679999999999,1
1,1,1,1,0,0,0,1,0,1,1,1,1,1,1,0,1,0,0,1,0,1,1,1,0,0,1,0,0,0,0,0,0,0,0,1,0,0,0,1,0,0,0,0,1,1,1,0,0,0,0,1,1,1,1,1,1,0,1,0,0,1,0,1,1,0,0,1,1,0,0,1,1,0,0,0,0,0,0,0,0,0,0,1,1,1,0,1,0,1,1,1,1,1,1,1,0,1,1,0,0,1,0,0,0,0,1,0,0,0,1,0,0,0,0,0,0,0,1,0,0,0,0,1,0,1,1,1,0,1,1,0,1,1,0,1,0,0,0,1,0,0,0,1,1,0,0,0,0,1,1,0,1,1,1,0,0,0,1,0,1,1,1,1,1,1,0,1,0,0,1,1,1,1,0,0,0,1,1,1,0.0,-4599.5599999999995,1
0,0,1,1,0,1,0,0,1,0,1,1,0,0,1,0,1,0,0,1,1,1,0,1,0,0,1,0,0,1,0,0,0,0,0,1,0,0,1,1,0,0,0,0,1,0,1,0,1,0,0,1,0,1,1,1,1,0,1,0,1,0,0,1,1,1,1,1,0,0,0,1,1,1,0,0,1,1,1,1,0,1,0,1,1,0,0,0,0,1,0,0,1,1,1,1,0,1,0,0,1,1,0,0,0,0,1,0,0,0,1,0,1,0,0,0,0,0,1,1,1,1,0,0,1,1,1,0,0,1,1,0,1,1,0,1,0,0,0,1,1,1,1,0,1,0,1,1,0,1,1,0,1,1,1,0,0,0,1,0,1,1,1,0,1,0,0,1,1,1,1,1,0,1,0,0,0,1,1,1,0.0,-4599.47,1
0,0,1,1,1,1,0,0,1,0,1,1,0,1,1,0,1,0,0,0,1,1,0,1,0,1,1,1,1,1,1,1,1,0,0,1,1,0,1,1,0,0,1,0,1,1,1,1,0,0,0,1,0,0,1,1,1,0,1,0,1,1,0,0,0,1,0,1,0,0,0,0,1,0,0,1,1,1,1,0,1,0,1,0,0,0,0,0,0,0,1,0,0,1,1,0,0,0,1,1,1,0,1,0,0,1,1,0,1,0,1,1,1,0,0,1,0,0,0,1,1,0,1,1,0,1,0,0,1,1,1,0,1,1,1,1,0,0,0,1,1,0,1,0,0,0,1,1,0,0,0,0,1,1,1,0,1,1,1,0,0,0,0,1,1,1,0,0,1,0,1,1,0,1,0,0,1,1,1,1,0.0,-4599.410000000001,1
0,0,0,0,1,0,0,1,0,1,1,1,1,0,1,1,0,0,1,0,1,0,0,1,1,1,0,1,1,0,0,1,1,1,1,0,1,0,0,1,0,1,1,0,0,1,0,0,0,0,0,0,1,0,0,1,0,0,0,1,1,1,1,0,0,0,0,1,1,0,1,0,1,1,1,1,0,0,1,0,1,1,1,0,0,1,0,0,1,1,1,1,0,1,0,0,0,0,1,1,0,1,1,0,1,1,0,1,1,1,0,0,0,1,0,0,1,1,1,1,0,0,1,0,1,0,0,1,0,0,0,0,0,0,1,0,1,1,1,1,0,0,0,0,0,1,0,1,0,0,1,1,0,1,0,1,0,1,0,0,1,0,1,1,0,1,1,0,1,1,1,0,1,0,0,0,1,0,1,1,0.0,-4599.4,1
1,0,0,0,0,1,0,1,0,1,0,1,1,1,0,1,0,0,1,1,1,0,0,1,1,0,0,1,1,0,0,0,1,1,1,0,1,1,0,0,1,1,1,1,0,1,0,0,0,0,0,0,1,1,0,1,0,0,0,1,1,1,1,0,0,1,1,0,0,0,1,0,0,1,1,0,0,0,1,0,1,1,0,1,0,0,0,1,1,0,1,0,0,0,0,1,1,1,1,1,0,1,0,1,1,1,1,1,1,1,0,0,0,1,0,0,1,1,1,0,1,0,1,1,1,0,0,1,0,0,0,1,0,0,1,0,1,1,1,0,0,0,0,1,0,1,1,1,1,0,0,1,0,0,0,1,0,0,0,1,1,1,1,1,0,1,1,1,0,1,0,0,1,0,0,1,1,0,0,0,0.0,-4599.339999999999,1
0,1,1,0,0,0,0,1,0,1,0,1,1,0,0,0,0,0,0,1,1,1,0,0,0,0,1,0,0,0,0,0,1,0,0,1,0,1,0,0,0,0,1,1,1,1,0,0,0,1,0,1,1,1,1,1,0,0,0,1,0,1,0,0,1,0,0,0,1,0,1,0,0,1,0,0,0,0,1,1,0,1,0,1,0,1,1,1,0,1,1,1,1,0,1,1,0,1,0,1,0,1,0,1,0,0,1,0,1,0,0,1,0,0,1,0,0,0,1,1,0,1,1,0,1,1,0,1,0,0,0,1,1,1,1,1,0,0,0,1,0,0,0,1,0,0,1,0,0,1,1,0,1,1,0,1,0,0,1,1,0,1,1,0,1,1,1,1,0,1,1,1,1,0,1,0,1,1,0,1,0.0,-4598.949999999998,1
0,0,1,0,0,0,0,1,0,1,0,1,1,0,0,0,1,0,0,1,1,1,0,0,0,1,1,0,0,0,1,0,1,0,0,1,0,1,0,0,1,0,0,1,1,1,0,0,0,1,0,1,1,1,1,1,0,0,1,1,1,1,1,1,1,0,1,0,1,0,0,1,0,0,1,1,0,0,1,0,0,0,1,0,0,0,1,1,0,1,1,0,1,0,1,1,0,0,1,0,0,1,0,1,0,0,1,0,0,0,0,1,0,0,1,0,0,0,1,1,1,0,0,0,1,1,1,1,0,0,1,1,1,1,0,0,0,0,0,0,0,0,0,1,1,0,1,0,1,1,1,0,1,0,0,1,0,0,1,1,0,1,1,0,1,1,1,0,0,0,0,1,1,1,1,1,0,1,0,0,0.0,-4598.859999999997,1
1,0,1,1,0,0,0,0,1,0,0,0,0,0,0,0,1,0,0,1,1,1,0,0,0,1,1,0,0,1,0,0,0,0,0,1,0,1,1,0,1,0,1,1,1,1,0,0,0,1,0,1,0,0,1,1,1,0,1,0,0,1,0,0,1,0,1,0,1,0,0,0,0,0,0,1,1,1,1,0,0,0,1,0,1,1,1,1,0,1,0,1,1,0,1,1,0,0,1,1,1,1,0,1,0,1,1,0,1,0,1,0,1,0,1,0,0,0,1,1,0,0,1,0,0,1,0,0,0,1,1,1,1,1,1,1,0,0,0,1,1,0,1,1,0,0,1,0,1,0,1,0,1,0,1,0,0,0,1,1,1,1,0,0,1,1,0,0,0,0,1,1,0,1,1,1,1,1,0,0,0.0,-4598.7699999999995,1
1,0,0,1,1,1,0,1,0,1,0,0,1,1,1,0,0,0,0,0,1,0,0,1,0,1,0,1,1,0,0,1,1,1,0,1,1,1,0,0,1,1,1,1,1,1,1,0,0,0,0,0,1,0,1,1,1,0,0,0,1,1,0,0,0,1,1,1,0,0,1,0,0,0,0,1,0,0,1,0,1,0,1,0,0,0,0,0,0,0,1,0,1,0,0,0,1,0,1,1,0,1,1,1,1,1,0,1,1,1,1,1,0,0,0,0,0,0,1,1,1,0,1,1,0,1,0,1,0,1,0,1,1,0,1,1,0,1,1,1,0,0,0,0,0,0,0,1,1,0,0,1,1,0,1,1,0,1,0,0,0,0,1,0,1,1,0,0,1,0,1,1,1,0,0,1,1,1,1,0,0.0,-4598.69,1
1,0,1,1,1,1,0,0,1,0,1,1,0,0,1,1,0,0,1,0,1,0,0,1,1,0,0,1,1,1,1,1,1,1,1,0,1,0,0,1,0,1,1,0,0,1,1,1,0,1,0,1,0,0,0,1,1,0,0,0,1,1,1,0,0,1,0,1,0,0,1,0,1,0,0,0,1,1,1,1,1,0,0,1,0,0,1,0,1,1,1,0,0,1,1,1,1,1,0,1,1,0,0,0,0,1,1,1,1,0,1,0,1,1,0,0,1,0,0,1,1,1,1,0,1,0,0,0,1,1,0,0,1,1,1,0,1,0,0,0,1,1,1,0,0,1,0,1,0,0,1,0,0,1,1,1,1,0,0,0,1,0,0,0,0,0,0,1,1,0,0,0,0,0,0,0,1,0,1,1,0.0,-4598.649999999999,1
0,0,0,0,1,1,0,0,1,0,0,1,0,0,0,1,0,0,1,0,1,0,0,1,1,1,1,1,1,1,0,1,1,0,1,0,1,1,1,0,1,1,1,1,0,1,0,0,0,0,0,0,0,1,0,1,0,0,0,1,1,1,1,0,0,1,1,0,0,0,1,0,0,0,1,1,1,1,0,0,1,0,1,0,0,1,0,1,1,0,1,1,0,0,0,0,0,0,1,1,1,1,1,1,1,1,0,0,0,1,0,1,1,1,0,0,1,1,1,1,0,0,1,0,0,0,0,0,0,0,0,1,0,0,1,0,1,1,1,0,1,0,1,1,0,1,0,1,1,0,0,1,0,0,0,0,0,1,0,1,0,0,0,0,0,1,1,0,0,0,0,0,0,0,0,1,1,0,0,0,0.0,-4598.589999999998,1
1,1,1,0,1,0,0,1,0,1,0,1,1,0,1,1,1,0,1,0,1,0,0,0,1,1,1,1,1,0,1,1,0,0,1,0,1,1,0,0,0,1,0,1,0,0,0,1,1,1,0,1,1,1,0,1,0,0,1,1,0,0,1,1,0,0,0,1,1,0,0,1,0,1,1,1,0,0,1,0,1,1,1,0,1,1,1,1,1,0,0,1,0,0,1,1,0,0,1,0,0,0,0,1,0,0,0,1,0,0,0,1,0,1,1,0,1,0,0,1,0,0,0,0,0,0,1,1,1,0,1,1,0,1,0,0,1,0,0,0,0,0,0,1,1,1,1,0,0,1,1,1,0,1,0,1,1,0,0,0,0,0,1,1,0,0,1,0,0,1,0,0,1,1,1,0,0,0,1,1,0.0,-4598.54,1
1,0,0,0,0,1,1,0,1,0,1,1,0,0,0,1,0,1,1,1,0,0,1,0,1,0,1,0,0,1,1,0,0,0,1,1,0,0,1,1,1,1,1,0,0,0,1,0,1,0,1,0,0,1,0,0,0,1,0,1,1,0,1,0,1,1,0,0,0,1,1,0,1,0,1,0,1,1,0,0,0,0,0,1,1,0,0,1,1,0,1,0,0,1,0,0,1,1,1,1,1,1,1,0,1,1,0,1,1,0,0,1,1,1,1,1,1,1,1,0,1,0,1,0,1,0,0,0,0,0,0,0,0,0,1,0,1,1,1,0,1,0,1,1,0,1,1,1,1,0,0,1,0,0,0,0,0,1,0,1,0,1,0,1,0,1,1,1,0,0,0,0,0,0,1,1,1,0,0,0,0.0,-4598.53,1
0,1,1,1,0,1,1,1,0,1,0,0,1,0,1,0,1,1,0,1,0,1,1,1,0,0,1,0,0,0,1,0,1,0,0,1,0,1,0,0,0,0,1,1,1,1,0,0,0,0,1,1,1,0,1,0,1,1,1,0,1,1,0,0,1,1,1,1,0,1,0,0,0,1,0,0,0,0,0,1,0,1,0,1,0,1,0,0,0,0,1,0,1,0,1,0,0,1,0,1,0,1,1,1,0,0,1,0,1,0,1,0,0,0,0,1,0,0,1,0,0,1,1,0,0,1,0,1,0,1,1,1,1,1,1,1,0,0,0,1,0,1,0,0,0,0,0,1,0,1,0,0,1,1,1,1,0,1,1,0,1,1,1,0,1,1,0,1,1,1,1,1,1,1,0,0,1,1,1,1,0.0,-4598.250000000001,1
1,1,1,1,0,1,1,0,1,0,0,1,0,1,1,0,1,1,0,1,0,1,1,0,1,1,0,0,0,1,1,0,0,1,0,1,0,1,1,0,0,0,1,1,1,0,1,1,1,1,1,1,0,1,0,0,1,1,1,0,0,0,0,0,1,1,1,1,1,1,0,0,0,0,0,1,1,1,1,0,0,0,1,0,1,0,1,1,0,0,0,0,1,0,1,0,0,0,1,1,1,0,1,1,0,1,1,0,1,0,1,1,1,1,1,1,0,0,0,0,1,0,1,1,0,1,0,0,1,1,1,1,0,1,1,1,0,0,0,1,1,0,1,1,0,0,1,1,0,0,0,1,1,1,1,0,1,1,1,0,0,1,0,1,0,0,0,0,0,0,1,1,0,1,1,0,1,1,1,1,0.0,-4598.19,1
1,0,1,1,1,1,1,0,1,0,0,1,0,1,1,1,0,1,1,0,0,0,1,1,1,1,1,1,1,1,1,1,0,0,1,0,1,1,1,0,1,1,1,1,0,1,0,0,0,1,1,1,0,1,0,0,1,1,0,0,1,1,1,0,0,1,0,1,0,1,1,0,0,0,0,1,1,1,0,0,1,0,1,0,1,0,1,1,1,1,0,0,0,0,1,0,0,0,1,1,1,1,1,1,0,1,1,1,1,0,1,1,1,1,0,1,1,0,1,0,1,0,1,1,1,0,0,0,0,1,0,1,0,1,1,0,1,0,0,0,1,0,1,1,0,1,0,1,1,0,1,1,0,0,1,0,0,1,0,0,0,0,0,0,0,1,0,0,0,0,0,0,0,0,0,1,1,0,1,0,0.0,-4598.119999999996,1
0,0,0,0,1,0,1,1,0,1,1,0,1,0,1,1,0,1,1,0,0,0,1,0,1,0,1,1,1,0,0,1,0,0,1,0,1,0,1,1,1,1,1,0,0,0,0,0,1,0,1,0,0,1,0,0,0,1,0,1,1,0,1,0,0,0,0,1,1,1,1,0,1,1,1,0,0,0,0,1,1,1,0,1,1,0,0,1,0,0,0,0,0,1,0,0,0,1,0,1,0,1,1,0,1,1,0,1,1,1,0,0,0,1,1,1,1,1,1,0,1,1,1,0,1,0,0,1,0,0,0,0,0,0,1,0,1,1,1,0,0,0,0,1,0,1,1,1,1,0,0,1,0,0,0,1,0,1,0,0,1,0,1,1,0,1,1,1,0,1,0,0,1,0,1,1,1,0,1,0,0.0,-4597.889999999998,1
1,1,1,1,0,1,0,0,1,0,0,1,0,0,1,1,1,0,1,1,1,1,0,0,0,1,0,0,0,1,0,0,1,1,1,1,0,1,1,0,0,0,1,1,1,1,1,1,0,0,0,1,0,1,1,1,1,0,1,0,0,1,1,0,1,1,0,1,0,0,0,0,0,0,0,1,1,1,1,0,0,0,1,0,0,0,0,1,1,1,0,0,1,0,1,1,0,0,1,1,1,0,0,1,0,1,1,0,1,0,1,1,1,0,1,0,1,0,0,1,1,0,1,0,0,0,0,0,1,1,1,1,0,1,1,0,1,0,0,0,1,0,1,1,0,0,1,1,0,0,1,1,0,1,1,0,1,0,1,0,0,1,0,0,1,0,0,0,0,0,0,0,0,1,1,0,1,1,1,1,0.0,-4597.740000000001,1
0,0,0,0,0,0,1,1,0,1,1,1,1,1,0,0,0,1,0,1,0,1,1,0,0,0,1,1,0,0,1,0,0,0,0,1,1,0,0,1,1,0,0,0,1,0,1,1,1,0,1,0,1,1,1,0,0,1,0,1,1,0,0,1,1,0,0,0,1,1,1,1,1,1,1,0,0,0,0,1,1,1,0,1,1,1,0,1,0,0,1,1,1,1,0,0,0,1,0,0,0,0,1,0,1,0,0,0,0,0,0,1,0,0,1,1,0,0,0,0,0,1,0,1,0,1,1,1,1,0,0,0,0,0,0,1,0,1,1,1,0,1,0,1,1,0,1,0,1,1,1,1,1,0,0,1,1,1,1,1,0,1,1,1,1,0,1,1,0,1,1,1,1,0,1,1,0,1,0,0,0.0,-4597.66,1
0,1,1,1,1,1,0,0,1,0,0,0,0,0,1,1,1,0,1,0,1,0,0,0,1,0,0,1,1,1,0,1,1,1,1,0,1,1,0,0,0,1,0,1,0,1,1,0,0,0,0,1,0,1,0,1,1,0,1,0,0,1,1,1,0,1,1,1,0,0,0,1,0,1,0,0,1,1,0,1,1,1,0,1,0,0,0,1,1,0,1,0,0,0,1,1,0,1,0,0,1,1,0,1,0,1,1,1,0,0,1,1,1,1,1,0,1,0,1,0,1,1,0,0,1,0,1,0,0,1,1,1,0,1,0,0,1,0,0,0,1,1,1,1,1,1,0,0,0,0,1,1,0,1,1,0,0,0,0,0,0,0,0,0,0,1,0,1,0,1,0,0,0,1,1,0,0,0,1,1,0.0,-4597.539999999998,1
1,1,1,0,1,0,1,1,0,1,1,1,1,0,0,1,1,1,1,0,0,0,1,1,1,1,0,0,1,0,1,1,1,1,1,0,0,0,0,1,0,1,1,0,0,0,1,0,1,0,1,1,1,1,0,0,0,1,1,1,0,0,1,0,0,0,0,0,1,1,0,0,1,0,1,1,0,0,1,0,0,0,1,1,0,1,0,1,1,1,1,1,0,1,1,0,0,0,1,1,0,1,1,0,0,1,1,1,1,0,0,1,0,1,0,1,1,0,1,0,0,0,1,0,0,0,0,1,0,0,1,0,0,1,1,0,1,0,0,0,0,0,0,1,0,1,0,1,0,0,1,1,0,1,0,0,0,1,0,1,0,0,1,1,0,1,1,0,0,0,0,0,1,1,0,0,1,0,0,1,0.0,-4597.5099999999975,1
0,0,1,0,0,0,1,0,1,0,1,1,0,1,0,0,1,1,0,1,0,1,1,1,0,1,1,0,0,1,0,0,1,0,0,1,0,0,1,1,0,0,1,0,1,1,1,0,0,0,1,1,0,0,1,0,0,1,1,1,1,1,0,0,1,0,0,0,1,1,0,0,1,1,1,1,1,1,0,0,0,1,1,0,0,1,0,0,0,1,0,1,1,1,1,1,0,1,1,1,1,1,0,0,0,1,1,0,1,1,0,0,1,0,0,1,0,0,1,0,0,0,1,1,0,1,0,0,0,0,1,0,1,1,1,1,0,0,0,1,1,1,1,0,0,0,0,1,0,0,1,0,1,1,0,0,0,0,1,1,1,1,0,0,1,1,1,1,1,1,1,1,0,1,0,0,1,1,0,1,0.0,-4597.42,1
0,0,1,0,1,1,1,0,1,0,0,0,0,0,0,0,1,1,0,0,0,1,1,1,0,0,1,1,1,1,1,1,1,0,0,1,1,1,1,0,0,0,0,1,1,0,1,0,1,0,1,1,0,0,1,0,0,1,1,1,1,0,0,1,0,1,1,0,0,1,0,1,0,0,1,0,1,1,0,1,1,0,0,1,0,0,0,0,0,0,1,1,1,0,1,1,1,0,0,0,1,1,0,1,0,1,1,0,0,0,0,0,1,0,0,1,0,0,1,0,1,1,0,0,0,1,1,0,0,0,1,1,1,1,0,1,0,0,0,1,1,1,1,0,1,0,1,0,0,0,0,0,1,1,0,0,0,0,1,1,1,0,0,0,1,1,1,0,1,0,1,1,0,1,0,0,0,1,0,1,0.0,-4597.4,1
0,1,1,1,0,1,1,0,1,0,0,0,0,1,1,0,1,1,0,1,0,1,1,1,0,1,1,0,0,1,1,0,1,0,0,1,0,1,1,0,0,0,1,1,1,1,1,0,0,0,1,1,0,0,1,0,1,1,1,0,0,1,0,0,1,1,1,1,0,1,0,0,0,0,0,1,1,1,0,0,0,0,1,0,0,1,0,0,0,0,1,0,1,0,1,0,0,0,1,1,1,1,1,1,0,0,1,0,1,0,1,1,1,0,0,1,0,0,1,0,0,0,1,1,1,1,0,0,0,1,1,1,0,1,1,1,0,0,0,1,1,0,1,0,0,0,0,1,0,1,0,1,1,1,1,1,0,1,1,0,0,1,0,0,1,1,0,0,1,0,1,1,0,1,0,0,1,1,1,1,0.0,-4597.200000000001,1
1,0,0,0,1,0,0,1,0,1,0,0,1,0,0,1,0,0,1,0,1,0,0,1,1,1,1,1,1,1,0,1,0,0,1,0,1,1,1,0,1,1,1,1,0,1,0,1,0,0,0,0,0,1,0,1,0,0,0,1,1,1,1,0,0,0,0,0,1,0,1,0,0,1,1,1,0,0,1,0,1,1,1,0,1,0,0,1,1,0,0,1,0,0,0,1,1,0,1,1,0,0,0,1,1,1,0,1,1,1,0,0,1,1,0,0,1,1,0,1,1,0,1,0,0,0,0,1,1,0,0,1,0,0,1,0,1,1,1,0,0,0,0,1,0,1,0,1,1,0,0,0,0,0,0,1,1,0,0,1,1,0,1,1,0,0,1,0,0,1,0,0,1,0,0,1,1,0,0,0,0.0,-4597.15,1
1,1,1,1,1,0,0,1,0,1,1,0,1,1,0,0,1,0,0,0,1,1,0,0,0,0,1,1,1,0,0,1,1,0,0,1,1,0,0,1,0,0,1,0,1,1,1,1,0,1,0,1,1,1,1,1,1,0,1,0,0,1,0,0,0,0,0,0,1,0,0,0,1,0,0,0,0,0,1,1,1,0,0,1,0,1,1,1,0,1,1,1,1,1,1,1,1,1,0,1,0,0,0,0,0,1,1,0,1,0,1,1,0,0,1,0,0,0,0,1,0,1,1,1,0,1,0,1,1,1,1,0,1,1,1,1,0,0,0,1,0,1,0,1,0,0,1,1,0,0,1,0,1,1,1,0,1,0,1,1,0,0,1,0,1,0,0,1,0,0,1,1,1,1,1,0,1,1,0,1,0.0,-4597.15,1
0,0,0,0,1,0,1,1,0,1,1,1,1,0,1,1,0,1,1,0,0,0,1,0,1,1,1,1,1,0,0,1,0,0,1,0,1,1,0,1,1,1,0,0,0,0,0,0,1,1,1,0,1,0,0,0,0,1,0,1,1,0,1,1,0,0,1,1,1,1,1,1,1,0,1,1,0,0,0,0,1,0,1,0,1,1,1,0,1,0,0,1,0,1,0,0,1,0,1,0,0,1,1,0,1,0,0,1,0,1,0,0,0,1,1,1,1,1,1,0,0,0,0,0,1,0,1,1,0,0,0,1,0,0,0,0,1,1,1,0,0,0,0,0,1,1,1,1,1,1,0,1,0,0,0,1,0,1,0,0,1,0,1,1,0,1,1,0,1,0,0,0,1,0,1,1,0,0,1,0,0.0,-4596.979999999999,1
0,0,0,0,0,0,0,0,1,0,1,0,0,0,0,0,0,0,0,1,1,1,0,1,0,0,1,1,0,1,0,0,1,0,1,0,1,0,1,1,1,0,1,0,1,1,0,1,0,0,0,0,0,0,1,1,0,0,0,1,1,1,0,0,1,0,1,0,1,0,1,0,1,0,1,0,1,1,0,1,1,0,0,1,0,1,0,0,0,0,0,1,1,1,0,1,1,1,0,1,1,0,0,0,1,1,1,0,1,1,0,0,1,0,0,0,0,1,0,1,0,1,1,0,0,1,0,0,1,0,0,0,1,0,1,1,0,1,1,1,1,1,1,0,0,0,0,1,1,0,0,0,1,0,0,0,1,0,1,1,1,1,0,0,1,0,1,1,1,0,1,1,0,0,0,1,1,1,0,0,0.0,-4596.969999999999,1
1,1,0,1,0,0,0,1,0,1,1,1,1,0,1,0,1,0,0,1,1,1,0,0,0,0,1,1,0,0,0,0,1,0,0,1,1,0,0,1,1,0,1,0,1,1,1,0,0,0,0,0,1,0,1,1,1,0,1,0,0,1,0,0,1,0,0,1,1,0,0,0,1,1,0,0,0,0,0,1,1,1,0,1,0,1,0,0,0,0,0,0,1,1,0,1,1,1,0,1,0,1,0,0,1,0,0,0,1,0,1,0,0,0,1,0,0,1,1,1,0,1,1,0,1,1,0,1,0,1,1,0,1,0,1,1,0,1,1,1,0,1,0,0,0,0,1,1,1,1,0,0,1,0,1,1,0,0,1,0,1,1,1,0,1,1,0,1,1,1,1,1,1,1,1,1,1,1,1,0,0.0,-4596.970000000001,1
1,1,0,0,1,1,0,1,0,1,1,1,1,0,1,1,1,0,1,0,1,0,0,0,1,0,1,0,1,0,0,1,1,0,1,0,0,1,0,0,1,1,1,1,0,1,0,0,0,1,0,0,1,0,0,1,0,0,1,1,0,1,1,0,0,1,0,1,0,0,0,0,1,1,1,0,0,0,1,1,0,1,0,1,0,0,1,0,1,1,0,0,0,0,0,1,1,0,0,1,0,1,0,1,1,1,0,1,1,0,0,0,0,1,1,0,1,1,1,1,1,1,1,0,1,0,0,1,0,0,1,1,0,0,1,0,1,1,1,0,0,1,0,0,0,1,0,1,1,0,1,1,0,0,0,1,0,0,0,0,1,0,1,1,0,1,1,0,1,1,0,0,1,1,1,1,1,0,1,0,0.0,-4596.879999999998,1
0,1,0,1,1,0,0,0,1,0,1,0,0,0,1,1,0,0,1,0,1,0,0,0,1,1,0,1,1,1,1,1,1,1,1,0,1,0,1,1,1,1,0,0,0,1,1,1,0,1,0,0,0,1,0,1,1,0,0,0,0,1,1,1,0,0,0,1,1,0,1,1,1,0,0,1,1,1,1,0,1,0,1,0,0,0,1,1,1,0,1,0,0,1,0,0,1,0,1,0,1,0,1,0,1,0,0,1,1,1,1,1,1,1,1,0,1,1,0,1,1,0,0,0,1,0,1,0,1,1,0,0,0,0,0,0,1,1,1,0,1,0,1,1,1,1,1,0,1,1,1,1,0,0,1,0,1,1,0,0,0,0,0,1,0,0,0,0,0,0,0,0,0,0,1,1,0,0,1,0,0.0,-4596.8499999999985,1
0,0,0,1,1,1,0,1,0,1,1,1,1,1,1,1,0,0,1,0,1,0,0,1,1,0,0,1,1,0,0,1,1,1,1,0,1,0,1,1,1,1,1,0,0,1,1,1,0,0,0,0,1,0,0,1,1,0,0,0,1,1,1,0,0,1,0,0,0,0,1,0,1,0,0,0,0,0,1,1,1,1,0,0,0,0,0,0,1,1,1,0,0,1,0,1,1,1,0,1,0,0,0,0,1,1,0,1,1,1,1,1,0,1,0,0,1,1,0,1,1,1,1,1,1,0,0,1,1,1,0,0,0,0,1,0,1,1,1,0,0,1,0,0,0,1,0,1,1,0,1,1,0,0,1,1,1,0,0,1,0,0,1,1,0,0,0,1,1,1,0,0,1,0,0,1,1,0,0,0,0.0,-4596.84,1
1,1,0,1,0,0,0,1,0,1,1,1,1,1,1,0,1,0,0,1,1,1,0,0,0,0,1,0,0,0,0,0,1,0,0,1,0,1,0,1,0,0,1,0,1,1,1,1,0,0,0,0,1,1,1,1,1,0,1,0,0,1,0,0,1,0,0,1,1,0,0,0,1,1,0,0,0,0,1,1,0,1,0,1,0,1,0,1,0,1,1,1,1,1,0,1,1,0,0,1,0,0,0,0,1,0,0,0,0,1,1,0,0,0,1,0,0,1,0,1,0,1,1,1,1,1,0,1,1,1,1,1,1,0,0,1,0,1,1,1,0,1,0,1,1,0,1,1,0,1,1,0,1,1,1,1,1,0,1,0,1,1,1,1,1,0,0,0,0,1,1,1,1,1,1,0,1,1,1,1,0.0,-4596.719999999999,1
1,1,0,0,1,1,0,1,0,1,1,0,1,0,1,1,1,0,1,0,1,0,0,1,1,1,0,1,1,0,0,1,1,1,1,0,1,0,0,1,1,1,1,0,0,1,1,0,0,0,0,0,1,1,0,1,0,0,1,1,0,1,1,0,0,1,0,1,0,0,0,0,1,0,1,1,0,0,1,0,1,0,1,0,0,0,0,1,1,0,1,0,0,1,0,1,1,1,1,1,0,1,0,0,1,0,1,1,1,1,0,0,0,1,0,0,1,1,1,1,1,0,1,0,0,0,0,1,0,0,1,0,0,0,1,0,1,1,1,0,0,1,0,1,0,1,0,1,1,1,0,1,0,0,0,1,0,0,0,0,1,0,1,0,0,1,1,1,0,0,0,0,1,1,0,1,1,0,1,0,0.0,-4596.699999999998,1
0,0,1,0,1,1,0,0,1,0,1,1,0,0,0,1,0,0,1,0,1,0,0,1,1,1,1,1,1,1,0,1,0,0,1,0,1,0,1,1,0,1,0,0,0,1,1,0,0,0,0,1,0,0,0,1,0,0,0,1,1,1,1,1,0,1,1,0,0,0,1,1,1,0,1,1,1,1,1,0,1,0,1,0,1,0,0,0,1,0,0,0,0,1,1,1,0,0,1,0,1,1,0,0,0,0,1,1,0,0,0,0,1,1,0,0,1,1,1,1,1,0,0,0,1,0,1,0,0,0,0,0,0,1,0,0,1,0,0,0,1,0,1,0,1,1,0,1,0,1,0,1,0,1,0,0,0,0,0,1,0,0,0,0,0,1,1,0,1,0,0,0,0,0,0,0,0,0,0,1,0.0,-4596.69,1
1,1,1,0,1,0,0,0,1,0,1,1,0,0,1,1,0,0,1,0,1,0,0,1,1,0,1,1,1,1,1,1,0,0,1,0,1,0,1,1,0,1,1,0,0,1,0,0,0,0,0,1,0,0,0,1,0,0,0,1,0,1,1,1,0,0,0,1,1,0,1,1,1,0,1,0,1,1,0,1,1,0,0,1,1,1,0,0,1,1,1,1,0,1,1,1,0,1,0,0,1,1,0,0,0,0,1,1,0,0,0,0,1,1,0,0,1,0,1,1,0,1,0,0,0,0,1,0,0,0,0,0,0,1,0,0,1,0,0,0,1,1,1,0,1,1,0,0,0,1,1,1,0,1,0,0,0,0,0,0,1,0,0,0,0,1,1,1,1,0,0,0,0,0,0,0,0,0,1,1,0.0,-4596.589999999998,1
1,0,0,1,0,1,0,1,0,1,1,1,1,1,1,0,0,0,0,1,1,1,0,0,0,1,1,0,0,0,0,0,1,0,0,1,0,0,0,1,1,0,1,0,1,1,1,1,0,0,0,0,1,1,1,1,1,0,0,0,1,1,0,0,1,1,0,1,0,0,1,0,1,1,0,1,0,0,1,0,0,1,1,0,0,0,0,1,0,1,0,0,1,1,0,0,1,0,1,1,0,0,1,0,1,1,0,0,1,0,1,0,0,0,1,1,0,1,0,1,1,0,1,1,0,1,0,1,1,1,0,0,1,0,1,1,0,1,1,1,0,1,0,1,0,0,1,1,1,0,1,0,1,0,1,1,1,1,1,0,0,1,0,1,1,0,0,0,0,1,1,1,1,0,1,1,1,1,1,0,0.0,-4596.559999999999,1
0,1,1,1,1,0,0,0,1,0,1,1,0,0,1,1,1,0,1,0,1,0,0,0,1,0,0,1,1,1,0,1,1,1,1,0,1,0,0,1,0,1,1,0,0,1,1,1,0,1,0,1,0,0,0,1,1,0,1,0,0,1,1,0,0,0,0,1,0,0,0,0,1,0,0,0,1,1,1,1,1,0,0,1,0,0,1,0,1,1,0,0,0,1,1,1,0,1,0,1,1,0,0,0,0,1,1,1,1,0,1,0,1,1,1,0,1,0,0,1,1,1,1,0,1,0,0,0,1,1,1,0,0,1,1,0,1,0,0,0,1,1,1,0,0,1,0,1,0,0,1,0,0,1,1,1,1,0,0,0,1,0,0,0,0,0,0,1,1,0,0,0,0,1,1,0,1,0,1,1,0.0,-4596.45,1
0,0,0,0,0,1,0,0,1,0,0,0,0,0,0,0,0,0,0,1,1,1,0,1,0,1,1,0,0,1,0,0,1,0,0,1,0,0,1,0,1,0,1,1,1,1,0,0,0,1,0,0,0,1,1,1,0,0,0,1,1,1,0,0,1,1,0,0,0,0,1,0,0,0,1,1,1,1,1,0,0,0,1,0,0,0,1,1,0,1,1,0,1,0,0,1,1,0,1,1,1,1,0,1,1,1,0,0,1,1,0,0,1,0,0,0,0,1,1,1,1,0,1,0,0,1,0,0,0,0,0,0,1,0,1,1,0,1,1,0,1,0,1,1,0,0,0,1,1,0,0,0,1,0,0,0,0,0,1,1,1,1,0,1,1,1,1,0,0,0,0,1,0,0,0,1,1,1,0,0,0.0,-4596.439999999999,1
1,0,1,1,0,1,0,0,1,0,1,1,0,0,1,1,1,0,1,1,1,1,0,1,1,1,1,0,0,1,1,0,1,0,1,0,0,0,1,1,0,0,1,0,0,1,1,0,0,0,0,1,0,0,0,1,1,0,1,0,1,1,1,0,1,1,1,1,0,0,0,0,1,0,0,1,1,1,1,0,0,0,1,0,0,0,0,0,1,1,1,0,0,1,1,0,0,0,1,1,0,1,1,0,0,1,1,0,1,0,1,0,1,1,0,0,1,0,1,1,1,0,1,0,0,0,0,0,0,1,1,0,0,1,1,0,1,0,0,0,1,1,1,0,0,1,1,1,0,0,1,1,0,1,1,0,0,1,1,0,1,1,0,0,0,1,0,0,1,0,0,0,1,1,0,0,1,0,1,1,0.0,-4596.200000000001,1
1,1,1,0,1,1,0,0,1,0,1,1,0,0,0,1,0,0,1,0,1,0,0,1,1,0,0,1,1,1,0,1,1,1,1,0,1,0,1,1,1,1,1,0,0,1,1,0,0,1,0,1,0,1,0,1,1,0,1,0,0,1,1,0,0,1,0,0,0,0,0,0,1,0,1,0,1,1,1,1,1,0,0,1,0,1,1,1,1,1,0,0,0,1,1,1,0,1,0,1,1,1,0,0,0,1,1,1,1,0,0,0,1,1,0,0,1,0,1,1,0,1,1,0,1,0,0,0,0,0,1,0,0,1,1,0,1,0,0,0,1,1,1,1,0,1,0,1,1,0,1,1,0,0,0,0,0,0,0,1,1,0,0,0,0,1,1,1,0,0,0,0,0,1,0,1,1,0,0,0,0.0,-4596.199999999997,1
1,1,1,1,1,1,0,0,1,0,1,1,0,1,1,1,1,0,1,0,1,0,0,1,1,1,1,0,1,1,0,1,0,0,1,0,0,0,0,1,0,1,1,0,0,1,1,0,0,1,0,1,1,0,0,1,1,0,1,0,0,1,1,0,0,1,0,1,0,0,0,0,1,1,0,1,1,1,1,0,0,1,1,0,1,0,1,0,1,1,1,0,0,1,1,1,0,0,1,1,1,1,0,0,0,1,1,1,1,0,1,0,1,1,0,0,1,0,1,1,1,0,1,1,1,0,0,0,0,1,1,0,0,1,1,0,1,0,0,0,1,0,1,0,0,1,0,0,0,0,1,1,0,1,1,1,0,0,0,0,1,0,0,0,0,1,0,0,1,1,0,0,0,1,0,0,1,0,1,1,0.0,-4596.189999999999,1
1,0,1,1,0,0,0,1,0,1,1,0,1,1,1,1,1,0,1,1,1,0,0,1,1,0,0,0,0,0,0,0,0,1,1,0,0,0,0,1,0,1,0,0,0,0,1,0,1,1,0,1,1,1,0,1,1,0,1,0,1,0,1,1,1,0,0,1,1,0,0,1,1,1,0,0,0,0,0,0,0,1,0,1,1,0,1,1,1,1,0,1,0,1,1,1,0,1,1,0,0,1,0,0,0,0,1,1,0,0,1,0,0,1,0,0,1,0,1,1,1,0,0,1,0,0,1,1,0,1,1,0,0,1,0,0,1,0,0,0,0,0,0,1,1,1,0,0,0,1,1,1,0,1,1,1,0,0,0,0,1,1,1,0,0,1,0,1,0,1,0,0,1,1,0,0,0,0,1,1,0.0,-4596.139999999999,1
0,1,1,1,1,1,0,0,1,0,0,0,0,1,1,1,1,0,1,0,1,0,0,0,1,1,1,1,1,1,0,1,1,0,1,0,1,1,1,0,1,1,1,1,0,1,1,1,0,1,0,1,0,1,0,1,1,0,1,0,0,1,1,0,0,1,1,1,0,0,0,0,0,0,0,1,1,1,1,0,1,0,1,0,0,0,1,1,1,0,0,0,0,0,1,0,1,0,1,1,1,0,1,1,0,1,1,1,1,0,1,1,1,1,1,0,1,0,0,1,1,0,1,1,1,0,0,0,1,1,1,1,0,1,1,0,1,0,0,0,1,0,1,1,0,1,0,0,0,0,0,1,0,1,1,1,1,1,0,0,0,0,0,0,0,0,0,0,1,0,0,0,0,1,1,0,1,0,1,0,0.0,-4596.0999999999985,1
0,1,1,0,0,0,1,1,0,1,0,1,1,0,0,1,1,1,1,1,0,0,1,1,1,1,1,0,0,0,0,0,0,0,1,0,0,1,0,0,0,1,0,1,0,0,0,0,1,0,1,1,1,1,0,0,0,1,1,1,0,0,1,1,1,0,0,0,1,1,0,1,0,1,1,1,0,0,0,0,0,1,1,0,1,1,0,1,1,1,0,1,0,0,1,1,1,0,1,0,0,1,0,1,0,0,1,1,0,0,0,0,0,1,0,1,1,0,1,0,0,0,0,0,0,0,1,1,0,0,1,1,0,0,0,0,1,0,0,0,0,0,0,1,1,1,0,0,0,1,1,1,0,1,0,1,0,0,0,1,1,1,1,0,0,0,1,0,0,1,0,0,1,1,0,0,0,0,0,1,0.0,-4596.079999999998,1
0,0,1,0,1,1,1,0,1,0,1,1,0,0,0,1,0,1,1,0,0,0,1,0,1,0,0,1,1,1,0,1,0,1,1,0,1,0,1,1,0,1,1,0,0,0,1,0,1,0,1,1,0,0,0,0,0,1,0,1,1,0,1,0,0,1,0,0,0,1,1,0,1,0,0,0,1,1,1,0,1,0,0,1,1,0,0,0,1,0,0,0,0,1,1,0,0,0,1,1,1,1,1,0,0,1,1,1,1,0,0,0,1,1,1,1,1,0,1,0,1,0,1,0,0,0,0,0,0,0,0,0,0,1,1,0,1,0,0,0,1,0,1,0,0,1,0,1,0,0,0,1,0,1,0,0,0,1,0,1,1,0,0,1,0,1,1,0,1,0,0,0,0,0,1,0,1,0,0,1,0.0,-4595.919999999999,1
0,0,0,0,1,0,0,1,0,1,0,0,1,0,0,1,0,0,1,0,1,0,0,0,1,1,1,1,1,0,0,1,1,0,1,0,1,1,1,0,1,1,1,1,0,1,1,1,0,0,0,0,0,1,0,1,0,0,0,1,1,1,1,0,0,0,1,0,1,0,1,0,0,1,1,1,0,0,1,0,1,1,1,0,0,1,0,1,1,1,1,1,0,0,0,1,1,1,1,1,0,0,0,1,1,0,0,1,1,0,0,0,0,1,1,0,1,1,0,0,0,0,1,0,0,0,0,1,1,0,0,1,0,0,1,0,1,1,1,0,0,0,0,1,0,1,1,1,1,1,1,1,0,0,0,1,1,0,0,1,1,0,1,1,0,0,1,1,0,1,0,0,1,0,1,1,1,0,0,0,0.0,-4595.92,1
1,1,1,1,0,1,1,1,0,1,1,0,1,1,1,0,1,1,0,1,0,1,1,1,0,0,1,1,0,0,1,0,0,0,0,1,1,0,0,1,0,0,1,0,1,0,1,0,1,1,1,1,1,1,1,0,1,1,1,0,0,0,0,0,1,1,0,1,0,1,0,0,1,1,0,0,0,0,0,1,0,1,0,1,1,1,1,0,0,1,0,1,1,1,1,0,0,1,0,1,0,1,1,0,0,1,1,0,1,0,1,0,0,0,0,1,0,0,1,0,0,1,1,1,0,1,0,1,0,1,1,0,1,1,1,1,0,0,0,1,0,1,0,0,0,0,0,1,0,0,1,0,1,1,1,1,0,1,1,0,1,1,1,0,1,0,0,1,1,1,1,1,1,1,0,0,1,1,1,1,0.0,-4595.719999999999,1
1,1,1,0,0,1,0,0,1,0,1,1,0,1,0,1,1,0,1,1,1,1,0,0,0,1,1,0,0,1,0,0,1,0,1,0,0,0,1,1,0,0,1,0,1,1,0,1,0,0,0,1,0,1,1,1,0,0,1,1,0,1,1,0,1,1,1,0,0,0,0,0,1,0,1,1,1,1,1,0,0,0,1,0,0,1,0,1,0,1,1,1,1,1,1,0,0,0,1,1,1,0,1,0,0,1,1,0,1,0,0,1,1,0,1,0,1,0,0,1,0,0,1,1,0,0,0,0,1,0,1,0,1,1,1,0,1,0,0,0,1,1,1,1,0,0,0,1,0,0,0,0,0,1,0,0,1,1,1,1,0,1,0,1,1,0,1,0,0,0,0,0,0,1,1,0,1,1,0,1,0.0,-4595.689999999999,1
0,1,1,1,0,0,0,0,1,0,1,1,0,0,1,0,1,0,0,1,1,1,0,1,0,1,0,0,0,1,1,0,0,1,1,1,0,0,1,1,1,0,1,0,1,1,1,0,0,1,0,1,0,1,1,1,1,0,1,0,0,1,0,0,1,0,0,1,1,0,0,0,1,1,0,1,1,1,0,0,0,1,1,0,1,1,1,0,0,1,0,1,1,1,1,0,1,1,1,1,1,1,1,0,0,1,1,0,1,0,1,1,1,0,0,0,0,0,1,1,0,0,1,0,0,1,0,0,0,1,1,0,1,1,1,1,0,0,0,1,1,0,1,0,0,0,1,1,1,0,1,0,1,0,1,0,0,1,1,0,0,1,0,0,1,1,0,1,0,1,1,1,0,1,0,1,1,1,1,0,0.0,-4595.6799999999985,1
1,1,1,0,0,0,0,1,0,1,0,1,1,0,0,1,1,0,1,1,1,1,0,0,1,0,1,1,0,0,0,0,1,0,1,0,0,1,0,0,0,0,1,1,0,1,1,0,0,1,0,1,1,1,0,1,0,0,1,1,0,1,1,0,1,0,0,0,1,0,0,0,0,1,1,0,0,0,1,1,1,1,0,1,0,1,1,1,1,1,1,1,0,0,1,1,0,0,0,1,0,1,0,1,0,0,1,0,1,0,0,0,0,1,1,0,1,0,1,1,0,1,1,0,1,0,0,1,0,0,1,1,0,1,1,0,1,0,0,0,0,1,0,1,0,1,1,1,0,1,1,1,0,1,0,1,0,0,1,1,1,1,1,0,0,1,1,0,0,1,0,0,1,1,1,0,1,0,0,1,0.0,-4595.489999999997,1
0,1,1,1,0,0,0,0,1,0,1,1,0,1,1,0,1,0,0,1,1,1,0,1,0,0,1,0,0,1,0,0,1,0,0,1,0,0,1,1,1,0,1,0,1,1,1,1,0,0,0,1,0,0,1,1,1,0,1,0,0,1,0,1,1,0,0,1,1,0,0,1,1,0,0,0,1,1,1,1,0,0,0,1,0,1,0,0,0,0,1,1,1,1,1,1,0,1,0,0,1,0,0,0,0,0,1,1,0,0,1,0,1,0,0,0,0,0,0,1,0,1,0,1,0,1,1,0,1,1,1,0,1,1,0,1,0,0,0,1,1,1,1,0,1,0,0,0,1,1,0,0,1,0,1,1,1,0,1,0,1,1,0,1,1,0,0,1,1,0,1,1,0,1,0,1,0,1,1,0,0.0,-4595.010000000001,1
0,1,0,0,1,1,0,0,1,0,0,0,0,1,0,1,0,0,1,0,1,0,0,1,1,1,1,1,1,1,1,1,1,0,1,0,1,1,1,0,1,1,1,1,0,1,0,0,0,0,0,0,0,1,0,1,0,0,0,1,0,1,1,0,0,1,0,0,0,0,1,0,0,0,1,1,1,1,0,0,1,0,1,0,0,0,0,1,0,0,1,0,0,0,0,0,1,0,1,1,0,1,1,1,1,1,0,1,1,0,0,1,1,1,0,0,1,1,1,1,1,0,1,1,1,0,0,0,0,0,0,1,0,0,1,0,1,1,1,0,1,0,1,1,0,1,0,0,1,0,0,1,0,0,0,0,0,1,0,1,0,0,0,0,0,1,1,0,0,0,0,0,1,0,0,1,1,0,0,0,0.0,-4594.709999999998,1
0,0,0,1,0,1,0,1,0,1,0,1,1,1,1,0,0,0,0,1,1,1,0,1,0,0,1,0,0,0,0,0,1,0,0,1,0,1,0,0,1,0,1,1,1,1,1,1,0,1,0,0,1,1,1,1,1,0,0,0,1,1,0,0,1,1,0,1,0,0,1,0,0,1,0,0,0,0,1,0,0,1,0,1,0,0,1,1,0,1,0,0,1,0,0,1,1,0,1,1,1,0,0,1,1,1,0,0,1,1,1,1,0,0,0,0,0,1,0,1,1,0,1,1,0,1,0,1,1,1,0,1,0,0,1,1,0,1,1,1,0,0,0,1,0,0,1,1,1,0,1,1,1,0,1,1,1,0,1,0,0,1,0,1,1,0,0,0,0,1,1,1,0,0,0,1,1,1,1,0,0.0,-4594.570000000001,1
0,1,1,0,1,0,0,1,0,1,1,1,1,0,0,1,1,0,1,0,1,0,0,0,1,1,1,1,1,0,0,1,1,0,1,0,1,0,1,1,0,1,0,0,0,1,1,0,0,1,0,1,1,0,0,1,0,0,1,1,0,1,1,1,0,0,0,0,1,0,0,1,1,1,1,1,0,0,1,0,1,1,1,0,0,0,1,0,1,0,0,0,0,1,1,1,1,0,1,0,0,1,0,0,0,0,1,1,0,0,0,1,0,1,1,0,1,0,1,1,1,0,0,0,0,0,1,1,0,0,1,0,0,1,0,0,1,0,0,0,0,1,0,0,1,1,0,0,0,1,0,1,0,1,0,0,0,0,0,1,0,0,1,1,0,1,1,0,1,1,0,0,1,1,1,0,0,0,0,1,0.0,-4594.539999999998,1
0,1,1,0,1,1,0,0,1,0,1,0,0,1,0,1,1,0,1,0,1,0,0,0,1,1,1,1,1,1,0,1,1,0,1,0,1,1,1,1,0,0,0,0,0,1,1,0,0,1,0,1,0,1,0,1,0,0,1,1,0,1,1,1,0,1,0,0,0,0,0,1,1,1,1,1,1,1,0,0,1,1,1,0,0,0,1,1,1,0,1,0,0,1,1,1,0,1,1,0,1,1,0,0,0,0,1,0,0,0,0,0,1,1,1,0,1,0,1,1,1,0,0,1,0,0,1,0,0,0,1,1,0,1,0,0,1,0,0,0,1,0,1,1,1,1,1,0,0,1,0,1,0,1,0,0,0,0,1,1,1,0,0,1,0,1,1,1,0,1,0,0,0,1,1,0,0,0,0,1,0.0,-4594.519999999998,1
0,0,1,1,0,1,1,0,1,0,0,0,0,1,1,0,1,1,0,1,0,1,1,0,0,0,0,1,0,1,1,0,0,1,1,1,1,0,1,1,0,0,1,0,1,0,1,1,1,1,1,1,0,0,1,0,1,1,1,0,1,0,0,0,1,1,0,1,0,1,0,0,0,0,0,0,1,1,0,1,1,0,0,1,1,0,1,0,0,0,0,0,1,1,1,0,0,0,1,1,1,0,1,0,0,1,1,0,1,0,1,1,1,0,1,1,0,0,0,0,1,0,1,1,0,1,0,0,1,1,1,0,1,1,1,1,0,0,0,1,1,1,1,0,0,0,1,1,0,0,0,0,1,1,1,0,1,1,1,0,0,1,0,0,1,0,0,0,1,0,1,1,0,1,1,0,1,1,1,1,0.0,-4594.37,1
1,0,0,0,0,1,1,0,1,0,1,1,0,1,0,0,0,1,0,1,0,1,1,0,0,1,0,0,0,1,0,0,0,1,0,1,0,0,1,1,1,0,1,0,1,0,0,0,1,0,1,0,0,0,1,0,0,1,0,1,1,0,0,0,1,1,0,0,0,1,1,0,1,0,1,1,1,1,0,0,0,0,1,0,1,0,0,0,0,1,0,0,1,1,0,0,1,0,1,1,1,1,1,0,1,1,0,0,1,1,0,1,1,0,1,1,0,1,1,0,1,0,1,1,0,1,0,0,0,0,0,0,1,0,1,1,0,1,1,1,1,1,1,0,0,0,1,0,1,0,1,0,1,0,0,0,0,1,1,1,0,1,1,0,1,1,1,0,1,0,1,1,0,0,1,1,1,1,0,0,0.0,-4594.339999999999,1
1,0,0,0,1,1,0,1,0,1,1,0,1,1,0,1,0,0,1,0,1,0,0,1,1,1,1,1,1,0,0,1,1,0,1,0,1,1,0,0,1,1,0,1,0,1,0,0,0,0,0,0,1,1,0,1,0,0,0,1,1,1,1,1,0,1,0,0,0,0,1,1,1,1,1,1,0,0,1,0,1,1,1,0,0,0,0,1,1,0,0,0,0,0,0,1,1,0,1,0,1,1,0,0,1,0,1,1,0,1,0,1,0,1,0,0,1,1,1,0,1,0,0,1,1,0,1,1,0,0,0,1,0,0,0,0,1,1,1,0,0,0,0,1,1,1,0,0,1,1,0,1,0,0,0,1,0,0,0,1,0,0,1,1,0,1,1,0,0,1,0,0,0,0,0,1,0,0,0,0,0.0,-4594.33,1
1,1,1,0,1,1,1,0,1,0,1,1,0,0,0,0,1,1,0,0,0,1,1,0,0,0,1,0,1,1,1,1,0,0,0,1,0,0,1,1,1,0,1,0,1,0,1,1,1,1,1,1,0,1,1,0,0,1,1,1,0,0,0,0,0,1,0,0,0,1,0,0,1,0,1,0,1,1,0,0,0,0,0,1,1,0,1,1,1,1,0,0,1,1,1,0,1,0,1,1,1,0,1,0,0,1,1,0,1,0,0,0,1,0,1,1,0,0,0,0,1,0,1,0,0,1,0,0,1,0,1,0,1,1,1,1,0,0,0,1,1,0,1,1,0,0,1,1,1,0,1,0,1,0,0,0,1,1,1,1,1,0,0,0,1,0,1,0,0,0,1,1,0,1,1,1,1,1,0,0,0.0,-4594.3,1
1,1,1,0,0,0,0,0,1,0,1,1,0,1,0,1,1,0,1,1,1,0,0,0,1,0,1,0,0,1,0,0,1,0,1,0,0,0,1,1,0,1,1,0,0,1,1,0,0,0,0,1,0,1,0,1,0,0,1,1,0,1,1,0,1,0,0,0,1,0,0,0,1,0,1,0,1,1,1,1,0,0,0,1,0,0,0,1,1,0,1,1,0,1,1,1,0,1,0,1,1,1,0,0,0,1,1,1,1,0,0,0,1,1,1,0,1,0,1,1,1,1,1,0,1,0,0,0,0,0,1,0,0,1,1,0,1,0,0,0,1,1,1,1,0,1,1,1,0,0,0,1,0,1,0,1,0,0,0,1,1,1,0,0,0,1,1,1,0,0,0,0,0,1,1,0,1,0,0,1,0.0,-4594.1799999999985,1
1,1,0,0,0,1,0,1,0,1,0,1,1,0,0,0,1,0,0,1,1,1,0,0,0,0,1,0,0,0,1,0,1,0,0,1,0,1,0,0,1,0,1,1,1,1,1,0,0,0,0,0,1,1,1,1,0,0,1,1,0,1,0,0,1,1,0,0,0,0,0,0,0,0,1,0,0,0,1,1,0,1,0,1,0,0,0,1,0,0,0,0,1,0,0,1,0,0,0,1,0,1,0,1,1,0,0,0,1,0,0,0,0,0,1,0,0,1,1,1,1,1,1,0,0,1,0,1,0,0,1,1,1,1,1,1,0,1,1,1,0,1,0,1,0,0,1,1,1,1,0,0,1,0,0,1,0,0,1,1,1,1,1,1,1,1,1,0,0,1,1,1,1,1,1,1,1,1,0,0,0.0,-4593.649999999999,1
1,0,0,1,0,0,1,0,1,0,1,0,0,1,1,0,0,1,0,1,0,1,1,1,0,1,1,1,0,1,1,0,0,0,0,1,1,0,1,1,1,0,1,0,1,0,0,0,1,1,1,0,0,0,0,0,1,1,0,0,1,0,0,0,1,0,0,1,1,1,1,0,1,0,0,1,1,1,0,0,1,0,1,0,1,1,1,0,0,0,0,1,1,1,0,0,1,0,1,1,1,1,1,0,1,0,0,0,1,1,1,1,1,0,0,1,0,1,1,0,0,0,1,1,0,1,0,0,0,1,0,0,1,0,1,1,0,1,1,1,1,0,1,0,0,0,0,1,1,1,0,0,1,0,1,1,0,1,1,0,0,1,0,1,1,1,0,0,0,0,1,1,0,0,0,1,1,1,1,0,0.0,-4593.619999999999,1
0,1,0,0,1,0,0,1,0,1,1,1,1,1,0,1,0,0,1,0,1,0,0,0,1,0,1,1,1,0,0,1,0,0,1,0,1,0,0,1,1,0,1,0,0,1,0,1,0,0,0,0,1,1,0,1,0,0,0,1,0,1,1,0,0,0,0,0,1,0,1,0,1,0,1,0,0,0,0,0,1,0,0,1,1,1,0,1,1,0,0,1,0,1,0,1,1,0,1,1,0,0,0,0,1,1,0,0,1,1,0,1,0,1,1,0,1,1,0,1,0,0,1,1,1,0,0,1,1,0,0,0,0,0,1,0,1,1,1,0,0,0,0,1,0,1,1,1,1,0,0,0,0,0,0,1,1,0,1,1,0,0,1,1,0,0,1,0,0,0,0,0,1,0,1,1,1,0,0,0,0.0,-4593.62,1
1,0,1,1,0,0,1,0,1,0,1,1,0,0,1,0,1,1,0,1,0,1,1,1,0,1,1,0,0,0,1,0,0,0,0,1,0,0,0,1,0,0,0,0,1,0,1,1,1,1,1,1,1,1,1,0,1,1,1,0,1,0,0,1,1,0,1,1,1,1,0,1,1,0,0,1,1,1,0,0,0,0,1,1,1,1,1,1,0,1,1,1,1,1,1,0,0,1,1,0,1,0,1,0,0,0,1,0,0,0,1,1,0,0,0,1,0,0,0,0,0,0,0,0,0,1,1,0,1,1,1,0,1,1,0,1,0,0,0,1,0,1,1,1,1,0,0,0,0,1,1,0,1,1,1,0,1,1,1,0,0,1,0,1,1,0,0,1,0,0,1,1,0,1,0,0,0,1,1,1,0.0,-4593.610000000001,1
1,0,0,0,1,0,1,0,0,0,0,1,1,1,0,1,0,1,1,0,0,0,1,1,1,0,0,1,1,1,1,1,0,1,1,0,1,1,1,0,1,1,1,1,0,0,0,1,1,0,1,0,0,0,0,0,0,1,0,1,1,0,1,0,0,0,0,0,1,1,1,0,0,0,1,0,1,1,0,1,1,0,0,1,1,1,0,0,1,0,1,1,0,0,0,0,1,1,0,1,1,0,1,1,1,1,0,0,1,1,0,0,1,1,0,1,1,1,0,0,0,1,1,1,0,0,0,0,1,0,0,1,0,0,1,0,1,1,1,0,1,1,1,0,0,1,0,1,1,0,0,1,0,0,0,1,1,1,0,1,1,0,0,1,0,1,1,1,1,0,0,0,0,0,0,1,1,0,0,0,0.0,-4593.530000000001,1
1,0,1,0,1,0,0,0,1,0,1,1,0,1,0,1,0,0,1,0,1,0,0,1,1,0,1,1,1,1,1,1,1,0,1,0,1,0,0,1,1,1,1,0,0,1,0,1,0,0,0,1,0,1,0,1,0,0,0,1,1,1,1,0,0,0,0,0,1,0,1,0,1,0,1,0,1,1,1,1,1,0,0,1,0,1,0,1,1,0,1,1,0,1,1,1,0,1,0,1,1,0,0,0,0,0,1,1,1,1,0,1,1,1,0,0,1,0,0,1,0,1,1,1,1,0,0,0,1,0,0,0,0,1,1,0,1,0,0,0,1,1,1,1,0,1,0,1,1,1,0,1,0,0,0,0,1,0,0,1,0,0,0,0,0,1,1,1,0,0,0,0,0,0,0,1,1,0,0,0,0.0,-4593.499999999999,1
1,0,1,0,0,1,0,0,1,0,0,1,0,0,1,0,0,0,0,1,1,1,0,0,0,1,1,0,0,1,0,0,0,0,0,1,0,0,1,1,0,0,1,0,1,1,1,0,0,0,0,1,0,1,1,1,0,0,1,1,1,1,0,0,1,1,0,1,0,0,0,0,0,0,1,1,1,1,1,0,0,0,1,0,1,0,0,1,0,1,0,0,1,1,1,0,0,1,1,1,1,1,1,0,0,1,1,0,1,0,0,1,1,0,1,0,0,0,1,1,1,0,1,0,0,1,0,0,0,0,1,0,1,1,1,1,0,0,0,1,1,1,1,1,0,0,0,1,0,0,1,0,1,1,0,0,0,1,1,0,0,1,0,1,1,1,1,1,0,0,1,1,0,1,1,0,1,1,1,1,0.0,-4593.269999999999,1
1,1,1,0,0,0,0,0,1,0,0,1,0,1,0,0,1,0,0,1,1,1,0,1,0,0,1,0,0,1,0,0,1,0,0,1,0,1,1,0,0,0,1,1,1,1,0,1,0,1,0,1,0,0,1,1,0,0,0,1,0,1,0,0,1,0,0,0,1,0,1,0,0,1,1,0,1,1,1,1,0,1,0,1,0,1,1,0,0,1,0,1,1,0,1,1,0,0,0,1,1,0,0,1,0,1,1,0,1,0,0,0,1,0,0,0,0,0,0,1,0,1,1,1,0,1,0,0,1,0,0,1,1,1,1,1,0,0,0,1,1,1,1,0,0,0,0,1,0,0,0,1,1,1,0,0,1,0,1,1,1,1,0,0,1,1,1,0,1,1,1,1,0,0,0,0,1,1,0,1,0.0,-4593.130000000002,1
1,0,0,0,0,1,0,1,0,1,1,0,1,1,0,0,0,0,0,1,1,1,0,0,0,1,1,0,0,0,1,0,1,0,0,1,0,0,0,1,0,0,1,0,1,1,0,0,0,1,0,0,1,1,1,1,0,0,0,1,1,1,0,0,1,1,0,0,0,0,1,0,1,0,1,1,0,0,1,1,0,0,1,0,0,1,1,1,0,0,1,0,1,1,0,1,1,0,1,1,0,1,0,0,1,1,0,0,1,1,0,1,0,0,1,0,0,1,1,1,0,0,1,1,0,1,0,1,0,0,0,0,1,0,1,1,0,1,1,1,0,1,0,1,0,0,0,1,0,0,0,0,1,1,0,1,0,0,1,1,0,1,1,0,1,1,1,0,0,0,1,1,1,0,1,0,1,1,0,1,0.0,-4593.109999999999,1
0,1,1,1,0,1,0,0,1,0,0,1,0,1,0,0,1,0,0,1,1,1,0,0,0,1,1,0,0,1,1,0,0,0,0,1,0,1,1,0,0,0,1,1,1,1,1,0,0,1,0,1,0,0,1,1,1,0,1,0,0,1,0,0,1,1,1,0,0,0,0,0,0,1,0,1,1,1,1,0,0,0,1,0,1,0,1,0,0,1,1,0,1,0,1,1,1,0,1,1,0,1,0,1,0,1,1,0,1,0,1,0,1,0,1,0,0,0,1,1,1,0,1,1,1,1,0,0,0,1,1,1,1,1,1,1,0,0,0,1,1,0,1,0,0,0,1,1,0,0,1,0,1,1,1,0,0,0,1,1,1,1,0,1,1,1,0,0,1,0,1,1,1,1,1,0,1,1,0,1,0.0,-4593.03,1
0,0,1,0,1,0,0,1,0,1,1,1,1,1,1,1,1,0,1,1,1,0,0,1,1,1,1,1,1,0,0,0,1,0,1,0,1,0,0,1,0,1,1,0,0,1,1,1,0,1,0,1,1,1,0,1,0,0,1,1,1,1,1,0,0,0,0,1,1,0,0,0,1,1,1,1,0,0,1,0,1,1,1,0,0,0,1,1,1,0,0,0,0,1,1,1,0,0,1,1,0,0,0,0,0,1,1,1,1,0,0,1,0,1,0,0,1,0,0,1,1,0,1,1,1,0,0,1,1,0,1,0,0,1,1,0,1,0,0,0,0,0,0,1,1,1,0,1,0,0,0,1,0,1,0,1,1,0,0,0,0,0,1,1,0,0,1,0,0,1,0,0,1,1,0,0,1,0,1,1,0.0,-4592.99,1
0,1,0,0,0,0,0,1,0,1,1,0,1,1,0,0,1,0,0,1,1,1,0,1,0,1,0,1,0,0,0,0,0,1,0,1,1,0,0,1,1,0,0,0,1,1,0,1,0,0,0,0,1,1,1,1,0,0,0,1,0,1,0,1,1,0,0,0,1,0,1,1,1,1,1,1,0,0,1,0,1,1,1,0,1,1,0,1,1,0,1,1,1,1,0,1,1,0,1,0,0,0,0,0,1,0,0,1,0,1,0,1,0,0,0,0,0,1,0,1,0,0,0,1,0,1,1,1,1,0,0,0,1,0,0,1,0,1,1,1,0,0,0,1,1,0,0,0,1,1,0,0,1,0,0,1,1,0,1,1,0,1,1,1,1,0,1,0,0,1,1,1,1,0,0,1,0,1,0,0,0.0,-4592.969999999999,1
0,0,1,0,1,0,0,1,0,0,1,1,1,0,0,1,1,0,1,0,1,0,0,0,1,0,1,0,1,0,1,1,1,0,1,0,0,0,0,1,0,1,0,0,0,1,1,1,0,0,0,1,1,0,0,1,0,0,1,1,1,1,1,1,0,0,0,0,1,0,0,1,1,1,1,0,0,0,1,1,0,1,0,1,0,1,0,0,1,1,0,1,0,1,1,1,0,1,0,0,0,0,0,0,0,0,1,1,0,0,0,0,0,1,1,0,1,0,0,1,0,1,0,0,0,0,1,1,1,0,1,0,0,1,0,0,1,0,0,0,0,1,1,0,1,1,0,0,0,1,1,1,0,1,0,1,1,0,0,1,1,0,1,0,0,0,1,1,1,1,0,0,1,1,1,0,0,0,0,1,0.0,-4592.97,1
0,1,0,1,1,1,0,0,1,0,0,1,0,0,1,1,0,0,1,0,1,0,0,0,1,1,1,1,1,1,0,1,1,0,1,0,1,1,1,0,1,1,1,1,0,1,1,1,0,1,0,1,0,1,0,1,1,0,0,0,0,1,1,0,0,1,0,1,0,0,1,0,0,1,0,1,1,1,1,0,1,1,1,0,0,0,1,1,1,0,0,0,0,0,1,1,0,0,1,1,1,0,0,1,0,1,1,1,1,0,1,1,1,1,1,0,1,1,0,1,1,0,1,0,0,0,0,0,1,1,0,1,0,1,1,0,1,1,1,0,1,0,1,1,0,1,0,1,1,0,0,0,0,0,1,1,1,0,0,0,0,0,0,0,0,0,0,0,0,1,0,0,0,0,1,1,1,0,1,0,0.0,-4592.8499999999985,1
0,0,1,0,1,0,0,0,1,0,1,0,0,0,0,1,0,0,1,0,1,0,0,1,1,0,1,1,1,1,0,1,0,0,1,0,1,0,1,1,0,1,1,0,0,1,1,0,0,0,0,1,0,0,0,1,0,0,0,1,1,1,1,0,0,0,0,0,1,0,1,0,1,0,0,0,1,1,0,1,1,0,0,1,1,0,0,0,1,0,0,1,0,1,1,1,0,1,0,1,1,1,0,0,0,1,1,1,1,0,0,0,1,1,0,0,1,0,1,1,1,1,1,0,1,0,0,0,0,0,0,0,0,1,1,0,1,0,0,1,1,1,1,0,0,1,0,1,0,0,0,1,0,1,0,0,0,0,0,1,1,0,0,0,0,1,1,1,1,0,1,0,0,0,0,0,1,0,0,1,0.0,-4592.849999999999,1
0,1,0,0,0,0,0,1,0,1,0,1,1,0,0,1,0,0,1,1,1,1,0,0,1,1,1,0,0,0,0,0,1,0,1,0,0,0,0,1,1,0,1,0,0,1,1,0,0,0,0,0,1,1,0,1,0,0,0,1,0,1,1,0,1,0,1,0,1,0,1,0,0,1,1,1,0,0,0,0,0,1,1,0,0,1,0,1,1,1,0,1,0,1,0,1,1,1,1,1,0,1,0,1,1,1,0,0,1,1,0,1,0,1,1,0,1,1,1,1,0,0,1,0,1,0,0,1,0,0,0,0,0,0,1,0,1,1,1,0,0,0,0,1,1,1,0,0,1,0,1,1,0,0,0,1,0,0,1,1,0,1,1,1,0,1,1,1,0,1,0,0,1,0,1,1,1,0,0,0,0.0,-4592.679999999999,1
0,1,1,0,0,0,0,1,0,1,1,1,1,0,0,0,1,0,0,1,1,1,0,1,0,1,1,0,0,0,0,0,1,0,0,1,0,0,0,1,0,0,0,0,1,1,1,0,0,1,0,1,1,1,1,1,0,0,1,1,0,1,0,1,1,0,0,0,1,0,0,1,1,0,1,1,0,0,1,1,0,0,1,0,0,0,1,0,0,1,1,0,1,1,1,0,0,1,1,0,0,1,1,0,0,1,1,0,0,0,0,0,0,0,0,0,0,0,1,1,1,0,0,0,0,1,1,1,0,0,1,0,1,1,0,1,0,0,0,1,0,1,0,0,1,0,1,0,0,0,1,0,1,1,0,1,0,1,1,1,1,1,1,0,1,1,1,1,1,0,1,1,1,1,0,0,0,1,0,1,0.0,-4592.669999999998,1
0,1,1,1,1,0,0,0,1,0,1,0,0,0,1,1,1,0,1,0,1,0,0,1,1,1,0,1,1,1,0,1,1,1,1,0,1,0,1,1,1,1,1,0,0,1,1,1,0,1,0,1,0,1,0,1,1,0,1,0,0,1,1,1,0,0,0,1,1,0,0,1,1,0,0,1,1,1,1,0,1,0,1,0,0,1,1,1,1,0,0,1,0,1,1,1,0,1,1,0,1,0,0,0,0,0,1,1,0,0,1,1,1,1,0,0,1,0,0,1,0,0,0,0,1,0,1,0,1,1,1,0,0,1,0,0,1,0,0,0,1,0,1,1,1,1,1,0,0,1,0,1,0,1,1,1,1,0,0,0,0,0,0,0,0,1,0,1,0,0,0,0,0,1,0,0,0,0,1,1,0.0,-4592.659999999999,1
0,1,0,0,1,0,0,1,0,1,0,0,1,1,0,1,0,0,1,0,1,0,0,0,1,1,0,1,1,0,1,1,0,1,1,0,1,1,0,0,1,1,1,1,0,1,0,1,0,0,0,0,1,1,0,1,0,0,0,1,0,1,1,0,0,0,0,0,1,0,1,0,0,0,0,1,0,0,1,0,1,0,1,0,1,0,0,1,1,0,0,0,0,0,0,1,1,0,1,1,0,0,0,1,1,1,0,1,1,0,0,1,0,1,1,0,1,1,0,1,1,0,1,1,1,0,0,1,1,0,0,1,0,0,1,0,1,1,1,0,0,0,0,1,0,1,1,1,1,0,0,1,0,0,0,0,1,0,0,1,0,0,1,0,0,1,1,0,0,0,0,0,1,0,1,1,1,0,0,0,0.0,-4592.479999999999,1
0,1,0,0,1,1,1,1,0,1,0,0,1,0,0,0,0,1,0,0,0,1,1,1,0,1,1,1,1,0,1,1,0,0,0,1,1,1,0,0,1,0,1,1,1,0,0,1,1,0,1,0,1,1,1,0,0,1,0,1,0,0,0,0,0,1,0,0,0,1,1,0,0,0,1,1,0,0,0,0,1,0,1,0,1,1,0,0,0,0,0,1,1,0,0,1,1,0,1,1,0,0,0,1,1,1,0,0,1,1,0,1,0,0,0,1,0,1,0,0,0,0,1,0,0,1,0,1,1,0,0,1,1,0,1,1,0,1,1,1,0,0,0,0,0,0,1,1,1,0,0,0,1,0,0,1,1,0,1,1,0,0,1,1,1,1,1,0,0,0,1,1,1,0,0,1,1,1,0,0,0.0,-4592.430000000001,1
1,1,1,0,0,0,0,0,1,0,1,1,0,1,0,0,1,0,0,1,1,1,0,0,0,0,0,0,0,1,0,0,0,1,0,1,0,0,1,1,0,0,1,0,1,1,0,1,0,1,0,1,0,1,1,1,0,0,1,1,0,1,0,0,1,0,1,0,1,0,0,0,1,0,1,0,1,1,1,0,0,0,0,0,1,1,1,1,0,1,1,1,0,1,1,1,0,1,1,1,1,0,0,0,0,1,1,0,1,0,0,1,1,0,1,0,0,0,0,1,0,0,1,1,1,1,0,0,1,0,1,0,1,1,1,1,0,0,0,1,1,0,1,1,0,0,1,1,0,0,1,0,1,1,0,0,1,0,1,1,0,1,0,0,1,0,1,1,0,0,1,1,0,1,1,0,1,1,0,1,0.0,-4592.33,1
1,0,1,1,0,0,0,1,0,0,1,0,1,0,1,0,1,0,0,1,1,1,0,1,0,1,1,0,0,0,0,0,0,0,0,1,0,0,0,1,1,0,1,0,1,1,1,1,0,1,0,1,1,1,1,1,1,0,1,0,1,1,0,0,1,0,0,1,1,0,0,0,1,0,0,1,0,0,0,0,0,0,1,0,1,1,1,1,0,1,0,1,1,1,1,0,0,0,1,1,1,0,1,0,0,1,1,0,1,0,1,1,0,0,0,0,0,0,0,1,0,0,1,0,0,1,0,0,1,1,1,0,0,1,1,1,0,0,0,1,0,0,1,1,0,0,1,1,1,0,1,1,1,0,1,1,1,1,1,0,0,1,1,1,1,0,0,0,0,0,1,1,0,1,0,1,1,1,1,0,0.0,-4592.110000000001,1
0,0,0,0,0,0,0,0,1,0,1,1,0,0,0,0,0,0,0,1,1,1,0,1,0,0,1,0,0,1,0,0,1,0,0,1,0,0,0,1,1,0,1,0,1,1,0,0,0,1,0,0,0,1,1,1,0,0,0,1,1,1,0,0,1,0,0,0,1,0,1,0,1,0,1,0,1,1,0,1,0,0,0,1,0,1,1,1,0,0,1,1,1,1,0,1,0,1,0,1,1,1,0,0,1,1,0,0,1,1,0,1,1,0,0,0,0,1,1,1,0,1,1,0,1,1,0,0,0,0,0,0,1,0,1,1,0,1,1,1,1,1,1,1,1,0,1,1,1,0,0,0,1,0,0,0,0,0,1,1,0,1,0,1,1,1,1,1,0,0,1,1,0,0,0,1,1,1,0,0,0.0,-4592.05,1
0,0,0,1,1,0,0,0,1,0,0,0,0,0,1,1,0,0,0,0,1,0,0,1,1,1,0,1,1,1,0,1,1,1,0,0,1,1,0,0,1,1,1,1,0,1,0,0,0,0,0,0,0,1,0,1,1,0,0,0,1,1,1,0,0,0,1,1,1,0,1,0,0,0,0,1,1,1,0,0,1,0,1,0,0,1,0,1,1,0,0,1,0,0,0,1,1,1,1,1,1,1,0,1,1,1,0,1,1,1,1,0,1,1,0,0,1,1,1,1,0,0,1,0,1,1,0,0,0,1,0,1,0,0,1,0,0,1,1,0,1,0,1,0,0,1,0,1,1,0,0,1,0,0,1,0,0,0,0,0,1,0,0,0,0,1,0,1,0,0,0,0,0,0,0,1,1,0,1,0,0.0,-4591.979999999999,1
1,0,0,0,0,0,1,1,0,1,1,0,1,0,0,0,0,1,0,1,0,1,1,1,0,1,1,0,0,0,1,0,0,0,0,1,0,0,0,1,0,0,0,0,1,0,0,0,1,0,1,0,1,1,0,0,0,1,0,1,0,0,0,1,1,0,1,0,1,1,1,1,1,0,1,1,0,0,0,0,0,0,1,0,1,1,0,0,0,1,1,1,1,1,0,1,1,0,1,0,0,1,0,0,1,0,0,0,0,1,0,1,0,0,0,1,0,1,1,0,0,0,0,0,0,1,1,1,0,0,0,0,1,0,0,1,0,1,1,1,0,0,0,0,1,0,1,0,0,1,1,0,1,1,0,1,0,0,1,1,0,1,1,1,1,1,1,0,1,0,1,1,1,0,0,0,0,1,0,1,0.0,-4591.969999999999,1
1,1,1,1,0,1,1,0,1,0,0,0,0,1,1,0,1,1,0,1,0,1,1,0,0,1,1,0,0,1,1,0,0,0,0,1,0,0,0,1,0,0,1,0,1,0,1,0,1,0,1,1,1,1,1,0,1,1,1,0,0,0,0,0,1,1,1,1,0,1,0,0,0,0,0,1,1,1,0,0,0,0,1,0,1,0,0,1,0,1,0,0,0,1,1,1,1,1,1,1,1,1,0,1,0,1,1,0,1,0,1,0,1,0,1,1,0,0,1,0,1,0,1,1,0,1,0,0,0,1,1,0,1,1,1,1,0,0,0,1,1,0,1,1,0,0,1,1,0,0,1,0,1,1,1,0,0,0,1,0,1,1,0,0,1,1,0,1,0,0,1,1,0,1,1,0,1,1,1,1,0.0,-4591.67,1
0,1,1,0,0,1,0,1,0,0,0,1,1,1,0,1,0,0,1,1,1,0,0,1,1,1,1,0,0,0,0,0,1,0,1,0,0,1,0,0,0,1,0,1,0,1,1,1,0,1,0,1,1,0,0,1,0,0,0,1,0,1,1,1,1,1,1,0,0,0,1,1,0,0,1,1,0,0,1,0,0,0,1,0,0,0,1,0,1,1,0,0,0,0,1,1,0,0,1,0,1,0,0,1,0,0,1,1,0,0,0,0,0,1,0,0,1,0,0,1,1,0,0,1,1,0,1,0,1,0,0,1,0,1,0,0,1,0,0,0,0,0,1,0,1,1,1,0,0,1,1,1,0,1,0,1,1,0,0,1,1,1,1,0,0,0,1,0,1,0,0,0,0,0,0,0,0,0,0,1,0.0,-4591.59,1
1,1,0,0,1,1,0,1,0,1,0,1,1,0,0,1,0,0,1,0,1,0,0,1,1,1,0,0,1,0,0,1,0,1,1,0,0,1,1,0,1,1,1,1,0,1,0,0,0,0,0,0,1,1,0,1,0,0,0,1,0,1,1,0,0,1,1,0,0,0,1,0,0,1,1,1,0,0,1,0,0,1,1,0,1,0,0,1,1,0,1,0,0,0,0,1,1,0,1,1,0,1,0,1,1,1,0,1,1,1,0,1,0,1,0,0,1,1,1,1,1,0,1,0,0,0,0,1,0,0,0,1,0,0,1,0,1,1,1,0,0,0,0,0,1,1,0,1,1,0,1,1,0,0,0,1,0,0,0,1,0,0,1,1,0,1,1,0,0,1,0,0,1,0,0,1,1,0,0,0,0.0,-4591.57,1
0,1,1,1,0,0,0,1,0,1,1,0,1,0,1,1,1,0,1,1,1,0,0,1,1,0,1,0,0,0,0,0,1,0,1,0,0,0,0,1,0,1,1,0,0,1,0,0,0,0,0,1,1,1,0,1,1,0,1,0,0,1,1,0,1,0,1,1,1,0,0,0,1,1,0,0,0,0,0,1,0,1,0,1,0,0,0,1,1,1,1,0,0,1,1,0,0,0,0,1,0,1,1,0,0,1,1,1,1,0,1,0,0,1,0,0,1,0,1,1,1,1,1,0,1,0,0,1,0,1,1,0,0,1,1,0,1,0,0,0,0,1,0,1,0,1,0,1,0,0,1,1,0,1,1,1,0,1,0,0,1,1,1,1,0,1,0,0,0,1,0,0,1,1,0,0,1,0,1,1,0.0,-4591.5199999999995,1
0,1,0,1,1,1,0,0,0,0,0,0,1,1,1,1,0,0,1,0,1,0,0,1,1,1,0,1,1,1,0,1,0,1,1,0,1,1,1,0,1,1,1,1,0,1,0,1,0,0,0,0,0,0,0,1,1,0,0,0,0,1,1,0,0,1,1,1,0,0,1,0,0,1,0,1,1,1,0,0,1,1,1,0,1,0,0,0,1,0,0,0,0,0,0,0,1,1,1,1,1,0,1,1,1,1,0,1,1,1,1,0,1,1,0,0,1,1,0,1,1,0,1,1,1,0,0,0,1,1,0,1,0,0,1,0,1,1,1,0,1,0,1,0,0,1,0,1,1,0,0,0,0,0,1,0,1,1,0,0,1,0,0,1,0,0,0,1,1,1,0,0,0,0,0,1,1,0,1,0,0.0,-4591.469999999999,1
1,1,1,1,0,1,0,0,1,0,0,0,0,1,1,0,1,0,0,1,1,1,0,1,0,0,1,0,0,1,1,0,0,0,0,1,0,1,1,0,0,0,1,1,1,1,1,1,0,1,0,1,0,1,1,1,1,0,1,0,0,1,0,0,1,1,0,1,0,0,0,0,0,0,0,1,1,1,1,0,0,0,1,0,1,0,1,0,0,1,0,0,1,0,1,0,1,1,1,1,1,0,1,1,0,1,1,0,1,0,1,1,1,0,0,0,0,0,0,1,1,0,1,1,1,1,0,0,1,1,1,1,1,1,1,1,0,0,0,1,1,0,1,0,0,0,1,1,0,0,1,0,1,1,1,0,1,1,1,0,0,1,0,0,1,0,0,1,0,0,1,1,0,1,0,0,1,1,1,1,0.0,-4591.42,1
1,1,1,0,0,0,1,0,1,0,1,0,0,0,1,0,1,1,0,1,0,1,1,0,0,0,0,0,0,1,0,0,1,1,0,1,0,0,0,1,0,0,0,0,1,0,0,1,1,0,1,1,0,1,1,0,0,1,1,1,0,0,0,1,1,0,0,1,1,1,0,1,1,0,1,0,1,1,0,0,0,0,0,1,0,1,0,1,0,0,1,1,1,1,1,1,0,1,1,0,1,0,0,0,0,0,1,0,0,1,0,0,1,0,1,1,0,0,0,0,0,0,0,0,0,1,1,0,1,0,1,0,1,1,0,1,0,0,0,1,1,0,1,1,1,0,1,0,0,1,0,0,1,1,0,0,1,0,1,0,1,1,0,1,1,0,1,1,0,0,1,1,0,1,1,0,0,1,1,1,0.0,-4591.340000000001,1
0,1,0,1,1,1,1,1,0,1,0,1,1,1,1,1,0,0,1,0,0,0,1,0,1,1,1,1,1,0,1,1,0,0,1,0,1,1,0,0,1,1,1,1,0,0,0,0,1,0,1,0,1,1,0,0,1,1,0,0,0,0,1,0,0,1,0,1,0,1,1,0,0,1,0,1,0,0,0,0,1,1,1,0,1,0,0,1,1,1,0,0,0,0,0,0,1,0,1,1,0,1,1,1,1,1,0,1,1,1,1,0,0,1,1,1,1,0,1,0,1,0,1,1,0,0,0,1,0,1,0,1,0,0,1,0,1,1,1,0,0,0,0,1,0,1,0,1,1,0,1,1,0,0,1,1,0,1,0,0,1,0,1,1,0,1,0,0,0,1,0,0,1,0,1,1,1,0,1,0,0.0,-4591.279999999999,1
1,0,0,1,0,0,1,1,0,1,1,1,1,1,1,0,1,1,0,1,0,1,1,0,0,1,1,0,0,0,1,0,0,0,0,1,0,0,0,1,1,0,1,0,1,0,0,1,1,1,1,0,1,1,1,0,1,1,1,0,1,0,0,1,1,0,0,1,1,1,0,1,1,1,0,1,0,0,0,0,0,1,1,0,1,1,1,1,0,1,1,1,0,1,0,0,1,0,1,0,0,0,1,0,1,1,0,0,0,1,1,1,0,0,1,1,0,1,0,0,0,0,0,1,0,1,1,1,1,1,1,0,0,0,0,1,0,1,1,1,0,0,0,1,1,0,1,0,1,0,1,1,1,0,1,1,1,1,1,0,0,1,1,0,1,0,0,0,0,1,1,1,1,1,1,1,0,1,1,0,0.0,-4591.209999999998,1
0,1,1,1,0,0,0,0,1,0,1,0,0,0,1,0,1,0,0,1,1,1,0,0,0,1,0,1,0,1,0,0,1,1,0,1,1,0,1,1,1,0,1,0,1,1,1,0,0,1,0,1,0,1,1,1,1,0,1,0,0,1,0,0,1,0,0,1,1,0,0,0,1,0,0,1,1,1,0,0,1,0,1,1,0,1,1,1,0,1,1,1,1,1,1,1,0,1,1,1,1,1,0,0,0,1,1,0,1,0,1,1,1,0,1,0,0,0,1,1,0,0,1,0,0,1,0,0,0,1,1,0,1,1,1,1,0,0,0,0,1,0,1,1,0,0,1,1,1,0,1,0,1,0,1,0,0,0,1,0,0,1,0,0,1,1,0,1,0,0,0,1,0,1,1,1,1,1,1,0,0.0,-4591.169999999998,1
1,1,0,1,1,1,0,1,0,1,1,0,1,0,1,1,0,0,1,0,1,0,0,1,1,0,0,1,1,0,0,1,1,1,1,0,1,0,0,1,0,1,1,0,0,1,1,0,0,1,0,0,1,0,0,1,1,0,0,0,0,1,1,0,0,1,1,1,0,0,1,0,1,1,0,0,0,0,1,1,1,1,0,1,0,1,1,1,1,1,0,0,0,1,0,0,1,0,0,1,0,1,1,0,1,1,0,1,1,1,1,0,0,1,0,0,1,1,1,1,0,1,1,0,0,0,0,1,0,1,0,0,0,0,1,0,1,1,1,0,0,1,0,1,0,1,0,1,0,0,1,1,0,1,1,1,0,1,0,0,1,0,1,1,0,1,0,0,1,1,0,0,1,0,0,0,1,0,1,1,0.0,-4591.119999999999,1
1,1,1,1,0,1,1,0,1,0,0,1,0,1,1,0,0,1,0,1,0,1,1,0,0,1,1,0,0,0,1,0,0,0,0,1,0,0,0,1,0,0,0,0,1,0,0,1,1,0,1,1,1,0,1,0,1,1,0,0,0,0,0,1,1,1,1,1,0,1,1,1,0,0,0,1,1,1,0,0,0,0,1,0,1,0,0,1,0,1,1,0,1,1,1,1,0,1,1,0,1,0,0,1,0,0,1,0,0,0,1,0,0,0,1,1,0,0,0,0,1,0,0,1,0,1,1,0,1,1,0,0,1,1,0,1,0,0,0,1,0,0,1,1,1,0,1,0,0,1,1,0,1,1,1,0,1,0,1,0,1,1,0,0,1,1,0,1,0,0,1,1,0,0,1,0,0,1,1,1,0.0,-4591.090000000001,1
0,0,1,0,1,0,0,0,1,0,0,1,0,0,0,1,1,0,1,0,1,0,0,0,1,1,1,1,1,1,0,1,0,0,1,0,1,1,1,0,0,1,0,1,0,0,0,1,1,0,0,1,0,1,0,1,0,0,1,1,1,0,1,1,0,0,1,0,1,0,0,1,0,0,1,1,1,1,1,0,1,0,1,0,1,1,0,1,1,0,0,1,0,0,1,1,1,1,0,0,1,0,0,1,0,1,1,1,0,0,0,1,1,1,1,0,1,0,0,1,0,1,0,0,0,0,1,0,1,0,1,1,0,1,0,0,1,0,0,0,1,1,1,1,1,1,1,0,0,0,0,1,0,1,0,0,1,0,0,1,0,0,0,0,0,0,1,1,0,0,0,0,0,1,1,0,0,0,0,1,0.0,-4590.74,1
0,1,1,1,1,0,0,0,1,0,1,0,0,0,1,1,1,0,1,0,1,0,0,1,1,1,0,1,1,1,1,1,1,1,1,1,1,0,0,1,0,1,1,0,0,1,1,1,0,1,0,1,0,1,0,1,1,0,0,0,0,1,1,0,0,0,0,1,1,0,0,0,1,0,0,1,1,1,0,0,1,0,1,0,0,1,1,1,1,0,1,1,0,1,1,1,1,0,1,1,1,0,0,0,0,1,1,1,1,0,1,0,1,1,0,0,1,0,0,1,0,0,1,0,1,0,0,0,1,1,1,0,0,1,1,0,1,0,0,0,1,0,1,1,0,1,0,1,0,0,0,1,0,1,1,0,1,0,0,0,1,0,0,0,0,0,0,0,0,0,0,0,0,0,0,0,1,0,1,1,0.0,-4590.719999999998,1
0,0,1,1,1,1,0,0,1,0,1,0,0,0,1,1,1,0,1,0,1,0,0,0,1,0,1,1,1,1,1,1,1,0,0,0,1,0,1,1,1,1,1,0,0,1,0,0,0,0,0,1,0,0,0,1,1,0,1,0,1,1,1,0,0,1,0,1,0,0,0,0,1,0,0,0,1,1,1,1,1,0,0,1,0,1,0,0,1,1,1,0,0,1,1,0,0,0,0,1,1,1,1,0,0,1,1,1,1,0,1,0,1,1,1,0,1,0,1,1,0,1,1,0,1,0,0,0,0,1,1,0,0,1,1,0,1,0,0,0,1,1,1,0,0,1,1,1,0,0,1,1,0,1,1,0,0,1,0,0,1,0,0,0,0,1,0,0,1,0,0,0,0,1,1,0,1,0,1,0,0.0,-4590.669999999999,1
0,1,1,0,1,1,0,0,1,0,1,0,0,1,0,1,1,0,1,0,1,0,0,1,1,1,1,1,1,1,1,1,1,0,1,0,1,0,1,1,0,1,1,0,0,1,1,0,0,0,0,1,0,0,0,1,0,0,1,1,0,1,1,0,0,1,0,0,0,0,0,0,1,0,1,1,1,1,0,0,1,0,1,0,0,1,0,1,1,0,1,0,0,1,1,1,0,0,1,1,1,1,0,0,0,1,1,1,1,0,0,0,1,1,0,0,1,0,1,1,0,0,1,1,0,0,0,0,0,0,1,0,0,1,1,0,1,0,0,0,1,0,1,1,0,1,0,1,0,0,0,1,0,1,0,0,0,1,0,1,1,0,0,0,0,1,1,0,1,0,0,0,0,1,0,0,1,0,0,1,0.0,-4590.629999999998,1
0,1,1,1,1,1,0,0,1,0,1,0,0,0,0,1,1,0,1,0,1,0,0,1,1,0,0,1,1,1,0,1,0,1,1,0,1,0,1,1,0,1,1,0,0,1,1,0,0,1,0,1,0,0,0,1,1,0,1,0,0,1,1,0,0,1,0,0,0,0,0,0,1,0,0,0,1,1,1,1,1,0,0,1,1,0,1,0,1,1,1,0,0,1,1,1,0,1,0,1,1,1,0,0,0,1,1,1,1,0,1,1,1,1,0,0,1,0,1,1,1,1,1,0,0,0,0,0,0,1,1,0,0,1,1,0,1,0,0,0,1,1,1,0,1,1,1,1,0,0,1,0,0,1,1,0,0,0,0,1,0,0,0,0,0,0,0,1,1,0,0,0,0,1,0,0,1,0,0,1,0.0,-4590.549999999998,1
1,0,0,0,0,0,0,0,1,0,1,1,0,0,0,0,0,0,0,1,0,1,1,0,0,1,1,0,0,1,0,0,1,0,0,1,0,0,1,1,1,0,1,0,1,1,0,0,0,1,0,0,0,1,1,1,0,0,0,1,1,1,0,0,1,0,1,0,1,0,1,0,1,1,1,0,1,1,1,0,0,1,1,1,0,1,1,1,0,1,1,1,1,1,0,0,1,0,1,1,1,1,1,0,1,1,0,0,1,1,0,0,1,0,1,0,0,1,1,0,0,0,1,0,0,1,0,0,0,0,0,0,1,0,1,1,0,1,1,1,1,0,1,1,0,0,1,1,1,0,1,0,1,0,0,0,0,1,1,1,1,1,0,1,1,1,1,0,0,1,1,1,0,0,1,1,1,1,0,0,0.0,-4590.46,1
0,0,1,0,0,0,0,1,0,1,1,0,1,1,0,0,1,0,0,1,1,1,0,0,0,1,1,0,0,0,0,0,1,0,0,1,0,0,0,1,0,0,1,0,1,1,1,0,0,0,0,1,1,0,1,1,0,0,1,1,1,1,0,0,1,0,1,0,1,0,0,0,1,0,1,1,0,0,1,0,0,0,1,0,0,1,0,1,0,1,1,1,1,1,1,1,1,0,1,1,1,1,0,0,0,1,1,0,0,0,0,1,0,0,1,0,0,0,1,1,0,0,1,1,1,1,0,1,0,0,1,0,1,1,1,1,0,0,0,1,0,1,0,1,0,0,1,1,0,0,1,0,1,1,0,1,0,0,1,1,0,1,1,0,1,1,1,0,0,0,1,1,0,1,1,0,1,1,0,1,0.0,-4590.299999999999,1
1,1,1,0,0,0,1,0,1,0,1,0,0,1,0,1,1,1,1,1,0,1,1,0,1,1,0,0,0,1,1,0,0,1,1,0,0,0,1,1,0,0,1,0,0,0,1,1,1,1,1,1,0,0,0,0,0,1,1,1,0,0,1,0,1,0,0,0,1,1,0,0,1,1,0,1,1,1,0,0,0,0,1,0,1,1,1,1,0,1,1,1,0,1,1,1,0,0,1,1,1,0,0,0,0,1,1,0,1,0,0,1,1,1,1,1,1,0,0,0,0,0,1,1,0,0,0,0,1,0,1,0,0,1,1,0,1,0,0,0,1,0,1,1,0,1,0,1,0,0,1,1,0,1,0,0,1,0,1,1,0,1,0,1,0,0,1,0,0,0,0,0,0,1,1,0,1,0,0,1,0.0,-4590.209999999999,1
1,1,1,0,0,1,0,1,0,1,0,1,1,0,1,0,1,0,0,1,1,1,0,0,0,1,1,1,0,0,0,0,0,0,0,1,1,1,0,0,0,0,1,1,1,0,1,1,1,0,0,1,1,1,1,1,0,0,1,1,0,0,0,0,1,1,1,1,0,0,0,0,0,1,1,1,0,0,1,1,1,1,1,0,1,0,0,1,0,0,1,0,1,0,1,0,0,1,1,1,0,0,1,1,0,1,1,0,1,0,0,1,0,0,1,0,0,0,0,1,1,0,1,0,0,1,0,1,1,0,1,1,1,1,1,1,0,0,0,1,0,1,0,1,0,0,1,1,0,0,0,0,1,1,0,1,1,1,1,0,0,1,1,0,1,0,1,1,0,1,1,1,1,1,1,0,1,1,1,1,0.0,-4590.19,1
1,1,1,1,0,1,1,1,0,1,0,1,1,0,1,1,0,1,1,1,0,1,1,0,1,0,1,0,0,0,1,0,0,0,1,0,0,1,0,0,0,0,0,1,0,0,1,1,1,1,1,1,1,1,0,0,1,1,0,0,0,0,1,1,1,1,1,1,0,1,1,1,0,0,0,0,0,0,0,1,0,0,0,1,1,0,1,0,1,1,1,0,0,0,1,0,0,1,0,0,0,0,1,1,0,0,1,0,0,0,1,0,0,1,1,1,1,0,0,0,1,1,0,0,1,0,1,1,1,1,0,1,0,1,0,0,1,0,0,0,0,1,0,0,1,1,0,0,0,1,1,1,0,1,1,1,1,1,1,0,1,1,1,1,0,0,0,1,1,0,0,0,1,0,1,0,0,0,1,1,0.0,-4590.14,1
1,0,1,1,0,0,0,0,1,0,1,1,0,0,1,0,0,0,0,1,1,1,0,0,0,0,1,0,0,1,0,0,1,0,0,1,0,0,0,1,0,0,1,0,1,1,0,0,0,1,0,1,1,0,1,1,1,0,0,0,1,1,0,0,1,0,0,1,1,0,1,0,1,0,1,0,1,1,1,0,0,0,0,1,0,1,1,1,0,1,0,1,1,1,1,1,0,0,1,1,1,1,0,0,0,1,1,0,1,0,1,1,1,0,1,0,0,0,1,1,0,0,1,0,1,1,0,0,0,1,0,0,1,1,1,1,0,0,0,1,1,0,1,1,0,0,1,1,0,0,1,0,1,1,1,1,0,0,1,0,0,1,0,1,1,1,0,0,0,0,1,1,0,0,1,0,1,1,1,1,0.0,-4590.08,1
0,1,0,0,1,1,0,1,0,1,0,1,1,1,0,1,0,0,1,0,1,0,0,0,1,1,0,1,1,0,1,1,0,1,1,0,1,0,0,1,1,1,1,0,0,1,0,1,0,0,0,0,1,0,0,1,0,0,0,1,0,1,1,0,0,1,1,0,0,0,1,0,0,0,1,1,0,0,0,1,1,0,1,0,1,0,0,1,1,0,1,0,0,1,0,0,1,0,1,1,0,0,1,1,1,1,0,1,1,1,0,1,0,1,1,0,1,1,0,1,1,0,1,1,0,0,0,1,1,0,0,0,0,0,1,0,1,1,1,0,0,1,0,1,0,1,0,1,1,0,0,0,0,0,0,1,1,1,0,1,0,0,1,1,0,0,1,0,0,0,0,0,1,0,1,1,1,0,0,0,0.0,-4590.059999999999,1
0,0,0,1,1,1,0,0,1,0,1,1,0,0,1,1,0,0,1,0,1,0,0,1,1,1,1,1,1,1,0,1,1,0,1,0,1,1,1,1,1,1,1,1,0,1,0,0,0,0,0,0,0,0,0,1,1,0,0,0,1,1,1,0,0,1,0,1,0,0,1,0,1,0,0,1,1,1,1,0,1,0,1,0,0,0,0,0,0,0,1,0,0,1,0,1,1,0,1,1,1,1,0,0,1,1,0,1,1,1,1,1,1,1,0,0,1,1,1,0,1,0,1,0,0,0,0,0,0,1,0,1,0,0,1,0,1,1,1,0,1,0,1,0,0,1,1,1,1,0,0,1,0,0,1,0,0,0,0,0,0,0,0,0,0,1,0,0,1,0,0,0,0,0,0,1,1,0,1,0,0.0,-4589.999999999999,1
0,1,0,0,0,0,0,0,1,0,0,1,0,0,0,0,0,0,0,1,1,1,0,0,0,1,1,0,0,1,0,0,1,0,0,1,0,0,1,1,1,0,0,0,1,1,0,0,0,0,0,0,0,1,1,1,0,0,0,1,1,1,0,1,1,0,1,0,1,0,1,1,0,0,1,1,1,1,1,0,0,0,1,0,0,1,0,1,0,1,1,1,1,1,0,1,1,0,1,0,0,1,0,1,1,1,0,0,0,1,0,0,1,0,1,0,0,1,1,1,0,0,0,0,0,1,1,0,0,0,0,0,1,0,0,1,0,1,1,1,1,1,1,1,1,0,1,0,1,0,1,0,1,0,0,0,0,0,1,1,1,1,0,0,1,1,1,0,0,0,1,1,1,0,1,1,0,1,0,0,0.0,-4589.999999999999,1
0,1,0,1,0,1,0,1,0,1,0,0,1,0,1,0,0,0,0,1,1,1,0,0,0,1,1,1,0,0,0,0,1,0,0,1,0,1,0,0,1,0,1,1,1,1,0,1,0,0,0,0,1,1,1,1,1,0,0,0,0,1,0,0,1,1,1,1,0,0,1,0,0,0,0,1,0,0,0,0,1,0,1,0,0,0,0,1,0,0,0,0,1,0,0,1,1,0,1,1,0,0,0,1,1,1,0,0,1,1,1,0,0,0,1,0,0,1,0,1,1,0,1,0,0,1,0,1,1,1,0,1,1,0,1,1,0,1,1,0,0,0,0,1,0,0,1,0,1,0,1,0,1,0,1,1,1,0,1,0,1,1,1,1,1,0,0,0,0,0,0,1,1,0,1,1,1,1,1,0,0.0,-4589.97,1
1,0,1,1,0,1,0,0,1,0,1,0,0,0,1,1,0,0,1,1,1,0,0,0,1,1,0,0,0,1,0,0,1,1,1,0,0,0,0,1,0,1,0,0,0,1,0,0,0,0,0,1,0,0,0,1,1,0,0,0,1,1,1,1,1,1,0,1,0,0,1,1,1,0,0,1,1,1,1,0,0,0,1,0,0,0,0,1,0,1,0,0,0,1,1,1,0,1,1,0,1,1,0,0,0,0,1,1,0,0,1,0,1,1,1,0,1,0,1,1,1,0,0,0,1,0,1,0,0,1,0,0,0,1,0,0,1,0,0,0,1,0,1,1,1,1,1,0,0,1,1,1,0,1,1,0,0,0,0,0,1,1,0,1,0,1,0,1,0,0,0,0,0,0,1,0,0,0,1,1,0.0,-4589.959999999999,1
1,1,0,1,1,1,0,1,0,1,0,1,1,0,0,1,1,0,1,0,1,0,0,1,1,0,1,1,1,0,0,1,1,0,1,0,1,1,0,0,1,1,1,1,0,1,1,1,0,0,0,0,1,1,0,1,1,0,1,0,0,1,1,0,0,1,1,0,0,0,0,0,0,0,0,0,0,0,0,1,1,0,0,1,0,0,0,0,1,0,0,0,0,0,0,0,1,1,0,1,0,0,1,1,1,1,0,1,1,1,1,1,0,1,0,0,1,1,0,1,1,1,1,0,1,0,0,1,1,1,1,1,0,0,1,0,1,1,1,0,0,0,0,0,0,1,0,1,1,0,0,1,0,0,1,1,1,1,0,1,0,0,1,1,0,1,0,1,1,0,0,0,1,1,0,1,1,0,0,0,0.0,-4589.490000000002,1
1,0,1,1,1,1,0,0,1,0,0,1,0,1,1,1,1,0,1,0,1,0,0,0,1,1,1,1,1,1,0,1,0,0,1,0,1,1,1,0,0,1,0,1,0,0,1,1,1,1,0,1,0,0,0,1,1,0,1,0,1,0,1,1,0,1,1,1,0,0,0,1,0,0,0,1,1,1,1,0,0,0,1,0,1,0,1,1,1,1,0,0,0,0,1,1,0,1,1,0,1,0,0,1,0,1,1,1,0,0,1,1,1,1,1,0,1,0,0,1,1,0,0,1,1,0,1,0,1,1,1,1,0,1,0,0,1,0,0,0,1,0,1,1,1,1,1,0,0,0,1,0,0,1,1,0,1,0,0,0,0,0,0,0,0,1,0,1,0,0,0,0,0,1,1,0,0,0,1,1,0.0,-4589.449999999998,1
0,0,0,1,0,1,0,1,0,1,1,1,1,1,0,0,0,0,0,1,1,1,0,0,0,1,1,1,0,0,0,0,1,0,0,1,1,0,1,1,1,0,1,0,1,1,1,1,0,1,0,0,1,1,1,1,1,0,0,0,1,1,0,0,1,1,0,0,0,0,1,0,1,1,0,1,0,0,0,1,1,1,1,0,0,0,1,1,0,0,1,0,1,1,0,1,1,0,0,1,0,0,0,0,1,0,0,0,1,1,1,1,0,0,1,0,0,1,0,1,1,1,1,1,1,1,0,1,1,1,0,0,1,0,1,1,0,1,1,1,0,1,0,1,1,0,1,1,1,1,0,0,1,0,1,1,1,0,1,1,0,1,1,1,1,0,0,0,0,1,1,1,1,0,1,1,1,1,0,0,0.0,-4589.410000000001,1
1,1,1,1,0,1,0,0,1,0,0,1,0,1,1,1,1,0,1,1,1,1,0,1,1,1,0,0,0,1,0,0,1,1,1,0,0,1,1,0,1,0,1,1,0,1,1,0,0,0,0,1,0,0,0,1,1,0,1,0,0,1,1,0,1,1,1,1,0,0,0,0,0,1,0,1,1,1,1,0,0,0,1,0,0,0,0,0,1,1,1,0,0,0,1,1,1,0,1,1,1,1,0,1,0,1,1,0,1,0,1,1,1,1,0,0,1,0,1,1,1,0,1,1,1,0,0,0,0,1,1,1,0,1,1,0,1,0,0,0,1,0,1,0,0,1,1,1,1,0,1,1,0,0,1,1,0,0,1,0,0,1,0,1,0,1,0,0,1,0,0,0,0,1,0,1,1,0,1,0,0.0,-4589.37,1
0,1,1,1,0,1,0,1,0,1,1,1,1,1,1,0,1,0,0,1,1,1,0,1,0,1,1,1,0,0,0,0,0,0,0,1,1,0,1,1,1,0,1,0,1,1,1,0,0,0,0,1,1,1,1,1,1,0,1,0,0,1,0,0,1,1,0,1,0,0,0,0,1,0,0,1,0,0,1,0,1,0,1,0,1,0,0,1,0,0,0,0,1,1,1,0,0,0,1,1,0,1,1,0,0,0,1,0,1,0,1,0,0,0,0,0,0,0,1,1,1,0,1,1,0,1,0,1,0,1,1,0,1,1,1,1,0,0,0,1,0,0,0,1,0,0,0,1,1,1,0,0,1,0,1,1,0,1,1,0,1,1,1,0,1,1,0,0,0,0,1,1,1,1,0,1,1,1,1,0,0.0,-4589.36,1
1,1,0,1,0,1,0,0,1,0,1,0,0,1,1,0,0,0,0,1,1,1,0,0,0,0,1,0,0,1,0,0,1,0,0,1,0,0,1,1,0,0,1,0,1,1,1,0,0,1,0,0,0,0,1,1,1,0,0,0,0,1,0,0,1,1,1,1,0,0,1,0,1,0,0,0,1,1,1,1,0,0,0,1,0,1,1,1,0,1,1,0,1,1,0,1,1,0,0,1,1,1,0,0,1,1,0,0,1,1,1,0,1,0,1,0,0,0,1,1,0,1,1,1,0,1,0,0,0,1,0,0,1,0,1,1,0,1,1,1,1,0,1,1,0,0,1,1,0,0,1,0,1,1,1,0,0,0,1,0,1,1,0,1,1,1,0,0,1,0,1,1,0,0,1,0,1,1,1,1,0.0,-4589.349999999999,1
1,1,1,1,0,1,1,1,0,1,0,0,1,1,0,0,1,1,0,1,0,1,1,0,0,0,1,0,0,0,1,0,1,0,0,1,0,1,0,0,0,0,0,1,1,0,0,0,1,1,1,1,1,0,1,0,1,1,1,0,0,0,0,1,1,1,0,0,0,1,0,1,0,1,0,0,0,0,0,1,0,1,0,1,0,0,1,1,0,1,1,0,1,0,1,0,0,1,0,0,0,1,1,1,0,1,0,0,0,0,1,0,0,0,1,1,0,0,1,0,1,1,0,1,1,1,1,1,0,1,1,1,0,1,0,1,0,0,0,1,0,1,0,1,1,0,1,0,0,0,1,1,1,1,1,1,0,1,1,1,1,1,1,1,1,1,0,1,1,1,1,1,1,1,1,0,0,1,0,1,0.0,-4589.23,1
0,0,1,1,1,0,1,0,1,0,1,0,0,0,0,1,1,1,1,0,0,0,1,1,1,1,1,1,1,1,1,1,0,0,1,0,1,0,1,1,0,1,1,0,0,0,1,0,1,0,1,1,0,1,0,0,1,1,1,0,1,0,1,0,0,0,1,0,1,1,0,0,1,0,0,1,1,1,0,0,1,0,1,0,1,1,0,1,1,1,0,1,0,1,1,0,1,0,1,1,1,1,1,0,0,1,1,1,1,0,1,1,1,1,0,1,1,1,1,0,0,0,1,0,0,0,0,0,0,1,1,0,0,1,1,0,1,0,0,0,1,0,1,1,0,1,0,1,0,0,1,1,0,1,1,1,0,1,0,1,0,0,0,0,0,0,0,0,0,0,0,0,0,1,0,0,1,0,0,1,0.0,-4589.089999999999,1
0,1,1,1,1,1,0,0,1,0,1,0,0,1,1,1,1,0,1,0,1,0,0,0,1,1,0,1,1,1,0,1,1,1,1,0,1,0,1,1,1,1,1,0,0,1,1,0,0,0,0,1,0,0,0,1,1,0,1,0,0,1,1,0,0,1,0,1,0,0,0,0,1,1,0,1,1,1,0,0,1,1,1,0,0,0,0,0,1,0,1,0,0,1,1,1,0,1,1,1,1,1,0,0,0,1,1,1,1,1,1,0,1,1,1,0,1,0,1,1,1,0,1,1,0,0,0,0,0,1,1,0,1,1,1,0,1,0,0,0,1,0,1,0,0,1,0,1,0,0,0,0,0,1,1,0,0,0,0,0,1,0,0,1,0,1,0,1,1,1,0,0,0,1,1,0,1,0,1,0,0.0,-4588.969999999999,1
1,0,1,0,1,0,0,0,1,0,1,1,0,0,0,1,1,0,1,0,1,0,0,1,1,0,0,0,1,1,0,1,1,1,1,0,0,0,1,1,1,1,1,0,0,1,1,1,0,0,0,1,0,1,0,1,0,0,1,1,1,1,1,0,0,0,0,0,1,0,0,0,1,0,0,0,1,1,1,1,0,0,0,1,0,0,0,0,1,1,0,0,0,1,1,1,0,1,0,1,1,0,0,0,0,1,1,1,1,0,0,0,1,1,0,0,1,1,0,1,1,1,1,0,1,0,0,0,1,0,1,0,0,1,1,0,1,0,0,0,1,1,1,0,0,1,0,0,1,0,1,1,0,0,0,0,1,0,0,1,1,0,0,0,0,0,1,1,1,0,0,0,0,1,0,1,1,0,0,0,0.0,-4588.9,1
0,0,1,0,0,1,0,1,0,1,0,1,1,0,0,0,1,0,0,1,1,1,0,0,0,1,1,0,0,0,1,0,1,0,0,1,0,1,0,0,1,0,1,1,1,1,1,0,0,1,0,1,1,1,1,1,0,0,0,1,1,1,0,0,1,1,1,0,0,0,0,0,0,1,1,1,0,0,1,0,0,1,1,0,0,0,1,1,0,1,0,0,1,0,1,0,0,1,1,1,1,1,1,1,0,1,1,0,1,0,0,1,0,0,1,0,0,0,1,1,1,0,1,0,0,1,0,1,0,0,1,1,1,1,1,1,0,0,0,1,0,0,0,1,0,0,1,1,0,0,0,0,1,1,0,1,0,1,1,1,0,1,1,0,1,1,1,1,0,1,1,1,0,0,1,0,1,1,0,0,0.0,-4588.889999999997,1
1,1,1,1,0,1,1,0,1,0,1,1,0,1,1,0,1,1,0,1,0,1,1,1,0,1,0,0,0,1,1,0,0,1,0,1,0,0,0,1,1,0,1,0,1,0,1,1,1,0,1,1,0,1,1,0,1,1,1,0,0,0,0,0,1,1,0,1,0,1,0,0,1,0,0,1,1,1,1,0,0,0,1,0,1,1,0,1,0,1,1,0,1,1,1,1,0,0,1,1,1,0,0,0,0,1,1,0,1,1,1,0,1,0,0,1,0,0,0,0,0,0,1,1,0,1,0,0,1,1,1,0,1,1,1,1,0,0,0,1,1,0,1,1,0,0,0,0,1,0,1,0,1,0,1,0,1,0,1,0,1,1,0,0,1,0,0,0,0,0,1,1,0,1,0,1,1,1,1,0,0.0,-4588.840000000001,1
0,0,1,0,1,1,0,0,1,0,1,1,0,0,0,1,1,0,1,0,1,0,0,1,1,1,1,1,1,1,0,1,1,0,1,0,1,0,0,1,0,1,1,0,0,1,1,0,0,0,0,1,0,1,0,1,0,0,1,1,1,1,1,0,0,1,0,0,0,0,0,0,1,1,1,1,1,1,0,0,0,0,1,0,0,0,0,0,1,1,1,0,0,1,1,1,0,1,1,1,1,1,0,0,0,0,1,1,1,0,0,0,1,1,0,0,1,0,1,1,1,0,1,0,1,0,0,0,0,0,1,0,0,1,1,0,1,0,0,0,1,0,1,0,0,1,0,1,0,1,1,1,0,1,0,0,0,0,0,1,1,0,0,0,0,1,1,1,1,0,0,0,0,1,0,0,1,0,0,1,0.0,-4588.829999999998,1
0,0,1,1,1,1,1,0,1,0,1,1,0,1,1,1,1,1,1,0,0,0,1,1,1,0,1,1,1,1,1,1,1,0,1,0,1,0,1,1,0,1,1,0,0,0,1,0,1,0,1,1,0,0,0,0,1,1,1,0,1,0,1,1,0,1,0,1,0,1,0,1,1,0,0,0,1,1,0,1,1,0,0,1,0,0,0,0,1,0,0,0,0,1,1,1,0,1,0,0,0,1,0,0,0,0,1,1,0,0,1,0,1,1,0,1,1,0,1,0,1,1,0,1,1,0,1,0,0,1,1,0,0,1,0,0,1,0,0,0,1,1,1,1,1,1,0,0,0,1,0,1,0,1,1,1,0,0,0,0,1,0,0,0,0,1,0,1,1,0,0,0,1,1,0,0,0,0,1,1,0.0,-4588.82,1
0,0,1,1,1,1,0,0,1,0,0,1,0,0,0,1,1,0,1,0,1,0,0,1,1,0,0,1,1,1,0,1,1,1,0,0,1,1,1,0,0,1,1,1,0,1,1,0,0,0,0,1,0,1,0,1,1,0,1,0,1,1,1,0,0,1,1,0,0,0,0,0,0,0,0,0,1,1,1,0,1,0,0,1,0,1,0,0,1,0,1,0,0,0,1,0,0,1,1,1,1,1,1,1,0,1,1,1,1,0,1,0,1,1,0,0,1,0,1,1,0,0,1,0,0,0,0,0,0,1,1,1,0,1,1,0,1,0,0,0,1,0,1,0,0,1,0,0,0,0,0,1,0,1,1,1,0,1,0,1,1,0,0,0,0,1,0,1,0,0,0,0,0,1,0,0,1,0,0,1,0.0,-4588.79,1
0,0,1,0,1,1,0,0,1,0,1,1,0,0,0,1,1,0,1,0,1,0,0,0,1,0,1,1,1,1,0,1,1,0,1,0,1,0,1,1,1,1,1,0,0,1,0,0,0,0,0,1,0,1,0,1,0,0,1,1,1,1,1,0,0,0,1,0,0,0,0,0,1,0,1,0,1,1,1,1,1,0,0,1,0,0,0,1,1,0,0,0,0,1,1,1,0,1,1,1,1,1,0,0,0,1,1,1,1,0,0,1,1,1,1,0,1,0,1,1,1,0,1,0,1,0,0,0,0,0,1,0,0,1,1,0,1,0,0,0,1,1,1,1,0,1,1,1,0,0,1,1,0,1,0,0,0,0,0,1,0,0,0,0,0,1,1,1,0,0,0,0,0,1,1,0,1,0,0,0,0.0,-4588.759999999998,1
1,1,0,1,1,1,0,1,0,1,1,1,1,0,1,1,0,0,1,0,1,0,0,1,1,0,1,0,1,0,0,1,0,0,1,0,0,0,0,1,1,1,1,0,0,1,0,0,0,0,0,0,1,0,0,1,1,0,0,0,0,1,1,0,0,1,0,1,0,0,1,0,1,1,0,0,0,0,1,0,0,1,0,1,1,0,0,0,1,0,0,0,0,1,0,0,1,0,1,1,0,1,1,0,1,0,0,1,1,0,1,0,0,1,0,0,1,1,1,1,1,0,1,0,1,0,0,1,0,1,0,0,0,0,1,0,1,1,1,0,0,0,0,0,1,1,0,1,1,1,0,1,0,0,1,1,0,1,0,0,1,0,1,1,0,1,0,0,1,1,0,0,1,0,0,1,1,0,1,0,0.0,-4588.5700000000015,1
0,1,0,1,0,0,0,1,0,1,0,0,1,0,1,0,0,0,0,1,1,1,0,0,0,0,1,1,0,0,0,0,0,0,0,1,1,1,0,0,1,0,1,1,1,1,0,0,0,0,0,0,1,0,1,1,1,0,0,0,0,1,0,0,1,0,1,1,1,0,1,0,0,0,0,0,0,0,1,1,1,0,0,1,1,0,0,0,0,0,1,0,1,0,0,0,1,1,0,1,0,1,1,1,1,1,0,0,1,0,1,0,0,0,1,0,0,0,1,1,1,1,1,0,0,1,0,1,0,1,0,1,1,0,1,1,0,1,1,1,0,1,0,0,1,0,1,1,1,0,0,0,1,0,1,1,0,1,1,0,1,1,1,1,1,1,0,1,1,0,1,1,1,0,1,1,1,1,1,0,0.0,-4588.45,1
0,1,1,1,0,1,0,0,1,0,1,1,0,1,1,0,1,0,0,1,1,1,0,0,0,1,0,0,0,1,0,0,1,1,0,1,0,0,1,1,0,0,1,0,1,1,1,1,0,0,0,1,0,0,1,1,1,0,0,0,0,1,0,0,1,1,1,1,0,0,0,0,1,0,0,1,1,1,1,0,0,0,1,0,0,0,0,0,0,1,1,0,1,1,1,0,1,1,1,1,1,0,1,0,0,0,1,0,1,0,1,1,1,0,1,0,0,0,1,1,1,0,1,1,0,1,0,0,0,1,1,0,1,1,1,1,0,0,0,1,1,0,1,0,0,0,1,1,0,1,1,0,1,1,1,0,0,1,1,0,0,1,0,0,1,1,0,1,1,0,1,1,0,0,1,0,1,1,1,1,0.0,-4588.37,1
1,0,1,1,1,0,0,1,0,1,0,0,1,0,0,1,0,0,1,0,1,0,0,0,1,0,0,1,1,0,0,1,1,1,1,0,1,1,0,0,0,1,1,1,0,1,1,0,0,1,0,1,1,0,0,1,1,0,0,0,1,1,1,0,0,0,1,0,1,0,1,0,0,1,0,0,0,0,0,1,1,1,0,1,0,1,1,0,1,0,1,1,0,0,1,1,0,0,0,1,0,1,0,1,0,0,1,1,1,1,1,0,0,1,1,0,1,0,1,1,0,1,1,0,1,0,0,1,0,1,0,1,0,1,1,0,1,0,0,0,0,1,0,0,0,1,1,1,0,1,0,1,0,1,1,0,0,0,0,1,1,0,1,0,0,1,0,0,1,1,0,0,1,0,1,0,1,0,0,1,0.0,-4588.2699999999995,1
1,1,1,1,1,1,1,0,1,0,1,0,0,1,0,1,1,1,1,0,0,0,1,1,1,0,0,1,1,1,0,1,0,1,1,0,1,0,1,1,0,1,1,0,0,0,1,1,1,0,1,1,0,0,0,0,1,1,0,0,0,0,1,0,0,1,0,0,0,1,0,0,1,1,0,0,1,1,0,1,1,0,0,1,1,0,0,0,1,0,0,0,0,1,1,1,0,1,0,1,1,0,0,0,0,1,1,1,1,0,1,0,1,1,0,1,1,0,0,0,1,1,1,1,0,0,0,0,1,1,1,0,0,1,1,0,1,0,0,0,1,1,1,0,1,1,1,1,0,0,0,1,0,1,1,0,1,0,0,1,1,0,0,0,0,0,0,1,1,0,0,0,0,0,0,0,1,0,0,1,0.0,-4588.170000000001,1
0,1,1,1,1,1,0,0,1,0,1,1,0,1,1,1,1,0,1,0,1,0,0,1,1,0,1,1,1,1,0,1,0,0,1,0,1,0,1,1,1,1,0,0,0,0,0,0,1,1,0,1,0,0,0,1,1,0,1,0,0,0,1,1,0,1,0,1,0,0,0,1,1,0,0,0,1,1,1,1,1,0,0,1,1,0,1,0,1,0,1,0,0,1,1,1,0,1,0,0,1,1,0,0,0,1,1,1,0,0,1,0,1,1,0,0,1,0,1,1,1,1,0,1,0,0,1,0,0,1,1,0,0,1,0,0,1,0,0,1,1,1,1,0,1,1,0,0,1,0,0,1,0,0,1,0,0,0,0,0,1,0,0,0,0,0,0,1,1,0,1,0,0,1,0,1,0,0,1,0,0.0,-4588.079999999999,1
0,1,0,0,1,1,0,1,0,1,0,1,1,1,0,1,0,0,1,0,1,0,0,1,1,1,1,1,1,0,0,1,1,0,1,0,1,1,0,0,1,1,1,1,0,1,1,1,0,0,0,0,1,1,0,1,1,0,0,0,0,1,1,0,0,1,1,0,0,0,1,0,0,1,1,1,0,0,1,0,1,1,1,0,0,0,0,0,1,0,0,0,0,0,0,1,1,0,1,1,0,0,0,1,1,0,0,1,1,0,0,0,0,1,0,0,1,1,0,1,1,0,1,1,1,0,0,1,1,0,0,1,0,0,1,0,1,1,1,0,0,0,0,0,1,1,1,1,1,1,0,1,0,0,0,1,1,0,0,1,1,0,1,1,0,0,1,0,1,1,0,0,1,0,0,1,1,0,0,0,0.0,-4588.040000000001,1
0,0,0,1,0,1,0,0,1,0,0,1,0,1,1,0,0,0,0,1,1,1,0,0,0,1,1,0,0,1,1,0,0,0,0,1,0,1,1,0,1,0,1,1,1,1,0,0,0,0,0,0,0,1,1,1,1,0,0,0,1,1,0,0,1,1,1,1,0,0,1,0,0,1,0,1,1,1,1,0,0,1,1,0,1,1,0,1,0,1,1,0,1,0,0,0,1,1,1,1,1,1,1,1,1,1,1,0,1,1,1,0,1,0,1,0,0,1,1,1,0,0,1,0,0,1,0,0,0,1,0,1,1,0,1,1,0,1,1,1,1,0,1,1,0,0,1,1,1,0,1,0,1,0,1,0,0,1,1,0,1,1,0,1,1,1,0,1,0,1,1,1,0,0,1,1,1,1,1,0,0.0,-4587.999999999998,1
0,1,1,0,0,1,0,0,1,0,1,0,0,1,0,0,1,0,0,1,1,1,0,1,0,0,0,1,0,1,1,0,1,1,0,1,1,1,1,1,0,0,1,0,1,1,0,1,0,1,0,1,0,0,1,1,0,0,1,1,0,1,0,1,1,1,0,0,0,0,0,1,1,0,1,0,1,1,1,1,1,0,0,1,0,0,1,0,1,0,1,0,1,1,1,0,0,1,0,0,1,0,1,0,0,0,1,0,0,0,0,0,1,0,0,0,0,0,0,1,1,1,0,1,0,1,1,0,1,0,1,1,1,1,0,1,0,0,0,1,1,1,1,0,1,0,1,0,0,1,0,0,1,1,0,0,1,1,1,1,1,1,0,0,1,1,1,1,1,0,1,1,0,1,0,0,0,1,0,1,0.0,-4587.860000000001,1
1,0,0,1,1,1,0,0,1,0,1,1,0,0,1,1,0,0,1,0,1,0,0,0,1,0,0,1,1,1,0,0,1,1,0,0,1,0,1,1,1,1,0,0,0,1,0,1,0,1,0,0,0,1,0,1,1,0,0,0,1,1,1,1,0,1,0,1,0,0,1,1,1,0,0,0,1,1,1,1,1,0,0,1,0,1,1,1,1,0,0,1,0,1,0,1,0,0,0,0,1,0,0,0,1,0,0,1,0,1,1,0,1,1,1,0,1,1,0,1,0,1,0,0,1,0,1,0,1,1,0,0,0,0,0,0,1,1,1,0,1,1,1,1,1,1,0,0,1,1,0,1,0,0,1,0,1,0,0,0,1,0,0,1,0,0,0,0,0,0,0,0,0,0,1,1,0,0,1,0,0.0,-4587.8499999999985,1
0,1,0,0,1,1,1,0,1,1,1,0,0,0,0,1,1,1,1,0,0,0,1,1,1,0,0,1,1,1,0,1,0,1,1,0,1,0,0,1,1,1,0,0,0,0,0,0,1,1,1,0,0,0,0,0,0,1,0,1,0,0,1,1,0,1,0,0,0,1,1,1,1,1,1,0,1,1,0,1,1,1,0,1,1,0,1,0,1,0,0,0,0,1,0,1,1,1,0,0,0,1,0,0,1,0,0,1,0,1,0,0,1,1,0,1,1,1,1,0,1,1,0,0,1,0,1,1,0,0,0,0,0,0,0,0,1,1,1,1,1,1,0,0,1,1,0,0,1,1,0,1,0,0,0,0,0,0,0,1,1,0,0,1,0,1,1,1,1,1,1,0,1,0,0,1,0,0,0,0,0.0,-4587.85,1
0,0,0,1,1,1,0,0,1,0,0,1,0,0,1,1,0,0,1,0,1,0,0,0,1,1,1,1,1,1,0,1,1,0,1,0,1,0,1,0,1,1,1,1,0,1,0,1,0,1,0,0,0,1,0,1,1,0,0,0,1,1,1,0,0,1,1,1,0,0,1,0,0,0,0,1,1,1,1,0,1,0,1,0,0,0,1,1,1,0,0,0,0,0,0,1,1,0,1,1,1,0,0,1,1,0,0,1,1,0,1,1,1,1,1,0,1,1,0,1,1,0,1,0,0,0,0,0,1,1,0,0,1,0,1,0,1,1,1,0,1,0,1,1,0,1,1,1,1,1,0,0,0,0,1,0,1,0,0,0,1,0,0,1,0,0,0,0,0,0,0,0,0,0,1,1,1,0,1,0,0.0,-4587.73,1
1,1,0,0,1,1,1,0,1,0,1,1,0,1,0,1,0,1,1,0,0,0,1,1,1,0,0,1,1,1,1,1,1,1,1,0,1,0,1,1,1,1,1,0,0,0,0,1,1,0,1,0,0,0,0,0,0,1,0,1,0,0,1,0,0,1,1,0,0,1,1,1,1,0,1,0,1,1,0,1,1,0,0,1,0,0,0,0,1,0,0,0,0,1,0,0,1,1,0,0,1,0,1,0,1,1,0,0,1,1,0,1,1,1,0,1,1,1,0,0,1,1,0,1,0,0,0,0,1,0,0,0,0,0,1,0,1,1,1,0,1,1,1,0,0,1,0,0,1,0,0,1,0,0,0,0,1,1,0,1,0,0,0,1,0,1,1,1,1,0,0,0,0,0,0,1,1,0,0,0,0.0,-4587.640000000002,1
0,1,1,1,0,0,0,0,1,0,1,0,0,1,1,0,1,0,0,1,1,1,0,0,0,1,1,0,0,1,1,0,1,0,0,1,0,0,1,1,0,0,0,0,1,1,1,1,0,1,0,1,0,1,0,1,1,0,1,0,0,1,0,0,1,0,1,1,1,0,0,0,1,0,0,1,1,1,0,0,0,0,1,0,0,1,1,1,0,1,0,1,1,1,1,1,0,0,1,1,1,0,0,0,0,1,1,0,1,0,1,0,1,0,1,0,0,0,0,1,0,0,1,1,0,1,0,0,1,1,1,0,0,1,1,1,0,0,0,1,1,0,1,1,0,0,1,1,0,0,1,0,1,1,1,0,1,0,1,0,1,1,0,1,1,0,0,0,0,0,1,1,0,1,1,0,1,1,1,1,0.0,-4587.320000000001,1
0,1,1,1,0,1,0,1,0,1,0,1,1,0,1,1,0,0,1,1,1,0,0,0,1,1,1,1,1,0,0,0,0,0,1,0,1,1,0,0,0,1,0,1,0,1,0,1,0,1,0,1,1,1,0,1,1,0,0,0,0,1,1,1,0,1,1,1,0,0,1,1,0,1,0,1,0,0,1,0,1,1,1,0,1,0,1,1,1,0,0,0,0,0,1,1,0,0,1,0,0,0,0,1,0,0,1,1,0,0,1,1,0,1,1,0,1,0,0,1,1,0,0,0,0,0,1,1,1,1,0,1,0,1,0,0,1,0,0,0,0,0,0,1,1,1,1,0,0,1,0,1,0,1,1,1,1,0,0,0,0,1,1,0,0,0,0,0,0,1,0,0,1,0,1,0,0,0,0,1,0.0,-4587.27,1
0,0,1,0,0,0,0,1,0,1,0,1,1,0,0,0,0,0,0,1,1,1,0,1,0,0,1,1,0,0,0,0,1,0,0,1,0,0,0,0,0,0,1,1,1,1,0,0,0,0,0,1,1,1,1,1,0,0,0,1,1,1,0,0,1,0,1,0,1,0,1,0,0,1,1,0,0,0,1,1,1,1,0,1,0,1,0,1,0,0,1,1,1,0,1,1,1,1,0,1,0,1,0,1,0,1,1,0,1,0,0,0,0,0,0,0,0,0,1,1,0,1,1,0,1,1,0,1,0,0,0,0,1,1,1,1,0,0,0,1,0,1,0,1,0,0,0,1,0,0,0,0,1,1,0,1,0,0,1,1,1,1,1,0,1,1,1,1,0,1,1,1,1,0,0,0,1,1,0,1,0.0,-4587.17,1
1,0,0,0,0,1,0,0,1,0,0,0,0,0,0,1,0,0,1,1,1,0,0,1,1,0,0,0,0,1,0,0,0,1,1,0,0,1,1,0,1,1,1,1,0,1,0,0,0,1,0,0,0,0,0,1,0,0,0,1,1,1,0,0,1,1,1,0,0,0,1,0,0,1,1,0,1,1,1,1,0,1,0,1,1,0,1,0,1,1,0,0,0,0,0,1,1,1,0,1,1,1,0,1,1,1,0,1,1,1,0,0,1,1,0,0,1,1,1,1,1,1,1,0,1,0,0,0,0,0,0,1,0,0,1,1,1,1,1,1,1,1,1,0,0,1,0,1,1,0,1,0,0,0,0,0,0,0,0,1,1,1,0,1,0,1,1,1,1,1,1,0,0,0,0,1,1,0,0,0,0.0,-4586.949999999999,1
1,1,1,0,0,1,1,0,1,0,1,0,0,1,0,1,1,1,1,1,0,1,1,0,1,1,0,0,0,1,1,0,0,1,1,0,0,0,1,1,0,0,0,0,0,0,0,1,1,0,1,1,0,0,0,0,0,1,0,1,0,0,1,1,1,1,1,0,0,1,0,1,1,0,1,1,1,1,0,0,0,0,1,0,1,0,0,1,1,1,0,0,0,1,1,0,0,0,1,0,1,0,1,0,0,0,1,0,0,0,0,1,1,1,1,1,1,0,0,0,1,0,0,1,0,0,1,0,1,0,1,0,0,1,0,0,1,0,0,0,1,1,1,1,1,1,0,0,0,1,0,1,0,1,0,0,1,1,1,1,0,1,0,0,0,0,1,0,1,0,0,0,0,0,1,0,0,0,0,1,0.0,-4586.889999999999,1
0,0,0,0,1,1,1,1,1,1,1,0,0,0,0,1,0,1,1,0,0,0,1,1,1,0,1,1,1,0,0,1,0,0,1,0,1,0,0,1,1,1,1,0,0,0,1,0,1,1,1,0,1,0,0,0,0,1,0,1,1,0,1,0,0,1,1,0,0,1,1,0,1,1,1,0,0,0,0,0,1,1,0,1,1,0,1,0,1,0,1,0,0,1,0,0,1,1,1,1,0,1,1,0,1,1,0,1,1,1,0,0,0,1,0,1,1,1,1,0,1,0,1,0,0,0,0,1,0,0,0,0,1,0,1,0,1,1,1,0,0,0,0,0,0,1,1,1,1,0,0,0,0,0,0,1,0,1,0,1,1,0,1,1,0,0,1,1,1,1,0,0,1,0,0,1,1,0,0,0,0.0,-4586.839999999999,1
0,1,0,1,0,0,1,1,0,1,0,1,1,0,1,0,0,1,0,1,0,1,1,0,0,0,1,0,0,0,0,0,0,0,0,1,0,1,0,0,1,0,1,1,1,0,1,0,1,0,1,0,1,1,1,0,1,1,0,0,0,0,0,0,1,0,1,1,1,1,1,0,0,0,0,0,0,0,1,1,0,0,0,1,1,0,0,1,0,1,1,0,1,0,0,1,0,1,0,1,0,1,0,1,1,1,0,0,1,0,1,0,0,0,1,1,0,0,1,0,1,1,1,0,1,1,0,1,0,1,0,1,1,0,1,1,0,1,1,1,0,0,0,1,0,0,1,1,1,0,1,0,1,0,1,1,0,0,1,0,1,1,1,1,1,1,0,1,0,0,1,1,1,0,1,1,1,1,1,0,0.0,-4586.829999999999,1
0,0,0,0,0,1,0,1,0,1,0,0,1,1,0,1,0,0,1,1,1,1,0,0,1,0,1,0,0,0,0,0,0,0,1,0,0,1,0,0,1,0,1,1,0,1,0,1,0,1,0,0,1,0,0,1,0,0,0,1,1,1,1,0,1,1,1,0,0,0,1,0,0,0,1,0,0,0,1,1,0,1,0,1,1,0,1,1,1,1,1,0,0,0,0,1,1,1,0,1,0,0,0,1,1,1,0,0,1,1,0,0,0,1,1,0,1,1,1,1,1,1,1,1,0,0,0,1,0,0,0,1,0,0,1,0,1,1,1,0,0,1,0,1,0,1,0,1,1,0,1,1,0,0,0,1,0,0,1,1,1,1,1,1,0,1,1,1,0,1,0,0,1,0,1,1,1,0,0,0,0.0,-4586.779999999999,1
1,0,0,1,1,0,0,1,0,1,1,1,1,0,1,1,0,0,1,1,1,0,0,0,1,0,0,1,1,0,0,0,1,1,1,0,1,0,0,1,1,1,1,0,0,1,1,1,0,1,0,0,1,1,0,1,1,0,0,0,1,1,1,0,0,0,0,1,1,0,1,0,1,0,0,0,0,0,0,1,1,1,0,1,0,1,1,0,1,0,0,1,0,1,0,1,1,1,0,1,0,0,0,0,1,1,0,1,1,1,1,0,0,1,1,0,1,1,0,1,0,1,1,0,1,0,0,1,1,1,0,0,0,0,1,0,1,1,1,0,0,0,0,0,0,1,1,1,1,0,0,1,0,0,1,1,1,0,0,0,1,0,1,1,0,0,0,1,0,1,0,0,1,0,1,1,1,0,1,0,0.0,-4586.57,1
1,1,1,0,0,0,0,0,1,0,0,1,0,0,0,0,1,0,0,1,1,1,0,0,0,1,0,0,0,1,0,0,1,1,0,1,0,0,1,1,1,0,1,0,1,1,0,1,0,1,0,1,0,1,1,1,0,0,0,1,0,1,0,0,1,0,1,0,1,0,0,0,0,1,1,1,1,1,1,0,0,1,1,0,0,1,1,1,0,1,1,1,1,1,1,0,0,0,1,1,1,0,1,1,0,1,1,0,1,0,0,0,1,0,1,0,0,0,0,1,0,0,1,0,1,1,0,0,1,0,1,0,1,1,1,1,0,0,0,1,1,0,1,1,0,0,1,1,0,0,1,0,1,1,0,0,1,1,1,1,1,1,0,0,1,0,1,0,0,1,1,1,0,0,1,0,1,1,0,1,0.0,-4586.48,1
1,0,1,0,1,0,1,1,0,1,1,0,1,0,0,1,1,1,1,0,0,0,1,0,1,0,1,1,1,0,0,1,0,0,1,0,1,0,0,1,0,1,1,0,0,0,1,0,1,1,1,1,1,1,0,0,0,1,1,1,1,0,1,0,0,0,0,0,1,1,0,0,1,1,1,0,0,0,0,1,1,1,0,0,1,1,1,1,1,0,1,1,0,1,1,1,1,1,0,1,0,1,0,0,0,1,1,1,0,0,0,0,0,1,1,1,1,0,1,0,0,1,1,0,1,0,0,1,0,0,1,0,1,1,1,0,1,0,0,0,0,1,0,1,0,1,1,1,0,0,0,0,0,1,0,1,0,0,0,1,1,0,1,0,0,1,1,1,0,1,0,0,1,1,1,0,1,0,0,1,0.0,-4586.479999999999,1
1,1,1,0,0,1,0,0,1,0,1,0,0,0,0,1,1,0,1,1,1,0,0,0,1,0,0,0,0,1,0,0,1,1,1,0,0,1,1,0,0,1,0,1,0,1,0,1,0,1,0,1,0,1,0,1,0,0,1,1,0,1,1,1,1,1,0,0,0,0,0,1,1,0,1,0,1,1,0,1,0,0,0,1,0,0,1,1,0,0,0,0,0,0,1,1,0,1,0,0,1,0,0,0,0,0,1,1,0,0,0,0,1,1,1,0,1,0,0,1,1,1,0,0,1,0,1,0,1,0,1,1,1,1,0,0,1,0,0,0,1,1,1,1,1,1,0,0,0,1,0,0,0,1,0,0,1,0,0,1,1,1,0,0,0,0,1,1,0,0,0,0,0,1,1,0,0,0,0,1,0.0,-4586.4,1
0,0,0,1,1,0,0,1,0,1,1,0,1,1,1,0,0,0,0,0,1,0,0,0,0,1,1,1,1,0,0,1,1,0,0,1,1,0,0,1,1,1,1,0,1,1,0,1,0,0,0,0,1,1,1,1,1,0,0,0,1,1,0,0,0,0,0,1,1,0,1,0,1,1,0,1,0,0,0,0,1,1,1,0,0,0,0,1,0,1,1,0,1,1,0,1,1,1,1,1,0,0,0,0,1,1,0,1,1,1,1,0,0,0,1,0,0,0,0,1,1,0,1,1,0,1,0,1,1,1,0,0,0,0,1,1,0,1,1,1,0,0,0,1,0,0,1,1,1,0,1,1,1,0,1,1,1,0,0,0,1,0,1,0,1,0,0,1,0,1,1,1,1,0,1,1,1,1,1,0,0.0,-4586.3099999999995,1
0,1,1,0,0,1,0,1,0,1,1,0,1,0,0,0,1,0,0,1,1,1,0,0,0,1,1,0,0,0,0,0,1,0,0,0,0,0,0,1,1,0,1,0,1,1,1,1,0,0,0,1,1,1,1,1,0,0,1,1,0,1,0,0,1,1,0,0,0,0,0,0,1,1,1,1,0,0,1,0,0,1,1,0,0,0,0,1,0,1,0,0,1,1,1,0,0,1,1,1,0,0,1,0,0,0,1,0,1,0,0,1,0,0,1,0,0,0,0,1,1,0,1,0,1,1,0,1,1,0,1,0,1,1,1,1,0,0,0,1,0,1,0,1,0,0,1,1,1,1,1,0,1,0,0,0,1,1,1,1,0,1,1,0,1,0,1,1,0,1,1,1,1,1,1,1,1,1,0,0,0.0,-4586.269999999999,1
1,1,1,1,1,0,0,1,0,1,0,0,1,0,1,1,1,0,1,0,1,0,0,1,1,0,1,1,1,0,0,1,1,0,1,0,1,0,0,1,0,1,1,0,0,1,1,0,0,0,0,1,1,1,0,1,1,0,1,0,0,1,1,0,0,1,1,1,1,0,0,0,0,1,0,0,0,0,0,0,1,1,0,1,0,1,0,1,1,0,1,1,0,1,1,1,0,0,1,1,0,1,0,1,0,1,1,1,1,0,1,0,0,1,0,0,1,0,1,1,0,0,1,0,1,0,0,1,0,1,1,0,0,1,1,0,1,0,0,0,0,1,0,1,0,1,0,1,0,0,0,1,0,1,1,1,0,0,0,0,1,0,1,1,0,1,0,0,0,1,0,0,1,1,0,0,1,0,1,1,0.0,-4586.159999999999,1
1,1,0,0,1,1,0,1,0,1,1,0,1,0,0,1,0,0,1,0,1,0,0,0,1,1,0,1,1,0,0,1,1,1,1,0,1,0,0,1,1,1,0,0,0,1,1,0,0,1,0,0,1,1,0,1,0,0,1,1,0,1,1,1,0,1,1,0,0,0,1,1,1,0,1,1,0,0,1,0,1,1,1,0,0,1,1,1,1,0,1,1,0,1,0,1,1,1,1,0,1,1,0,0,1,0,0,1,0,1,0,1,0,1,1,0,1,1,1,1,0,0,0,0,0,0,1,1,0,0,0,0,0,0,0,0,1,1,1,0,0,0,0,1,1,1,0,0,1,1,0,1,0,0,0,1,0,0,0,1,0,0,1,1,0,1,1,1,0,1,0,0,0,1,1,1,0,0,0,0,0.0,-4586.059999999999,1
1,1,0,0,0,1,1,1,0,1,0,1,1,0,0,0,1,1,0,1,0,1,1,1,0,0,0,0,0,0,1,0,1,1,0,1,0,1,0,0,1,0,1,1,1,1,1,1,0,1,1,0,1,0,1,0,0,1,1,1,0,1,0,0,1,1,1,0,0,1,0,0,0,0,1,0,0,0,0,1,0,0,0,1,0,0,1,0,0,1,1,0,1,0,0,1,1,1,0,1,0,0,0,1,1,1,1,0,1,0,0,0,0,0,0,1,0,1,0,0,1,1,1,0,0,1,0,1,1,0,1,1,1,0,1,1,0,1,1,1,0,1,0,0,0,0,0,1,1,0,1,0,1,0,0,1,1,0,1,1,1,1,1,0,1,1,1,1,1,0,1,1,1,1,0,1,1,1,0,0,0.0,-4586.000000000001,1
1,1,0,0,1,0,0,1,0,1,1,0,1,1,0,1,0,0,1,0,1,0,0,1,1,0,0,0,1,0,1,1,1,1,0,1,0,0,0,1,1,1,1,0,0,1,0,1,0,0,0,0,1,1,0,1,0,0,0,1,0,1,1,0,0,0,0,0,1,0,1,0,1,1,1,0,0,0,0,1,0,1,0,1,0,1,0,0,1,1,1,1,0,1,0,1,1,1,0,1,0,0,0,0,1,1,0,1,1,1,0,0,0,1,0,0,1,1,0,1,0,1,1,1,1,0,0,1,1,0,0,0,0,0,1,0,1,1,1,0,0,1,0,0,0,1,0,1,1,0,1,1,0,0,0,1,1,0,0,1,1,1,1,0,0,0,1,1,0,1,0,0,1,0,0,1,1,0,0,0,0.0,-4585.799999999999,1
1,1,1,1,1,0,1,0,1,0,0,1,0,0,1,1,1,1,1,0,0,0,1,0,1,0,1,0,1,1,0,1,0,0,1,0,0,1,1,0,0,1,1,1,0,0,1,0,1,0,1,1,0,0,0,0,1,1,1,0,0,0,1,0,0,0,1,1,1,1,0,0,0,1,0,0,1,1,0,0,0,1,0,1,1,1,0,0,1,1,0,1,0,0,1,1,0,1,1,1,1,1,0,1,0,0,1,1,1,0,1,0,1,1,1,1,1,0,1,0,0,0,1,0,0,0,0,0,0,1,1,1,1,1,1,0,1,0,0,0,1,0,1,0,0,1,0,1,0,1,1,0,0,1,1,0,0,0,0,0,1,0,0,0,0,1,0,1,1,1,0,0,0,1,1,0,1,0,1,1,0.0,-4585.549999999999,1
1,0,0,0,0,0,1,1,0,1,0,1,1,0,0,0,0,1,0,1,0,1,1,1,0,0,1,0,0,0,1,0,1,0,0,1,0,1,0,0,1,0,1,1,1,0,0,0,1,0,1,0,1,0,1,0,0,1,0,1,1,0,0,1,1,0,1,0,1,1,1,1,0,0,1,0,0,0,0,0,0,0,0,1,0,1,0,0,0,0,1,1,1,0,0,1,1,1,0,0,0,1,0,1,1,0,0,0,0,0,0,1,0,0,0,1,0,1,1,0,0,1,0,0,0,1,1,1,0,0,0,1,1,0,0,1,0,1,1,1,0,0,0,0,1,0,0,0,1,1,0,0,1,0,0,1,0,0,1,1,0,1,1,1,1,0,1,1,1,0,1,1,1,0,0,1,0,1,0,0,0.0,-4585.52,1
0,1,1,0,1,1,1,0,1,0,1,0,0,1,0,1,1,1,1,0,1,0,0,1,0,0,0,1,1,1,1,1,0,1,1,0,1,0,1,1,1,1,1,0,0,0,1,0,1,0,1,1,0,0,1,0,0,1,1,1,0,0,1,0,0,1,0,0,0,1,0,0,1,0,1,0,1,1,0,1,1,0,0,1,1,0,0,0,1,0,1,0,0,1,1,1,0,1,0,1,1,1,0,0,0,1,1,1,1,0,0,1,1,0,0,1,1,1,1,1,1,1,1,1,1,0,0,0,0,0,1,0,1,1,1,0,1,0,0,0,1,1,1,0,0,1,0,1,1,0,0,0,0,0,0,0,0,0,0,1,0,0,0,0,1,1,1,1,1,0,0,0,0,1,0,1,1,0,0,0,0.0,-4585.449999999997,1
0,1,0,1,0,1,1,1,0,1,1,1,1,0,1,0,0,1,0,1,0,1,1,1,0,1,1,0,0,0,1,0,0,0,0,1,0,0,0,1,1,1,1,0,1,0,0,0,1,0,1,0,1,1,1,0,1,1,0,0,0,0,0,0,1,1,0,1,0,1,1,0,1,1,0,1,0,0,0,0,0,1,1,0,1,0,0,0,0,1,0,0,1,1,0,0,1,0,1,1,0,1,1,0,1,1,0,1,1,1,1,0,0,0,0,1,0,1,1,0,1,0,1,0,0,1,1,1,0,1,0,0,0,0,1,1,0,1,1,1,0,0,0,0,0,0,0,1,1,0,1,1,1,0,1,1,0,1,0,0,1,1,1,1,1,1,0,0,0,1,1,1,1,0,0,1,1,1,1,0,0.0,-4585.42,1
1,1,1,1,0,1,0,1,0,1,1,0,1,0,1,0,1,0,0,1,1,1,0,1,0,1,1,0,0,0,0,0,1,0,1,1,0,0,0,1,0,0,0,0,1,1,1,1,0,1,0,1,1,0,1,1,1,0,1,0,0,1,0,1,1,1,0,1,0,0,0,1,1,1,0,1,0,0,0,0,0,1,1,0,0,0,1,0,0,1,0,0,1,1,1,1,1,1,1,0,0,0,0,0,0,0,1,0,1,0,1,1,0,0,0,0,0,0,0,1,1,0,0,0,0,1,1,1,1,1,1,0,1,1,1,1,0,0,0,1,0,0,0,0,0,0,0,0,0,1,1,0,1,1,1,1,1,0,1,0,0,1,1,1,1,0,0,1,1,1,1,1,1,1,0,0,0,1,1,1,0.0,-4585.380000000002,1
1,0,0,0,0,0,0,0,1,0,1,0,0,0,1,0,0,0,0,1,1,1,0,0,0,1,0,0,0,1,0,0,1,1,1,1,0,0,1,1,1,0,1,0,1,1,1,0,0,1,0,0,0,0,1,1,1,0,0,0,1,1,0,0,1,0,0,1,1,0,1,0,1,0,0,1,1,1,0,1,0,0,1,0,0,1,1,0,0,1,0,1,1,1,0,1,1,0,0,1,1,1,0,0,1,1,0,0,1,1,1,1,1,0,1,0,0,1,1,1,0,1,1,0,0,1,0,0,0,1,0,0,1,0,1,1,0,1,1,1,1,1,1,0,0,0,1,1,1,0,1,0,1,0,0,0,0,0,1,0,0,1,0,1,1,1,0,0,1,0,1,1,0,0,1,1,1,1,1,0,0.0,-4585.339999999999,1
1,0,1,0,0,0,0,0,1,0,1,1,0,1,0,1,1,0,1,1,1,0,0,0,1,1,1,1,0,1,0,0,0,0,0,0,1,0,1,1,0,1,1,0,0,1,1,1,0,1,0,1,0,1,0,1,0,0,1,1,1,1,1,0,1,0,1,0,1,0,0,0,1,0,1,1,1,1,1,0,1,0,1,0,1,1,1,1,1,0,1,1,0,1,1,1,0,0,1,1,1,0,0,0,0,0,1,0,1,0,0,1,1,1,1,0,1,0,0,1,0,0,1,1,1,0,0,0,1,0,1,0,0,1,1,0,1,0,0,0,1,0,1,1,0,1,1,1,0,1,0,1,0,1,0,0,1,0,0,1,0,1,0,0,0,0,1,0,0,0,0,0,0,1,1,0,1,0,0,1,0.0,-4585.31,1
1,1,1,1,1,1,1,1,0,1,0,0,1,0,1,1,1,1,1,0,0,0,1,1,1,0,0,0,1,0,1,1,0,1,1,0,0,1,0,0,0,1,0,1,0,1,1,1,0,1,1,1,1,0,0,0,1,1,1,0,0,1,1,1,0,1,0,1,0,1,0,1,0,1,0,0,0,0,0,1,0,1,0,1,1,0,1,0,1,0,0,0,0,0,1,1,0,1,0,0,0,0,0,1,0,0,1,1,0,0,1,0,0,1,0,1,1,1,0,0,1,1,0,0,0,0,1,1,1,1,1,1,0,1,0,0,1,0,0,0,0,1,0,0,1,1,0,0,0,1,0,1,0,1,1,1,1,0,0,0,1,0,1,0,0,0,0,1,1,1,0,0,1,1,0,0,0,0,1,1,0.0,-4585.3,1
1,1,0,1,0,0,0,1,0,1,1,1,1,0,1,0,1,0,0,1,1,1,0,1,0,0,1,0,0,0,0,0,1,0,0,1,0,0,0,1,1,0,1,0,1,1,1,1,0,1,0,0,1,1,1,1,1,0,1,0,0,1,0,0,1,1,0,1,1,0,0,0,1,0,0,0,0,0,1,0,0,1,0,1,0,1,1,0,0,1,0,1,1,1,0,1,1,0,1,1,0,0,0,0,1,1,0,0,1,1,1,1,0,0,0,0,0,0,0,1,0,0,1,0,1,1,0,1,1,1,1,0,1,0,1,1,0,1,1,1,0,0,0,0,0,0,0,1,1,0,1,0,1,0,1,1,1,0,1,0,0,1,1,1,1,0,0,0,0,1,1,1,1,1,0,1,1,1,1,0,0.0,-4585.29,1
0,1,1,0,1,1,1,0,1,0,1,0,0,0,0,1,1,1,1,0,0,0,1,0,1,1,1,1,1,1,0,1,0,0,1,0,1,0,1,1,0,1,1,0,0,0,1,0,1,0,1,1,0,1,0,0,0,1,1,1,0,0,1,0,0,1,1,0,0,1,0,0,1,0,1,1,1,1,0,0,1,0,1,0,1,0,0,1,1,0,0,0,0,1,1,0,1,0,1,1,1,1,1,0,0,1,1,1,1,1,0,1,1,1,1,1,1,0,1,1,1,0,1,0,1,0,0,0,0,0,1,0,0,1,1,0,1,0,0,1,1,1,1,1,0,1,0,1,0,0,0,1,0,1,0,0,0,1,0,1,0,0,0,1,0,1,1,0,0,0,1,0,0,1,1,0,1,0,0,1,0.0,-4585.199999999998,1
1,1,1,0,1,1,0,0,1,0,1,0,0,0,0,1,1,0,1,0,1,0,0,0,1,1,1,0,1,1,0,1,0,0,1,0,0,0,1,1,0,1,1,0,0,1,1,0,0,0,0,1,0,1,0,1,0,0,1,1,0,1,1,0,0,1,0,0,1,0,0,0,1,1,1,1,1,1,1,0,0,0,1,0,1,1,0,1,1,1,0,1,0,1,1,0,0,0,1,1,1,1,1,0,0,0,1,1,0,0,0,1,1,1,1,0,1,0,1,1,0,0,1,0,0,0,0,0,0,0,1,0,0,1,1,0,1,0,0,0,1,0,1,1,0,1,0,1,0,1,1,1,0,1,0,0,0,1,0,1,0,0,0,0,0,1,1,0,0,0,0,0,0,1,1,0,1,0,0,1,0.0,-4585.129999999997,1
0,1,1,1,1,1,0,1,1,1,1,1,0,0,1,0,1,0,0,0,1,1,0,0,0,1,1,1,1,0,0,1,1,0,0,1,1,0,0,1,0,0,1,0,1,1,1,0,0,1,0,1,1,0,1,1,1,0,1,0,0,1,0,0,0,1,1,1,0,0,0,0,1,1,0,1,0,0,1,0,1,1,1,0,0,0,1,1,0,0,1,0,1,1,1,1,0,1,1,1,0,1,0,0,0,1,1,0,1,0,1,0,0,0,1,0,0,0,1,1,1,0,1,0,1,1,0,1,0,1,1,0,1,1,1,1,0,0,0,1,0,0,0,1,0,0,1,0,0,0,0,0,1,1,1,1,0,0,1,0,1,0,1,0,1,1,0,1,0,1,1,1,1,1,1,0,1,1,1,1,0.0,-4585.11,1
0,0,1,1,0,0,1,0,1,0,1,0,0,0,1,0,1,1,0,1,0,1,1,0,0,1,0,1,0,1,1,0,0,1,0,1,0,0,0,1,0,0,0,0,1,0,0,0,1,1,1,1,1,1,1,0,1,1,1,0,1,0,0,1,1,0,0,1,1,1,0,1,1,0,0,1,1,1,0,0,1,0,1,0,1,1,1,1,0,0,0,1,1,1,1,1,1,0,1,0,1,1,0,0,0,0,1,0,0,0,1,0,1,0,1,1,0,0,1,1,0,0,0,0,0,1,1,0,0,1,1,0,1,1,0,1,0,0,0,1,1,0,1,1,1,0,1,0,0,1,0,0,1,1,1,0,0,0,1,0,1,1,0,0,1,0,0,0,0,0,1,1,0,1,1,0,0,1,1,1,0.0,-4585.029999999999,1
1,1,0,0,1,0,0,1,0,1,1,0,1,0,0,1,0,0,1,0,1,0,0,0,1,1,0,1,1,0,1,1,1,1,1,0,1,0,0,1,1,1,0,0,0,1,0,0,0,0,0,0,1,1,0,1,0,0,0,1,0,1,1,1,0,0,1,0,1,0,1,1,1,0,1,1,0,0,0,0,1,0,1,0,0,1,0,1,1,0,0,1,0,1,0,1,0,0,1,0,0,1,0,0,1,1,0,1,0,1,0,1,0,1,1,0,1,1,1,1,0,0,0,0,0,0,1,1,0,0,0,0,0,1,0,0,1,1,1,0,0,1,1,1,1,1,0,0,1,0,0,1,0,0,0,1,0,0,0,1,0,0,1,0,0,1,1,0,0,0,0,0,1,0,1,1,0,0,0,0,0.0,-4584.649999999999,1
0,1,1,0,1,0,0,0,1,0,1,1,0,1,0,1,1,0,1,0,1,0,0,1,1,0,1,1,1,1,0,1,0,0,1,0,1,0,1,1,0,1,1,0,0,1,0,1,0,0,0,1,0,1,0,1,1,0,1,0,0,1,1,0,0,0,0,0,1,0,0,1,1,0,1,0,1,1,1,1,1,0,0,1,1,1,0,1,1,0,0,1,0,1,1,0,0,1,0,0,1,0,1,0,0,1,1,1,1,0,0,0,1,1,0,0,1,0,0,1,0,1,1,1,1,0,0,0,1,0,1,0,0,1,1,0,1,0,0,0,1,1,1,1,0,1,0,1,0,0,0,1,0,1,0,0,1,1,0,1,1,0,0,0,0,0,1,1,0,0,0,0,0,1,0,0,1,0,0,1,0.0,-4584.56,1
0,1,0,0,1,1,0,0,1,0,0,0,0,1,0,1,0,0,1,0,1,0,0,0,1,1,1,1,1,1,1,1,1,0,1,0,1,1,1,0,1,1,1,1,0,1,0,1,0,0,0,0,0,1,0,1,0,0,0,1,0,1,1,0,0,1,1,0,0,0,1,0,0,0,1,1,1,1,1,0,1,0,1,0,0,1,0,1,1,0,1,0,0,0,0,1,1,0,1,1,1,0,0,1,1,1,1,1,1,1,0,0,1,1,1,0,1,1,0,1,0,0,1,1,1,0,0,0,1,0,0,1,0,0,1,0,1,1,1,0,1,0,1,1,1,1,0,1,1,0,0,1,0,0,0,0,1,0,0,1,0,0,0,0,0,1,1,0,0,0,0,0,0,0,1,1,1,0,0,0,0.0,-4584.43,1
0,0,1,0,0,0,1,1,0,1,1,0,1,1,0,0,1,1,0,1,0,1,1,1,0,0,1,0,0,0,0,0,0,0,0,1,0,1,0,1,0,0,0,0,1,0,1,1,1,0,1,1,1,0,1,0,0,1,1,1,1,0,0,1,1,0,0,0,1,1,0,1,1,0,1,0,0,0,0,1,0,0,0,1,1,0,0,0,1,1,1,1,1,1,1,0,0,1,0,0,0,0,1,0,0,1,1,0,0,0,0,0,0,0,0,1,0,0,0,0,1,1,0,1,0,1,1,1,1,0,1,1,1,1,0,1,0,0,0,1,0,1,0,0,1,0,1,0,0,0,1,0,1,1,0,0,1,1,1,1,1,1,1,0,1,1,1,1,1,0,1,1,1,1,0,0,0,1,0,1,0.0,-4584.360000000001,1
0,0,1,0,0,0,0,1,1,1,0,1,0,0,0,1,1,0,1,1,1,0,0,0,1,1,0,1,1,0,0,0,1,1,1,0,1,1,0,0,0,1,0,1,0,1,1,1,0,0,0,1,1,1,0,1,0,0,1,1,1,1,1,1,0,0,1,0,1,0,0,1,0,1,1,1,0,0,1,0,1,1,1,0,0,1,0,1,1,0,1,1,0,0,1,1,1,1,1,0,0,0,0,1,0,1,1,1,0,0,0,1,0,1,1,0,1,0,0,1,0,0,0,0,1,0,1,1,1,0,1,1,0,1,0,0,1,0,0,0,0,0,0,1,1,1,0,0,0,0,0,1,0,1,0,1,1,0,0,1,0,1,1,1,0,0,1,1,0,1,0,0,1,1,1,0,0,0,0,1,0.0,-4584.23,1
0,0,0,0,1,1,1,1,0,1,1,0,1,1,0,1,0,1,1,0,0,0,1,1,1,0,0,1,1,0,1,1,0,1,1,0,1,0,0,1,1,1,1,0,0,0,0,1,1,0,1,0,1,0,0,0,0,1,0,1,1,0,1,1,0,1,0,0,0,1,1,1,1,0,1,0,0,0,0,1,1,0,0,0,1,0,0,0,1,0,0,0,0,1,0,0,1,1,0,0,0,0,1,0,1,0,1,1,0,1,0,1,0,1,0,1,1,0,0,0,1,1,0,1,0,0,1,1,1,0,0,0,0,0,0,0,1,1,1,0,0,1,0,0,1,1,0,0,1,1,0,0,0,0,0,1,1,1,0,1,0,0,1,0,0,0,1,1,1,0,0,0,1,0,0,1,0,0,0,0,0.0,-4584.22,1
0,1,1,1,1,0,0,1,0,1,1,1,1,1,1,1,1,0,1,0,1,0,0,1,1,1,1,0,1,0,0,1,1,0,1,0,0,1,0,1,0,1,1,0,0,1,1,1,0,0,0,1,1,0,0,1,1,0,1,0,0,1,1,0,0,0,0,1,1,0,0,0,1,1,0,1,0,0,0,0,0,1,1,0,0,0,0,0,1,1,1,0,0,1,1,1,0,0,1,1,0,0,0,0,0,1,1,1,1,1,1,1,0,1,0,0,1,0,0,1,1,0,1,1,0,0,0,1,1,1,1,1,0,1,1,0,1,0,0,0,0,1,0,0,0,1,0,1,0,0,1,1,0,1,1,1,1,0,0,0,0,0,1,0,0,0,0,0,1,1,0,0,1,1,0,0,1,0,1,1,0.0,-4584.17,1
0,1,0,0,0,1,0,0,1,0,1,0,0,0,0,0,1,0,0,1,1,1,0,1,0,0,1,0,0,1,0,0,0,0,0,1,0,0,1,1,1,0,1,0,1,1,1,0,0,1,0,0,0,1,1,1,0,0,1,1,0,1,0,0,1,1,0,0,0,0,0,0,1,0,1,0,1,1,0,1,0,0,0,1,1,0,1,1,0,1,1,0,1,1,0,1,1,0,0,1,1,1,0,0,1,1,0,0,1,0,0,1,1,0,0,0,0,1,1,1,1,1,1,0,0,1,0,0,0,0,1,0,1,0,1,1,0,1,1,1,1,1,1,0,0,0,1,1,1,0,1,0,1,0,0,1,0,0,1,1,0,1,0,1,1,1,1,0,0,0,1,1,0,1,0,1,1,1,0,0,0.0,-4584.099999999999,1
1,0,1,1,0,0,0,0,1,0,1,0,0,1,1,0,1,0,0,1,1,1,0,1,0,1,0,0,0,1,0,0,1,1,1,1,0,0,0,1,0,0,1,0,1,1,1,1,0,1,0,1,0,0,1,1,1,0,1,0,1,1,0,0,1,0,0,1,1,0,0,0,1,0,0,1,1,1,1,0,0,0,1,0,0,0,1,0,0,1,0,1,1,1,1,0,0,1,1,1,1,0,1,0,0,1,1,0,0,0,1,1,1,0,0,0,0,0,0,1,1,0,1,1,0,1,0,0,1,1,1,0,1,1,1,1,0,0,0,1,1,1,1,0,0,0,0,1,0,0,1,0,1,1,1,1,1,1,1,0,0,1,0,0,1,0,0,1,1,0,1,1,0,1,0,0,1,1,1,1,0.0,-4584.09,1
0,1,1,1,1,1,0,0,1,0,1,1,0,0,1,1,0,0,1,0,1,0,0,1,1,0,0,1,1,1,0,1,1,1,1,0,1,0,1,1,0,1,1,0,0,1,0,1,0,0,0,1,0,0,0,1,1,0,0,0,0,1,0,0,0,1,0,1,0,0,1,0,1,0,0,0,1,1,1,1,1,0,0,1,0,1,0,0,1,0,1,0,0,1,1,1,1,0,0,1,1,0,0,0,0,1,1,1,1,0,1,0,1,1,0,0,1,0,0,1,0,1,1,0,1,0,0,0,1,1,0,0,0,1,1,1,1,0,0,1,1,1,1,0,0,1,1,1,0,0,0,1,0,1,1,0,1,0,0,0,1,0,0,0,0,1,0,0,1,0,1,0,0,0,0,0,1,0,1,1,0.0,-4583.9800000000005,1
1,0,1,0,1,0,1,0,1,0,1,1,0,0,0,1,1,1,1,0,0,0,1,1,1,0,0,0,1,1,1,1,0,1,1,0,0,0,1,1,1,1,0,0,0,0,1,1,1,0,1,1,0,1,0,0,0,1,1,1,1,0,1,1,0,0,0,0,1,1,0,1,1,0,1,0,1,1,1,0,0,0,0,1,1,1,0,1,1,1,1,1,0,1,1,0,0,1,1,0,1,0,1,0,0,0,1,1,0,1,0,0,1,1,0,1,1,0,1,0,0,0,0,0,1,0,1,0,0,0,1,0,0,1,0,0,1,0,0,0,1,0,1,1,1,1,0,0,0,1,1,1,0,1,0,0,0,1,0,1,1,0,0,1,0,1,1,1,0,0,0,0,0,1,0,0,0,0,0,0,0.0,-4583.899999999998,1
1,1,0,0,1,0,0,0,1,0,1,0,0,1,0,1,0,0,1,0,1,0,0,1,1,1,1,1,1,1,0,1,1,0,1,0,1,0,1,1,1,1,1,0,0,1,0,0,0,1,0,0,0,1,0,1,0,0,0,1,0,1,1,0,0,0,0,0,1,0,1,0,1,0,1,1,1,1,0,0,1,0,1,0,0,1,1,0,1,0,0,1,0,1,0,1,1,1,1,1,1,1,0,0,1,1,0,1,1,0,0,1,1,1,0,0,1,1,1,1,0,0,1,1,0,0,0,0,0,0,0,0,0,0,1,0,1,1,1,0,1,1,1,0,0,1,0,0,1,0,0,0,0,0,0,1,0,0,0,1,0,0,0,1,0,1,1,1,0,0,0,0,0,0,0,1,1,0,0,0,0.0,-4583.849999999999,1
0,0,0,1,0,0,1,0,1,0,0,0,0,1,1,1,0,1,1,1,0,0,1,0,1,0,1,1,1,1,1,0,0,0,1,0,1,1,1,0,1,1,1,1,0,0,1,1,1,0,1,0,0,1,0,0,1,1,0,0,1,0,1,0,0,0,1,1,1,1,1,0,0,0,0,0,1,1,0,0,1,0,0,1,1,0,0,1,1,1,1,0,0,0,0,0,1,0,1,1,1,0,1,1,1,1,0,1,1,1,1,1,1,1,1,1,1,1,0,0,1,0,1,1,1,0,0,0,1,1,0,1,0,0,1,0,1,1,1,0,1,0,1,1,0,1,1,1,1,0,1,1,0,0,1,0,1,1,0,0,0,1,0,1,0,0,0,0,0,0,0,0,0,0,1,1,1,0,1,0,0.0,-4583.820000000001,1
0,0,0,0,1,0,0,1,0,1,0,1,1,1,0,1,0,0,1,0,1,0,0,0,1,0,1,1,1,0,0,1,1,0,1,0,1,1,0,0,1,1,1,1,0,1,0,1,0,0,0,0,1,0,0,1,0,0,0,1,1,1,1,0,0,0,1,0,1,0,1,0,0,1,1,0,0,0,0,1,1,0,0,1,0,1,0,0,1,0,0,1,0,0,0,1,1,0,0,1,0,0,0,1,1,1,1,1,1,1,0,1,0,1,1,0,1,1,0,1,0,1,1,1,0,0,0,1,1,0,0,1,0,0,1,0,1,1,1,0,0,1,0,0,0,1,0,1,0,0,0,1,0,1,0,1,1,0,0,1,0,0,1,1,0,0,1,0,1,0,0,0,1,0,1,0,1,0,0,0,0.0,-4583.6,1
0,0,1,1,0,0,0,0,1,0,1,0,0,0,1,0,1,0,0,1,1,1,0,0,0,1,1,1,0,1,0,0,0,0,0,1,1,0,1,1,0,0,0,0,1,0,0,0,1,0,0,1,0,1,1,1,0,0,1,1,1,0,0,1,1,0,1,1,1,0,0,1,1,0,0,1,1,1,0,0,1,0,1,0,1,1,0,1,0,1,1,1,1,1,1,1,0,1,1,0,0,1,0,0,0,0,1,0,0,0,1,1,1,0,1,0,0,0,1,1,0,0,0,0,0,1,1,0,0,1,1,0,1,1,0,1,0,0,0,1,1,0,1,1,1,0,1,0,0,1,1,0,1,1,1,0,0,0,1,0,0,1,0,0,1,1,0,1,0,0,1,1,1,1,1,0,0,1,1,1,0.0,-4583.149999999999,1
1,1,1,1,1,1,0,0,1,0,0,1,0,0,1,1,1,0,1,0,1,0,0,0,1,1,1,1,1,1,0,1,1,0,1,0,1,1,1,0,1,1,0,1,0,1,1,0,0,0,0,1,0,1,0,1,1,0,1,0,0,1,1,0,0,1,1,1,0,0,0,0,0,0,0,1,1,1,1,0,1,0,1,0,0,0,0,1,1,0,0,0,0,0,1,0,0,1,1,1,1,1,1,1,0,1,1,1,1,0,1,0,1,1,1,0,1,0,1,1,1,0,1,0,1,0,0,0,0,1,1,1,1,1,1,0,1,0,0,0,1,0,1,0,0,1,0,1,0,0,0,0,0,1,1,0,0,1,0,0,1,0,0,0,0,1,0,1,0,0,0,0,0,1,1,0,1,0,1,0,0.0,-4583.109999999999,1
0,0,0,1,1,1,0,1,0,1,1,1,1,0,0,1,0,0,1,0,1,0,0,1,1,1,1,1,1,0,0,1,1,0,1,0,1,0,0,1,0,1,0,0,0,1,1,1,0,0,0,0,1,1,0,1,1,0,0,0,1,1,1,0,0,1,0,0,0,0,1,0,1,1,0,1,0,0,1,0,1,1,1,0,0,0,0,1,1,0,1,0,0,1,0,1,1,0,1,1,0,0,0,0,1,1,1,1,1,1,1,1,0,1,0,0,1,1,0,1,1,0,1,0,1,0,0,1,1,1,0,0,0,0,1,0,1,1,1,0,0,0,0,1,0,1,0,1,0,0,0,0,0,1,1,1,1,0,0,1,0,0,1,0,0,0,0,0,0,1,0,0,1,0,0,0,1,0,0,1,0.0,-4582.85,1
1,1,0,1,0,1,0,1,0,1,1,1,1,0,1,0,0,0,0,1,1,1,0,0,0,1,1,0,0,0,1,0,0,0,0,1,0,0,0,1,1,0,1,0,1,1,1,0,0,0,0,0,1,1,1,1,1,0,0,0,0,1,0,0,1,1,0,1,0,0,1,0,1,1,0,1,0,0,1,0,0,1,1,0,1,1,0,1,0,0,1,0,1,1,0,0,0,0,1,1,0,1,1,0,1,0,0,0,1,1,1,1,0,0,1,0,0,0,1,1,0,0,1,0,0,1,0,1,0,1,0,0,1,0,1,1,0,1,1,1,0,0,0,1,0,0,1,1,1,1,0,0,1,0,1,1,0,0,1,0,0,1,1,1,1,1,0,0,0,1,1,1,1,0,1,1,1,1,1,0,0.0,-4582.8499999999985,1
0,1,1,0,0,1,0,0,1,0,0,0,0,0,0,0,1,0,0,1,1,1,0,0,0,1,1,0,0,1,0,0,1,0,0,1,0,1,0,0,0,0,1,1,1,1,1,1,0,0,0,1,0,1,1,1,0,0,1,1,0,1,0,0,1,1,1,0,0,0,0,0,0,0,1,1,1,1,0,0,0,0,1,0,0,0,0,1,0,1,1,0,1,0,1,0,0,1,1,1,1,0,1,1,0,0,0,0,0,0,0,1,1,0,1,0,0,0,0,1,1,0,1,0,0,1,0,0,1,0,1,1,1,1,0,1,0,0,0,1,1,0,1,1,1,0,1,1,0,1,1,1,1,1,0,0,1,1,1,1,0,1,0,1,1,0,1,1,0,0,1,1,0,1,1,0,1,1,0,1,0.0,-4582.820000000001,1
0,0,1,1,0,0,0,0,1,0,1,1,0,0,1,0,1,0,0,1,1,1,0,1,0,1,1,1,0,1,0,0,1,0,1,1,1,0,1,1,0,0,1,0,1,1,0,0,0,1,0,1,0,1,1,1,1,0,0,0,0,1,0,0,1,0,0,1,1,0,1,0,1,1,0,1,1,1,1,0,1,1,1,0,0,1,1,1,0,1,1,1,1,1,1,1,0,0,1,1,1,1,0,0,0,1,1,0,1,0,1,1,1,0,0,0,0,0,1,1,0,0,1,0,0,1,0,0,0,1,0,0,1,1,1,1,0,0,0,1,1,0,1,1,0,0,0,1,0,0,1,0,1,1,1,0,0,0,1,0,0,1,0,0,1,1,0,0,0,1,1,1,0,0,0,0,1,1,1,1,0.0,-4582.819999999999,1
0,1,1,1,1,0,0,1,0,1,0,1,1,1,1,1,1,0,1,0,1,0,0,1,0,1,0,1,1,0,1,1,1,1,1,0,1,0,0,1,0,1,1,0,0,1,1,1,0,1,0,1,1,0,1,1,1,0,1,0,0,1,1,0,0,0,0,1,1,0,0,0,0,1,0,1,0,0,1,0,1,1,1,0,0,1,1,0,1,0,1,1,0,1,1,1,0,0,1,1,1,0,0,0,0,1,1,1,1,0,1,0,0,0,0,0,1,0,0,1,0,0,1,1,0,0,0,1,1,1,1,0,0,1,1,0,1,0,0,0,0,0,0,0,0,1,0,1,0,0,0,1,0,1,1,1,1,0,0,0,1,0,1,0,0,0,0,0,1,1,0,0,0,1,0,0,1,0,1,1,0.0,-4582.679999999999,1
0,0,0,0,1,1,1,1,0,1,1,0,1,0,1,1,0,1,1,0,0,0,1,1,1,0,1,0,1,0,1,1,0,0,1,0,0,0,0,1,1,1,1,0,0,0,0,1,1,1,1,0,1,0,0,0,0,1,0,1,1,0,1,0,0,1,0,1,0,1,1,0,1,0,1,0,0,0,0,1,0,0,0,1,1,0,1,1,1,1,0,0,0,1,0,0,1,1,0,1,0,0,1,0,1,1,0,1,1,1,0,0,0,1,0,1,1,1,0,0,1,1,1,0,0,0,0,1,1,0,0,0,0,0,1,0,1,1,1,0,0,0,0,1,0,1,0,1,1,0,1,0,0,0,0,1,1,1,0,0,1,0,1,1,0,1,1,1,1,0,0,0,1,0,0,1,1,0,1,0,0.0,-4582.6799999999985,1
0,1,1,1,0,1,0,1,0,1,1,1,1,1,1,0,1,0,0,1,1,1,0,1,0,1,1,1,0,0,0,0,1,0,0,1,1,0,0,1,0,0,1,0,1,1,1,1,0,1,0,1,1,0,1,1,1,0,1,0,0,1,0,0,1,0,0,1,0,0,0,0,1,1,0,1,0,0,1,0,1,1,1,0,0,0,1,0,0,0,1,0,1,1,1,1,0,0,1,1,1,0,0,0,0,1,1,0,0,1,1,1,0,0,0,0,0,0,0,1,1,0,1,1,0,1,0,1,1,1,1,0,1,1,1,1,0,0,0,1,0,0,0,0,0,0,0,1,0,0,0,0,1,1,1,0,1,0,1,0,0,1,1,1,1,0,0,0,1,1,1,1,0,1,0,0,1,1,1,1,0.0,-4582.51,1
1,1,0,0,1,1,1,0,1,0,1,1,0,1,0,1,0,1,1,0,0,0,1,0,1,0,1,1,1,1,0,1,1,0,1,0,1,0,1,1,1,1,1,0,0,0,0,1,1,0,1,0,0,0,0,0,0,1,0,1,0,0,1,0,0,1,1,0,0,1,1,0,1,1,1,0,1,1,0,1,1,1,0,1,0,0,0,0,1,1,0,0,0,1,0,1,1,0,0,1,1,0,0,0,1,1,0,1,1,1,0,0,1,1,1,1,1,1,0,0,1,1,1,1,1,0,0,0,1,0,0,0,0,0,1,0,1,1,1,0,1,0,1,0,0,1,0,0,1,0,1,1,0,0,0,0,1,0,0,1,1,0,0,1,0,0,1,0,1,1,0,0,0,0,1,1,1,0,0,0,0.0,-4582.510000000001,1
0,1,0,1,0,1,0,0,1,0,1,0,0,0,1,0,0,0,0,1,1,1,0,1,0,0,1,0,0,1,0,0,0,0,0,1,0,1,1,0,1,0,0,1,1,1,0,1,0,1,0,0,0,0,1,1,1,0,0,0,0,1,0,1,1,1,0,1,0,0,1,1,1,0,0,0,1,1,0,0,0,0,0,1,1,0,1,0,0,0,0,0,1,0,0,0,1,1,1,0,1,0,1,0,1,1,0,0,0,1,1,0,1,0,0,0,0,1,0,1,1,0,0,0,0,1,1,0,1,1,0,1,1,0,0,1,0,1,1,1,1,0,1,0,1,0,0,0,1,0,0,0,1,0,1,0,1,1,1,0,1,1,0,1,1,0,0,1,1,0,1,1,0,0,0,1,0,1,1,0,0.0,-4582.460000000001,1
0,0,1,0,0,1,1,0,1,0,0,0,0,1,0,0,1,1,1,1,0,1,1,1,0,0,1,0,0,0,1,0,0,0,0,1,0,1,0,0,0,0,0,1,1,0,1,1,1,0,1,1,1,0,1,0,0,1,1,1,1,0,0,1,1,1,1,0,0,1,0,1,0,0,1,0,1,1,0,1,0,0,0,1,1,0,0,0,0,1,1,0,1,0,1,0,0,1,0,0,1,0,1,1,0,0,1,0,0,1,0,0,0,0,0,1,0,0,0,0,1,1,0,1,1,0,1,0,1,0,1,1,1,1,0,1,1,0,0,1,0,0,1,0,1,0,1,0,0,1,1,0,1,1,0,0,1,1,1,1,1,1,0,0,1,0,1,1,1,0,1,1,0,1,0,0,0,1,0,1,0.0,-4582.420000000001,1
1,0,1,0,0,1,1,0,1,0,1,1,0,0,1,0,1,1,0,1,0,1,1,0,0,1,1,0,0,1,1,0,0,0,0,1,0,0,1,1,0,0,1,0,1,0,1,0,1,0,1,1,0,0,1,0,0,1,1,1,1,0,0,1,1,1,0,1,0,1,0,1,1,0,1,1,1,1,0,0,0,0,1,0,1,0,0,1,0,1,0,0,1,1,1,1,0,0,1,0,0,1,0,0,0,0,1,0,0,0,0,1,1,0,1,1,0,0,1,0,1,0,0,0,0,1,1,0,0,0,1,0,1,1,0,1,0,0,0,1,1,0,1,1,1,0,1,0,0,1,1,0,1,1,0,0,0,0,1,0,0,0,0,0,1,1,1,0,1,0,1,1,1,1,1,0,0,1,1,1,0.0,-4582.379999999998,1
0,0,1,0,1,0,1,0,1,0,0,1,0,0,0,1,1,1,1,0,0,0,1,1,1,1,0,1,1,1,0,1,0,1,1,0,1,1,1,0,0,1,0,1,0,0,1,0,1,1,1,1,0,1,0,0,0,1,1,1,0,0,1,1,0,0,0,0,1,1,0,1,0,0,1,1,1,1,0,0,1,0,1,0,1,1,1,0,1,0,0,1,0,0,1,0,1,0,1,0,1,1,1,1,0,0,1,1,0,1,0,1,1,1,0,1,1,0,1,0,0,0,0,0,0,0,1,0,0,0,1,1,0,1,0,0,1,0,0,0,1,0,1,0,1,1,1,0,0,1,0,1,0,1,0,0,0,1,0,1,0,1,0,0,0,0,1,0,0,0,0,0,0,1,0,0,0,0,0,1,0.0,-4582.329999999997,1
1,1,0,1,0,1,1,1,0,1,1,0,1,1,1,0,0,1,0,1,0,1,1,0,0,0,1,1,0,0,1,0,1,0,0,1,1,0,0,1,1,0,1,0,1,0,0,1,1,0,1,0,1,1,1,0,1,1,0,0,0,0,0,0,1,1,1,1,0,0,1,0,1,1,0,0,0,0,0,0,1,1,0,1,0,0,0,1,0,0,0,0,1,1,0,0,1,1,1,1,0,0,1,0,1,1,0,0,1,1,1,0,0,0,1,1,0,1,0,0,1,0,1,1,0,1,0,1,1,1,0,0,1,0,1,1,0,1,1,1,0,1,0,1,0,0,0,1,1,0,0,0,1,0,1,1,1,1,1,0,1,1,1,1,1,0,0,1,0,1,1,1,1,0,1,1,1,1,1,0,0.0,-4582.25,1
1,0,1,0,0,1,0,0,1,0,1,0,0,0,0,0,1,0,0,1,1,1,0,0,0,0,1,0,0,1,0,0,1,0,0,1,0,0,1,1,0,0,1,0,1,1,1,1,0,0,0,1,0,1,1,1,0,0,1,1,1,1,0,0,1,1,0,0,0,0,0,1,1,0,1,0,1,1,1,0,0,0,0,0,0,0,0,1,0,0,1,0,1,1,1,1,0,1,1,0,1,0,0,0,0,0,1,0,1,0,0,0,1,0,1,0,0,0,0,1,1,0,1,0,0,1,0,0,1,0,1,0,1,1,1,1,0,0,0,1,1,0,1,1,0,0,1,1,0,1,0,0,1,1,0,0,1,0,1,1,1,1,0,0,1,0,1,1,0,0,1,1,0,1,1,0,1,1,0,1,0.0,-4582.2300000000005,1
0,0,0,0,1,1,0,0,1,0,1,0,0,0,0,1,0,0,1,0,1,0,0,1,1,1,1,1,1,1,0,1,0,0,1,0,1,0,0,1,1,1,1,0,0,1,1,1,0,0,0,0,1,1,0,1,0,0,0,1,1,1,1,0,0,1,0,0,0,0,1,0,1,0,1,1,1,1,1,0,1,0,1,0,1,0,0,1,1,0,1,0,0,1,0,1,1,0,1,1,1,0,0,0,1,1,1,1,1,1,0,1,1,1,0,0,1,1,0,1,1,0,1,0,1,0,0,0,1,0,0,0,0,0,1,0,1,1,1,1,1,1,1,1,0,1,0,1,1,0,0,1,0,0,0,0,1,0,0,1,0,0,0,1,0,0,1,0,0,0,1,0,0,0,0,1,1,0,0,0,0.0,-4581.76,1
1,0,1,1,0,0,0,1,0,1,1,1,1,0,1,0,1,0,0,1,1,1,0,1,0,1,1,0,0,0,0,0,1,0,1,0,0,0,0,1,0,0,0,0,1,1,1,0,0,0,0,1,1,0,1,1,1,0,1,0,1,1,0,1,1,0,1,1,1,0,0,1,1,0,0,1,0,0,1,0,0,0,1,0,0,1,0,0,0,1,0,1,1,1,1,0,1,0,1,0,0,1,1,0,0,0,1,0,0,0,1,0,0,0,0,0,0,0,1,1,0,0,0,0,0,1,1,1,0,1,1,0,1,1,0,1,0,0,0,1,0,0,0,0,1,0,0,1,0,1,1,0,1,1,1,1,0,1,1,0,1,1,1,1,1,1,0,0,1,0,1,1,1,1,0,0,0,1,1,1,0.0,-4581.700000000001,1
0,0,0,1,0,1,0,0,1,0,1,1,0,1,1,1,0,0,1,1,1,0,0,0,1,1,1,1,1,1,0,0,1,0,1,0,1,0,1,1,1,1,1,0,0,1,1,0,0,0,0,0,0,0,0,1,1,0,0,0,1,1,1,0,0,1,1,1,0,0,1,0,1,0,0,1,1,1,1,0,1,0,1,0,0,0,0,0,1,0,0,0,0,1,0,0,1,0,1,1,1,1,1,0,1,1,0,1,0,1,1,1,1,1,1,0,1,1,1,1,1,0,1,1,0,0,0,0,0,1,0,0,0,0,1,0,1,1,1,0,1,1,1,0,0,1,0,1,1,0,0,1,0,0,1,0,0,1,0,0,0,1,0,1,0,1,0,0,1,0,0,0,0,0,1,1,1,0,1,0,0.0,-4581.5999999999985,1
0,1,1,0,1,0,1,0,1,0,1,1,0,1,0,1,1,1,1,0,0,0,1,1,1,1,1,1,1,1,0,1,0,0,0,0,1,0,1,1,0,1,0,0,0,0,1,0,1,1,1,1,0,1,0,0,0,1,1,1,0,0,1,1,0,0,0,0,1,1,0,1,1,0,1,1,1,1,0,0,1,0,1,0,1,1,1,0,1,1,0,1,0,1,1,1,0,1,1,0,1,1,0,0,0,0,1,1,0,0,0,1,1,1,0,0,1,0,1,0,0,0,0,1,0,0,1,0,0,0,1,0,0,1,0,0,1,0,0,0,1,0,1,0,1,1,1,0,0,1,1,1,0,1,0,1,0,0,0,1,0,0,0,0,0,0,1,1,0,0,0,0,0,1,0,0,0,0,0,1,0.0,-4581.579999999998,1
1,0,0,0,1,0,0,1,0,1,1,1,1,0,0,1,0,0,1,0,1,0,0,1,1,0,1,1,1,0,0,1,0,0,1,0,1,0,0,1,1,1,1,0,0,1,0,0,0,1,0,0,1,0,0,1,0,0,0,1,1,1,1,0,0,0,0,0,1,0,1,0,1,1,1,0,0,0,1,0,1,1,0,1,1,0,1,1,1,0,1,0,0,1,0,1,0,1,1,1,1,1,0,0,1,1,0,1,1,1,0,0,0,1,0,0,1,1,1,1,1,0,1,0,0,0,0,1,0,0,0,0,0,1,1,0,1,1,1,0,0,0,0,1,0,1,0,0,1,0,0,1,0,0,0,1,0,0,0,1,1,0,1,1,0,1,1,1,0,1,0,0,0,0,0,1,1,0,0,0,0.0,-4581.48,1
1,1,1,1,0,0,1,1,0,1,1,0,1,0,1,0,1,1,0,1,0,1,1,0,0,0,0,0,0,0,1,0,0,1,1,1,0,0,0,1,0,0,1,0,1,0,1,0,1,1,1,1,1,1,1,0,1,1,1,0,0,0,0,0,1,0,0,1,1,1,0,0,1,0,1,0,0,0,0,0,0,0,0,1,1,1,1,1,0,1,0,1,1,1,1,0,0,0,1,1,0,1,1,0,0,1,1,0,1,0,1,1,0,0,1,1,0,0,1,1,0,0,1,0,0,1,0,1,0,1,1,0,1,1,1,1,0,0,0,1,0,0,0,1,0,0,1,1,0,0,1,0,1,1,1,1,0,1,1,0,0,1,1,1,1,0,0,0,0,0,1,1,1,1,1,0,1,1,1,1,0.0,-4581.449999999999,1
0,0,0,0,1,0,1,1,0,1,1,1,1,0,0,1,0,1,1,0,1,0,0,0,1,0,0,1,1,0,1,1,0,1,1,0,1,0,0,1,1,1,1,0,0,0,0,1,1,1,1,0,1,1,0,0,0,1,0,1,1,0,1,0,0,0,0,0,1,1,1,0,1,1,1,0,0,0,1,0,1,1,0,1,1,0,1,1,1,0,0,1,0,1,0,0,0,0,1,1,0,0,1,0,1,1,0,1,1,0,0,0,0,1,1,1,1,1,0,1,1,0,1,0,0,0,0,1,1,0,0,0,0,0,1,0,1,1,1,0,0,0,0,1,0,1,1,1,1,0,1,1,0,0,0,1,1,1,0,1,1,0,1,1,0,1,1,0,0,1,0,0,1,0,1,1,1,0,0,0,0.0,-4581.4,1
0,0,0,0,1,1,1,1,0,1,0,0,1,0,0,1,0,1,1,0,0,0,1,1,1,1,0,0,1,0,0,1,0,1,1,0,0,1,0,0,1,1,0,1,0,0,1,0,1,1,1,0,1,1,0,0,0,1,0,1,1,0,1,1,0,1,1,0,0,1,1,1,0,1,1,1,0,0,0,0,0,0,1,0,1,0,1,1,1,1,1,0,0,0,0,0,1,1,1,0,0,1,1,1,1,0,1,1,0,1,0,1,0,1,0,1,1,1,1,0,1,0,0,0,1,0,1,1,0,0,0,1,0,0,0,0,1,1,1,0,0,1,0,1,1,1,0,0,1,1,1,1,0,0,0,1,0,1,0,1,0,0,0,1,0,1,1,1,0,0,0,0,1,0,0,1,0,0,0,0,0.0,-4581.129999999997,1
1,0,1,0,0,0,1,1,0,1,1,1,1,0,0,0,1,1,0,1,0,1,1,0,0,1,1,0,0,0,1,0,0,0,0,1,0,0,0,1,1,0,0,0,1,0,1,0,1,1,1,1,1,0,1,0,0,1,0,1,1,0,0,1,1,0,0,0,1,1,0,1,1,1,1,1,0,0,0,1,0,1,1,0,1,1,1,1,0,1,1,1,1,1,1,0,0,0,0,0,0,1,1,0,0,0,1,0,0,0,0,0,0,0,1,1,0,0,1,0,0,1,0,0,1,1,1,1,0,0,1,0,1,1,0,1,0,0,0,1,0,0,0,1,1,0,1,0,1,1,1,0,1,0,0,1,0,1,1,1,1,1,1,0,1,0,1,0,1,1,1,1,1,0,1,1,0,1,0,0,0.0,-4581.099999999997,1
1,1,0,1,1,0,0,0,1,0,1,1,0,0,1,1,0,0,1,0,1,0,0,0,1,0,1,1,1,1,0,1,1,0,1,0,1,0,1,1,1,1,1,0,0,1,1,0,0,1,0,0,0,0,0,1,1,0,0,0,0,1,1,0,0,0,0,1,1,0,1,0,1,0,0,0,1,1,1,1,1,0,0,1,0,0,1,1,0,1,0,0,0,1,0,1,1,1,0,1,1,1,0,0,1,1,0,1,1,0,1,0,1,1,1,0,1,1,1,1,1,1,1,0,0,0,0,0,0,1,0,0,0,0,1,0,1,1,1,0,1,1,1,1,0,1,1,1,1,0,1,0,0,0,1,0,0,0,0,0,1,0,0,1,0,1,0,1,0,0,0,0,0,0,1,1,1,0,1,0,0.0,-4581.089999999997,1
0,1,0,0,1,1,0,1,0,1,0,1,1,0,1,1,0,0,1,0,1,0,0,1,1,0,0,1,1,0,0,1,1,1,1,0,1,1,0,0,1,1,1,1,0,1,1,0,0,1,0,0,1,0,0,1,0,0,1,1,0,1,1,0,0,1,1,1,0,0,1,0,0,0,1,0,0,0,0,1,1,0,0,1,0,0,1,0,1,0,1,0,0,0,0,1,1,1,0,1,0,1,0,1,1,1,0,1,1,1,0,0,0,1,0,0,1,1,1,1,1,1,1,0,0,0,0,1,0,0,0,1,0,0,1,0,1,1,1,0,0,1,0,0,1,1,1,1,1,0,1,1,0,0,0,1,0,0,0,0,1,0,1,1,0,1,1,1,1,0,0,0,1,1,0,1,1,0,1,0,0.0,-4581.040000000001,1
1,1,0,0,1,0,1,1,0,1,1,0,1,1,0,1,0,1,1,0,0,0,1,0,1,1,1,1,1,0,1,1,0,0,1,0,1,1,0,0,1,1,1,1,0,0,0,1,1,0,1,0,1,1,0,0,0,1,0,1,0,0,1,0,0,0,1,0,1,1,1,0,1,0,1,1,0,0,0,0,1,0,1,0,1,1,0,1,1,0,0,1,0,0,0,1,1,0,1,1,0,0,0,1,1,1,0,1,1,1,0,1,0,1,1,1,1,0,0,0,0,0,1,1,1,0,0,1,1,0,0,1,0,0,1,0,1,1,1,1,0,0,0,1,0,1,0,1,1,0,0,0,0,0,0,1,1,0,0,1,0,0,1,1,0,0,1,0,0,0,1,0,1,0,1,1,1,0,0,0,0.0,-4581.03,1
1,0,0,1,0,1,0,1,0,1,0,1,1,0,1,0,1,0,0,1,1,1,0,0,0,0,0,0,0,0,1,0,0,1,0,1,0,1,0,0,1,0,1,1,1,1,1,0,0,1,0,1,1,0,1,1,1,0,1,0,1,1,0,0,1,1,1,1,0,0,0,0,0,1,0,0,0,0,1,0,0,1,0,1,1,0,1,1,0,1,0,0,1,0,1,1,1,1,1,1,0,1,0,1,0,1,1,0,1,0,1,1,0,0,1,0,0,0,1,1,1,0,1,0,0,1,0,1,0,1,1,1,1,1,1,1,0,0,0,1,0,0,0,1,0,0,1,0,1,0,1,0,1,0,1,1,0,0,1,0,0,1,1,0,1,1,0,1,0,1,1,1,1,1,1,1,1,1,1,0,0.0,-4580.929999999999,1
1,1,1,1,1,1,0,0,1,0,1,0,0,1,1,1,1,0,1,0,1,0,0,1,1,0,1,1,1,1,1,1,1,0,1,0,1,0,1,1,1,1,1,0,0,1,1,1,0,1,0,1,0,0,0,1,1,0,1,0,0,1,1,0,0,1,1,1,0,0,0,0,1,0,0,1,1,1,1,0,1,0,1,1,0,0,1,0,1,0,0,0,0,1,1,1,0,1,1,1,1,0,0,0,0,1,1,1,1,0,1,0,1,1,0,0,1,0,0,1,1,0,1,1,0,0,0,0,1,1,1,0,0,1,1,0,1,0,0,0,1,0,1,0,0,1,0,1,0,0,0,1,0,1,1,0,1,0,0,0,1,0,0,0,0,0,0,1,1,0,0,0,0,1,0,0,1,0,1,0,0.0,-4580.89,1
0,1,1,0,1,0,0,0,1,0,1,0,0,1,0,1,1,0,1,0,1,0,0,0,1,0,1,1,1,1,0,1,0,0,0,0,1,0,1,1,1,1,1,0,0,1,1,1,0,1,0,1,0,1,0,1,0,0,1,1,0,1,1,0,0,0,0,0,1,0,0,0,1,0,1,0,1,1,1,1,1,0,0,1,1,1,1,1,1,0,0,1,0,1,1,1,0,1,0,1,1,0,0,0,0,1,1,1,1,0,0,1,1,1,1,0,1,0,0,1,0,1,1,1,1,0,1,0,1,0,1,0,0,1,1,0,1,0,0,0,1,1,1,1,0,1,0,1,1,0,0,0,0,0,0,0,1,0,0,1,0,0,0,1,0,0,1,1,0,0,0,0,0,1,1,1,1,0,0,0,0.0,-4580.849999999998,1
0,0,0,1,1,0,0,1,0,1,0,0,1,1,1,1,0,0,1,0,1,0,0,0,1,1,1,1,1,0,0,1,0,0,1,0,1,1,0,0,1,1,1,1,0,1,1,0,0,1,0,0,1,1,0,1,1,0,0,0,1,1,1,0,0,0,1,1,1,0,1,0,0,1,1,1,0,0,1,0,1,1,1,0,1,0,1,1,1,0,1,1,0,0,0,1,1,1,1,1,0,1,0,1,1,1,1,0,1,1,1,1,0,1,1,0,1,1,1,1,1,0,1,1,0,0,0,1,0,1,0,1,0,0,1,0,1,1,1,0,0,0,0,1,0,1,0,1,1,0,0,1,0,0,1,1,0,0,0,0,0,0,1,1,0,1,0,1,0,1,0,0,1,0,1,1,1,0,1,0,0.0,-4580.679999999998,1
0,1,0,1,0,1,1,1,0,1,1,0,1,0,1,0,0,1,0,1,0,1,1,0,0,1,1,0,0,0,1,1,0,0,0,1,0,0,0,1,1,0,0,0,1,0,1,0,1,1,1,0,1,0,1,0,1,1,0,0,0,0,0,1,1,1,0,1,0,1,1,1,1,0,0,1,0,0,0,1,0,0,1,0,1,1,1,0,0,1,0,1,1,1,0,0,1,0,0,0,0,1,1,0,1,0,1,0,0,1,1,1,0,0,1,1,0,0,1,0,0,1,0,0,0,1,1,1,0,1,0,0,1,0,0,1,0,1,1,1,0,1,0,0,1,0,1,0,1,1,1,0,1,0,1,1,0,1,1,0,0,1,1,1,1,1,0,0,1,0,1,1,1,0,1,1,0,1,1,0,0.0,-4580.599999999999,1
1,0,1,0,1,0,0,1,0,1,1,0,1,1,0,1,1,0,1,0,1,0,0,1,0,0,0,1,1,0,0,1,1,1,1,0,1,0,0,1,0,1,1,0,0,1,1,0,0,1,0,1,1,1,1,1,0,0,1,1,1,1,1,0,0,1,1,0,1,0,0,0,1,1,1,0,0,0,1,1,1,1,0,1,0,1,1,0,1,0,1,1,0,1,1,1,0,1,0,1,0,1,0,0,0,1,1,1,1,0,0,1,0,0,0,0,1,0,1,1,0,1,1,1,0,0,0,1,0,0,1,0,1,1,1,0,1,0,0,0,0,1,0,0,0,1,1,1,0,0,0,0,0,1,0,1,0,0,0,1,0,0,1,0,1,1,1,1,1,1,0,0,1,1,0,0,1,0,0,1,0.0,-4580.549999999997,1
0,1,1,1,1,1,0,0,1,0,1,1,0,0,1,1,1,0,1,0,1,0,0,1,1,0,0,1,1,1,0,1,1,1,0,0,1,0,1,1,0,1,1,0,0,1,1,0,0,0,0,1,0,1,0,1,1,0,1,0,0,1,1,0,0,1,0,1,0,0,0,0,1,1,0,0,1,1,1,0,1,1,0,1,0,0,0,1,1,0,1,0,0,1,1,1,0,1,1,1,1,1,0,0,0,1,0,1,1,0,1,0,1,1,0,0,1,0,1,1,1,0,1,0,1,0,0,0,0,1,1,0,0,1,1,0,1,0,0,0,1,0,1,1,0,1,0,1,0,0,1,0,0,1,1,1,0,0,0,0,1,0,0,1,0,0,0,1,0,1,0,0,0,1,0,0,1,0,1,1,0.0,-4580.509999999998,1
0,0,0,1,1,0,0,1,0,1,1,0,1,0,1,1,0,0,1,0,1,0,0,0,1,1,1,1,1,1,1,1,1,0,1,0,1,0,0,1,1,1,1,0,0,1,0,0,0,1,0,0,0,1,0,1,1,0,0,0,1,1,1,0,0,0,0,1,1,0,1,0,1,0,0,1,0,0,1,0,1,0,1,0,0,1,1,1,1,1,1,1,0,1,0,1,1,0,1,1,0,1,0,0,1,0,0,1,1,0,1,1,1,1,1,0,1,1,1,1,0,0,1,0,0,0,0,1,0,1,0,0,0,0,1,0,1,1,1,0,0,1,0,1,0,1,1,1,1,1,1,1,0,0,1,1,0,0,0,0,0,0,1,1,0,1,0,0,0,0,0,0,1,0,1,1,1,0,1,0,0.0,-4580.489999999999,1
1,0,0,0,0,0,0,0,1,0,1,1,0,0,0,1,1,0,1,1,1,1,0,0,1,0,0,0,0,1,0,0,1,1,1,0,0,0,1,1,1,0,1,0,0,1,0,0,0,1,0,1,0,1,0,1,0,0,1,1,1,1,1,0,1,0,0,0,1,0,0,0,1,0,1,0,1,1,0,1,0,0,0,1,0,1,1,1,1,0,1,1,0,1,1,1,0,0,0,1,1,1,0,0,0,1,1,0,1,0,0,0,1,1,1,0,1,0,1,1,0,1,1,0,0,0,0,0,0,0,1,0,0,1,1,0,1,0,0,0,1,1,1,1,0,1,1,1,1,0,0,1,0,0,0,0,0,0,1,1,1,1,0,0,0,1,1,0,0,0,0,0,0,1,1,1,1,0,0,0,0.0,-4580.419999999998,1
1,1,1,1,0,0,1,1,0,1,0,0,1,0,1,1,1,1,1,1,0,0,1,1,1,0,0,0,0,0,1,0,1,1,1,0,0,1,0,0,0,1,1,1,0,1,0,0,0,0,1,1,1,0,0,0,1,1,1,0,0,1,1,0,0,0,1,1,1,1,0,0,0,1,0,0,0,0,0,1,0,1,0,1,0,1,0,0,0,1,0,1,0,0,1,0,0,1,0,1,0,1,1,1,0,1,1,1,1,0,1,0,0,1,0,1,1,0,1,0,0,1,1,0,0,0,0,1,0,1,1,1,0,1,1,0,1,0,0,0,0,1,0,0,0,1,0,0,0,0,1,1,0,1,1,1,0,1,0,0,1,1,1,1,0,1,0,1,1,1,0,0,1,1,0,0,1,0,1,1,0.0,-4580.389999999999,1
0,1,0,1,0,0,0,1,0,1,0,0,1,0,1,0,0,0,0,1,0,1,1,0,0,1,1,1,0,0,0,0,0,0,0,1,1,0,0,1,1,0,1,0,1,1,0,0,0,0,0,0,1,1,1,1,1,0,0,0,0,1,0,0,1,0,1,1,1,0,1,0,0,1,0,1,0,0,0,1,1,1,1,0,1,1,0,0,0,0,0,1,1,1,0,1,1,1,0,1,0,1,0,1,1,1,0,0,1,1,1,1,0,0,1,0,0,1,1,0,0,1,1,0,0,1,0,1,0,1,0,0,0,0,1,1,0,1,1,1,0,1,0,0,0,0,1,1,1,0,0,1,1,0,1,1,0,0,1,0,0,1,1,0,1,1,0,1,1,1,1,1,1,0,1,1,1,1,1,0,0.0,-4580.17,1
0,0,1,0,0,0,0,0,1,0,1,1,0,0,1,0,1,0,0,1,1,1,0,0,0,1,1,1,0,1,0,0,0,0,0,1,1,0,1,1,0,0,1,0,1,1,1,0,0,0,0,1,0,1,1,1,0,0,1,1,1,1,0,0,1,0,0,1,1,0,0,0,1,1,1,1,1,1,1,0,1,1,1,0,1,1,0,1,1,1,0,1,1,1,1,1,0,1,1,1,1,1,0,0,0,1,0,0,1,1,0,0,1,0,1,0,0,0,1,1,0,0,1,0,0,1,0,0,0,0,1,0,1,1,1,1,0,0,0,1,1,0,1,1,0,0,1,1,0,0,1,0,1,1,0,0,0,0,1,0,1,1,0,0,1,1,1,1,0,1,1,1,0,1,1,0,1,1,1,1,0.0,-4580.119999999999,1
0,1,1,0,1,1,1,0,1,0,1,1,0,0,0,1,1,1,1,0,1,0,0,1,1,1,0,1,1,1,1,1,0,1,1,0,1,1,1,0,0,1,0,1,0,0,0,1,1,1,1,1,0,1,0,0,0,1,1,1,0,0,1,1,0,1,1,0,0,1,0,1,1,0,1,1,1,1,1,0,1,0,1,0,1,0,1,0,1,0,1,0,0,0,1,1,0,0,1,0,1,0,0,1,0,1,1,1,0,0,0,0,1,1,0,1,1,0,0,1,1,0,0,0,0,0,1,0,1,0,1,1,0,1,0,0,1,0,0,0,1,1,1,0,1,1,0,0,0,0,0,0,0,1,0,0,1,0,0,1,1,0,0,1,0,0,1,0,0,0,0,0,0,1,0,0,0,0,0,1,0.0,-4580.029999999999,1
0,1,1,1,0,0,0,0,1,0,1,1,0,1,1,0,1,0,0,1,1,1,0,0,0,0,1,0,0,1,0,0,1,0,0,1,0,0,0,1,1,0,1,0,1,1,1,1,0,0,0,1,0,1,1,1,1,0,1,0,0,1,0,0,1,0,0,1,1,0,0,0,1,1,0,0,1,1,1,0,0,0,0,1,0,0,0,1,0,1,0,0,1,1,1,1,0,1,0,1,1,0,0,0,0,1,1,0,1,0,1,0,1,0,1,0,0,0,0,1,1,1,1,1,1,1,0,0,1,1,1,0,1,1,1,1,0,0,0,1,1,0,1,1,0,0,1,1,0,0,0,0,1,1,1,0,1,0,1,0,1,1,0,1,1,0,0,1,0,0,1,1,0,1,1,0,1,1,1,0,0.0,-4579.960000000002,1
1,1,0,0,0,1,0,1,0,1,1,1,1,0,0,1,0,0,1,1,1,0,0,0,1,0,0,0,0,0,0,0,1,1,1,0,0,0,0,1,1,1,1,0,0,1,0,0,0,1,0,0,1,1,0,1,0,0,0,1,0,1,1,0,1,1,0,0,0,0,1,0,1,1,0,0,0,0,1,1,0,1,0,1,0,0,1,1,1,0,1,1,0,1,0,0,1,1,0,1,0,1,1,0,1,1,0,1,1,1,0,0,0,1,1,0,1,1,1,1,1,1,1,0,0,0,0,1,0,0,0,0,0,0,1,0,1,1,1,0,0,1,0,1,0,1,1,0,1,0,0,1,0,0,0,1,0,1,0,1,1,1,1,1,0,1,1,1,0,1,0,0,1,0,1,1,1,0,0,0,0.0,-4579.909999999999,1
0,0,1,1,0,1,0,1,0,1,1,1,1,1,1,0,0,0,0,1,1,1,0,1,0,1,1,0,0,0,0,0,1,0,0,1,0,0,0,1,0,0,1,0,1,1,0,1,0,1,0,1,1,0,1,1,1,0,0,0,1,1,0,0,1,1,0,1,0,0,1,0,1,1,0,0,0,0,1,1,0,1,0,1,0,0,1,0,0,1,1,0,1,1,1,0,1,0,0,1,1,0,1,0,0,1,1,0,1,0,1,1,0,0,0,0,0,0,0,1,1,1,1,1,0,1,0,1,1,1,0,0,1,1,1,1,0,0,0,1,0,1,0,0,0,0,1,1,0,0,1,0,1,1,1,0,1,1,1,0,0,1,1,0,1,0,0,0,1,1,1,1,0,0,0,0,1,1,1,1,0.0,-4579.89,1
1,0,0,1,0,1,0,1,0,1,0,1,1,1,1,1,0,0,1,1,1,0,0,1,1,0,0,0,0,0,1,0,0,1,1,0,0,1,0,0,1,1,0,1,0,0,0,1,1,0,0,0,1,0,0,1,1,0,0,0,0,0,1,1,1,1,1,1,0,0,1,1,0,1,0,0,0,0,1,1,0,1,0,1,1,0,0,0,1,1,0,0,0,0,0,1,1,1,0,0,0,0,0,1,1,0,0,1,1,1,1,1,0,1,0,0,1,1,0,1,1,1,0,1,0,0,1,1,1,1,0,1,0,0,0,0,1,1,1,0,0,1,0,0,1,1,0,0,1,1,1,1,0,0,1,0,1,0,0,0,0,1,1,1,0,0,0,1,1,1,0,0,1,0,0,1,0,0,1,0,0.0,-4579.810000000001,1
0,0,1,0,1,0,0,0,1,0,1,1,0,0,0,1,1,0,1,0,1,0,0,1,1,0,1,1,1,1,0,0,1,0,1,0,1,0,1,1,1,1,1,0,0,1,0,1,0,0,0,1,0,0,0,1,0,0,1,1,1,1,1,0,0,1,0,0,1,0,0,0,1,0,1,0,1,1,1,1,1,0,0,1,0,1,0,0,1,1,0,1,0,1,1,1,1,1,0,1,1,0,0,0,0,0,1,1,1,0,0,0,1,1,0,0,1,0,0,1,0,1,1,0,1,0,0,0,1,0,1,0,0,1,1,0,1,0,0,0,1,1,1,0,0,1,0,1,0,1,1,1,0,1,0,0,1,0,0,1,1,0,0,0,0,0,1,1,1,0,0,0,0,1,0,0,1,0,0,0,0.0,-4579.759999999999,1
0,1,1,0,1,0,1,0,1,0,0,1,0,0,0,1,1,1,1,0,0,0,1,0,1,0,1,1,1,1,1,1,0,0,1,0,1,1,1,0,0,1,0,1,0,0,1,0,1,1,1,1,0,1,0,0,1,1,1,0,0,0,1,1,0,0,1,0,1,1,0,1,0,0,1,0,1,1,1,0,1,0,0,1,1,1,1,1,1,0,1,1,0,0,1,1,0,0,1,0,1,1,0,1,0,1,1,0,0,0,0,0,1,1,1,1,1,0,1,0,0,0,0,0,0,0,1,0,0,0,1,1,0,1,0,0,1,0,0,0,1,0,1,1,1,1,1,0,0,0,0,1,0,1,0,0,0,0,0,1,1,0,0,0,0,1,0,0,0,0,0,0,0,1,1,0,0,0,0,1,0.0,-4579.719999999998,1
0,1,0,1,1,1,1,1,0,1,0,0,1,1,1,1,0,1,1,0,0,0,1,1,1,1,1,1,1,0,1,1,0,0,1,0,1,1,0,0,1,1,1,1,0,0,0,1,1,0,1,0,1,1,0,0,1,1,1,0,0,0,1,0,0,1,1,1,0,1,1,0,0,1,0,1,0,0,0,0,1,1,1,0,1,0,0,0,1,1,0,0,0,0,0,1,1,0,1,1,0,0,0,1,1,0,1,1,1,1,1,0,0,1,0,1,1,1,0,0,1,0,1,1,1,0,0,1,1,1,0,1,0,0,1,0,1,1,1,0,0,0,0,0,0,1,0,1,1,1,1,1,0,0,1,0,1,0,0,0,1,0,1,1,0,0,0,0,1,1,0,0,1,1,0,1,1,0,1,0,0.0,-4579.710000000002,1
0,1,0,1,0,1,0,0,1,0,0,0,0,0,1,0,1,0,0,1,1,1,0,0,1,0,1,0,0,1,1,0,1,0,0,1,0,1,1,0,0,0,0,1,1,1,1,1,0,1,0,0,0,0,0,1,1,0,1,0,0,1,0,1,1,1,1,1,0,0,0,1,0,0,1,0,1,1,1,1,0,0,0,1,0,0,1,0,0,1,0,0,1,0,0,1,1,1,0,0,1,0,0,1,1,0,0,0,0,1,1,0,1,1,1,0,0,1,0,1,1,1,0,0,0,1,1,0,1,1,1,1,0,0,0,1,0,1,1,1,1,1,1,0,1,0,1,0,0,1,1,1,1,1,1,0,1,0,1,0,1,1,0,1,0,0,0,1,1,0,1,1,0,1,1,0,0,1,1,1,0.0,-4579.520000000002,1
0,0,0,1,1,0,1,1,0,1,0,0,1,1,1,1,0,1,1,0,0,0,1,1,0,1,1,1,1,0,1,1,0,0,1,0,1,1,0,0,0,1,0,1,0,0,0,1,1,0,1,0,1,0,1,0,1,1,0,0,1,0,1,1,0,0,1,1,1,1,1,1,0,1,0,1,0,0,1,0,1,1,1,0,1,0,0,0,1,0,1,1,0,0,0,0,1,0,1,0,0,0,1,1,1,0,0,1,0,1,1,0,0,0,0,1,1,1,0,0,1,0,0,1,0,0,1,1,1,1,0,1,1,0,0,0,1,1,1,0,0,0,0,0,1,1,1,0,0,1,0,0,0,1,1,1,1,1,0,0,1,0,1,1,1,1,0,0,1,1,0,0,1,0,0,0,0,0,1,1,0.0,-4579.43,1
0,0,0,1,1,0,0,1,0,1,1,0,1,0,1,1,0,0,1,0,1,0,0,1,1,0,1,1,1,0,0,1,1,0,1,0,1,0,0,1,0,1,1,0,0,1,0,0,0,1,0,0,1,1,0,1,1,0,0,0,1,1,1,0,0,0,0,1,1,0,1,0,1,0,0,0,0,0,1,1,1,0,0,1,0,0,1,1,1,0,0,1,0,1,0,1,1,0,0,1,0,1,0,0,1,1,1,1,1,1,1,1,0,1,0,0,1,1,1,1,1,1,1,0,1,0,0,1,0,1,0,0,0,0,1,0,1,1,1,0,0,1,0,0,0,1,1,1,0,0,0,1,0,1,1,1,0,0,0,0,0,0,1,1,0,1,0,0,0,0,0,0,1,0,0,0,1,0,1,1,0.0,-4579.089999999999,1
0,1,1,0,1,1,0,0,1,0,1,0,0,1,0,1,1,0,1,0,1,0,0,1,1,1,1,1,1,1,1,1,0,0,1,0,1,0,1,1,0,1,0,0,0,0,0,0,1,1,0,1,0,0,0,1,0,0,1,1,0,0,1,1,0,1,0,0,0,0,0,1,1,1,1,1,1,1,0,1,1,1,1,0,1,0,1,0,1,0,0,0,0,1,1,0,0,0,0,0,1,1,1,0,0,1,1,1,0,0,0,1,1,1,0,0,1,0,1,1,1,1,0,1,1,0,1,0,0,0,1,0,0,1,0,0,1,0,0,0,1,0,1,0,1,1,1,0,0,0,0,1,0,1,0,0,0,1,0,1,0,0,0,0,0,1,1,0,1,1,0,0,0,1,0,0,0,0,1,1,0.0,-4579.009999999998,1
0,0,1,0,1,1,1,0,1,0,1,1,0,0,0,1,1,1,1,0,1,0,0,0,1,0,1,1,1,1,1,1,0,0,1,0,1,0,1,1,1,1,1,0,0,0,0,0,1,0,1,1,0,1,0,0,0,1,1,1,1,0,1,0,0,1,0,0,0,1,0,0,1,1,1,0,1,1,1,1,1,1,0,1,1,0,0,1,1,0,1,0,0,1,1,1,0,1,0,1,1,1,0,0,0,1,1,1,1,1,0,0,1,1,1,1,1,0,1,1,1,1,1,0,1,0,0,0,0,0,1,0,0,1,1,0,1,0,0,0,1,0,1,1,0,1,1,1,1,0,1,1,0,0,0,0,0,0,0,1,1,0,0,1,0,1,1,1,0,1,0,0,0,1,1,1,1,0,0,0,0.0,-4578.839999999999,1
1,1,0,1,1,1,0,0,1,0,0,0,0,0,1,1,0,0,1,0,1,0,0,0,1,0,0,1,1,1,0,1,0,1,1,0,1,1,1,0,1,1,1,1,0,1,0,1,0,0,0,0,0,0,0,1,1,0,0,0,0,1,1,0,0,1,1,1,0,0,1,0,0,0,0,0,1,1,1,1,1,0,0,1,1,1,0,1,1,0,0,0,0,0,0,1,0,1,0,1,1,0,0,1,1,1,0,1,1,1,1,0,1,1,1,0,1,1,0,1,0,1,1,0,0,0,0,0,1,1,0,1,0,0,1,0,1,1,1,0,1,1,1,1,1,1,1,1,1,0,0,1,0,0,1,1,1,0,0,0,1,0,0,1,0,0,0,1,0,0,0,0,0,0,1,1,1,0,1,0,0.0,-4578.740000000001,1
1,0,0,1,0,0,1,1,0,1,1,1,1,0,1,0,0,1,0,1,0,1,1,1,0,1,1,1,0,0,0,0,0,0,0,1,1,0,0,1,0,0,0,0,1,0,1,0,1,0,1,0,1,0,1,0,1,1,0,0,1,0,0,1,1,0,0,1,1,1,1,1,1,0,0,1,0,0,0,0,1,0,1,0,1,1,0,1,0,0,1,1,1,1,0,0,1,0,1,0,0,1,1,0,1,1,0,0,0,1,1,1,0,0,0,1,0,1,1,0,0,0,0,0,1,1,1,1,0,1,0,0,0,0,0,1,0,1,1,1,0,1,0,1,1,0,1,0,0,0,0,1,1,1,1,1,0,1,1,0,0,1,1,1,1,1,0,0,0,0,1,1,1,0,0,0,0,1,1,1,0.0,-4578.699999999999,1
1,0,0,1,1,0,0,0,1,0,0,1,0,0,1,1,0,0,1,0,1,0,0,1,1,0,1,1,1,1,1,1,0,0,1,0,1,0,1,1,1,1,1,0,0,1,0,0,0,0,0,0,0,0,0,1,1,0,0,0,1,1,1,0,0,0,0,1,1,0,1,0,1,0,0,0,1,1,1,1,1,0,0,1,1,1,0,0,1,0,0,1,0,1,0,1,1,1,0,1,1,1,0,0,1,1,0,1,1,1,1,0,1,1,0,1,1,1,1,1,0,1,1,0,1,0,0,0,0,1,0,0,0,0,1,0,1,1,1,1,1,1,1,0,0,1,0,1,1,0,0,1,0,0,1,0,0,0,0,0,1,0,0,1,0,1,0,1,1,0,1,0,0,0,0,1,1,0,1,0,0.0,-4578.5,1
0,1,1,0,1,1,0,1,0,1,1,1,1,0,1,1,1,0,1,0,1,0,0,0,1,0,1,1,1,0,0,1,1,0,1,0,1,0,0,1,0,1,1,0,0,1,1,1,0,1,0,1,1,1,0,1,0,0,0,1,0,1,1,0,0,1,0,1,0,0,0,0,1,0,1,0,0,0,1,0,1,0,0,1,0,0,1,1,1,0,1,0,0,1,1,1,0,1,1,1,0,0,0,0,0,1,1,1,1,0,0,0,0,1,1,0,1,0,0,1,1,0,1,0,1,0,0,1,1,0,1,0,0,1,1,0,1,0,0,0,0,0,0,1,1,1,0,0,0,0,0,1,0,1,0,1,1,0,0,0,1,0,1,0,0,0,1,1,0,0,0,0,1,0,1,0,1,0,1,1,0.0,-4578.379999999999,1
1,0,1,1,0,0,0,0,1,0,1,1,0,1,0,1,0,0,1,1,1,0,0,1,1,0,1,0,0,1,0,0,1,0,1,0,0,0,1,1,0,1,1,0,0,1,0,0,0,1,0,1,0,0,0,1,1,0,0,0,1,1,1,0,1,0,1,0,1,0,1,0,1,0,0,0,1,1,1,1,0,0,0,1,0,1,1,0,1,1,1,1,0,1,1,0,0,0,0,1,1,1,1,0,0,1,1,1,1,1,1,0,1,1,0,0,1,0,1,1,0,1,1,1,0,0,0,0,0,1,0,0,0,1,1,0,1,0,0,0,1,1,1,0,0,1,0,1,0,0,0,1,0,1,1,0,0,1,0,1,1,1,0,1,0,1,0,0,1,0,0,0,0,0,0,0,1,0,0,1,0.0,-4578.329999999999,1
0,1,1,1,0,0,0,0,1,0,1,1,0,0,1,0,1,0,0,1,1,1,0,0,0,0,1,0,0,1,0,0,1,0,0,1,0,0,1,1,0,0,1,0,1,1,0,0,0,0,0,1,0,1,1,1,1,0,0,0,0,1,0,0,1,0,0,1,1,0,0,0,1,1,0,0,1,1,1,0,0,1,0,1,0,1,0,1,0,0,0,1,1,1,1,0,0,1,1,1,1,1,1,0,0,1,1,0,1,0,1,0,1,0,1,0,0,0,1,1,0,0,1,0,0,1,0,0,0,1,1,0,1,1,1,1,0,0,0,1,1,1,1,1,0,0,1,1,0,0,0,1,1,1,1,0,0,1,1,0,1,1,0,1,1,1,0,1,0,1,1,1,0,0,1,0,1,1,0,1,0.0,-4578.100000000001,1
0,0,0,1,1,1,1,0,1,0,0,0,0,1,1,1,0,1,1,0,0,0,1,0,1,1,1,1,1,1,0,1,1,0,1,0,1,0,1,0,1,1,0,1,0,0,0,0,1,0,1,0,0,1,0,0,1,1,0,0,1,0,1,1,0,1,1,1,0,1,1,1,0,0,0,1,1,1,0,0,1,0,1,1,0,0,0,1,1,1,0,0,0,0,0,1,1,1,1,0,1,1,0,1,1,0,0,1,0,1,1,1,1,1,1,1,1,1,1,0,1,0,0,1,1,0,1,0,0,1,0,0,0,0,0,0,1,1,1,0,1,0,1,1,1,1,1,0,1,1,1,1,0,0,1,0,0,0,0,0,0,0,0,1,0,1,0,1,0,0,0,0,0,0,1,1,0,0,1,0,0.0,-4578.019999999999,1
1,1,1,1,1,0,1,0,1,0,0,0,0,0,1,1,0,1,1,0,0,0,1,0,1,0,1,1,1,1,1,1,0,0,1,0,1,1,1,0,0,1,0,1,0,0,1,0,1,0,1,1,0,1,0,0,1,1,0,0,0,0,1,1,0,0,1,1,1,1,1,1,0,0,0,0,1,1,0,1,1,0,0,1,1,0,0,1,1,0,1,0,0,0,1,0,0,1,0,0,1,1,1,1,0,1,1,1,0,0,1,1,1,1,1,1,1,0,1,0,1,1,0,0,1,0,1,0,0,1,0,1,0,1,0,0,1,1,0,0,1,1,1,1,1,1,0,0,0,0,0,1,0,1,1,0,0,1,0,0,0,0,0,0,0,0,0,1,0,0,0,0,0,0,1,0,0,0,1,1,0.0,-4577.749999999998,1
1,1,1,1,0,1,0,0,1,0,1,1,0,1,1,1,1,0,1,1,1,0,0,1,1,0,1,0,0,1,0,0,1,0,1,0,0,0,1,1,0,1,1,0,0,1,1,1,0,1,0,1,0,1,0,1,1,0,1,0,0,1,1,0,1,1,1,1,0,0,0,0,1,0,1,0,1,1,1,0,0,0,0,1,0,0,1,1,0,1,0,0,0,1,1,0,0,1,1,1,1,0,1,0,0,1,1,1,1,0,1,0,1,1,0,0,1,0,0,1,1,0,1,1,0,0,0,0,1,1,1,0,0,1,1,0,1,0,0,0,1,0,1,1,0,1,1,1,0,0,1,1,0,1,1,1,1,1,0,0,1,1,0,1,0,0,0,1,0,0,0,0,0,1,0,0,1,0,1,1,0.0,-4577.56,1
0,0,0,0,0,1,0,0,1,1,1,0,0,0,0,0,0,0,0,1,1,1,0,0,0,0,1,1,0,0,1,0,0,0,0,1,1,0,0,1,1,0,1,0,1,1,0,0,0,1,0,0,1,0,1,1,0,0,0,1,1,1,0,0,1,1,0,0,0,0,1,0,1,1,1,0,1,1,1,1,1,1,0,1,1,0,1,0,0,0,1,0,1,1,0,1,1,1,0,1,0,1,0,0,1,1,0,0,1,1,0,0,0,0,1,0,0,1,1,1,1,1,1,0,0,1,0,1,0,0,0,0,1,0,1,1,0,1,1,1,1,0,0,0,0,0,1,1,1,0,0,0,1,0,0,0,0,0,1,1,1,1,0,1,1,1,1,1,1,1,1,1,1,0,1,1,1,1,0,0,0.0,-4577.280000000001,1
0,0,1,0,0,1,0,0,1,0,1,1,0,0,0,0,0,0,0,1,1,1,0,1,0,0,1,1,0,1,0,0,1,0,0,1,1,0,1,1,1,0,1,0,1,1,1,0,0,0,0,1,0,1,1,1,0,0,0,1,1,1,0,0,1,1,1,0,0,0,1,0,1,0,1,0,1,1,1,1,1,0,0,1,0,0,0,0,0,1,0,0,1,1,1,1,0,1,0,1,1,1,0,0,0,1,0,0,1,0,0,0,1,0,0,0,0,0,1,1,1,1,1,0,0,1,0,0,0,0,0,0,0,1,1,1,0,0,0,1,1,1,1,0,0,0,0,1,0,0,1,1,1,1,0,0,0,0,1,1,1,1,0,0,1,1,1,1,1,0,1,1,0,0,0,0,1,1,0,0,0.0,-4577.100000000001,1
0,0,1,1,1,0,0,0,1,0,1,1,0,0,1,1,1,0,1,0,1,0,0,1,1,1,1,1,1,1,1,1,1,0,1,0,1,0,1,1,1,1,1,0,0,1,0,0,0,0,0,1,0,0,0,1,1,0,1,0,1,1,1,0,0,0,1,1,1,0,0,0,1,0,0,1,1,1,1,0,1,0,1,0,0,1,0,0,1,0,0,1,0,1,1,0,0,1,1,1,1,1,1,0,0,1,1,1,0,0,1,0,1,1,0,0,1,0,1,1,0,0,1,0,0,0,0,0,0,1,1,0,0,1,1,0,1,0,0,0,1,0,1,0,0,1,0,1,0,0,0,1,0,1,1,0,0,1,0,0,1,0,0,1,0,1,0,1,1,0,0,0,0,1,0,0,1,0,0,0,0.0,-4577.049999999999,1
0,1,1,1,0,0,1,1,0,1,1,0,1,1,1,0,1,1,0,1,0,1,1,0,0,0,1,1,0,0,1,0,0,0,0,1,1,0,0,1,0,0,0,0,1,0,1,1,1,1,1,1,1,1,1,0,1,1,1,0,0,0,0,1,1,0,0,1,1,1,0,1,1,0,0,0,0,0,0,0,0,0,0,1,1,1,1,1,0,1,0,1,1,1,1,0,0,0,1,0,0,0,1,0,0,0,1,0,0,0,1,0,0,0,1,1,0,0,0,0,0,0,0,1,0,1,1,1,1,1,1,0,1,1,0,1,0,0,0,1,0,0,0,1,1,0,1,0,0,1,1,0,1,1,1,1,1,0,1,0,1,1,1,0,1,1,0,0,0,0,1,1,1,1,1,0,0,1,1,1,0.0,-4576.9800000000005,1
0,1,1,0,0,1,0,1,0,1,1,1,1,0,0,0,1,0,0,1,1,1,0,0,0,1,0,0,0,0,1,0,1,1,0,0,0,1,0,0,0,0,0,1,1,1,1,1,0,0,0,1,1,1,1,1,0,0,1,1,0,1,0,1,1,1,1,0,0,0,0,1,1,1,1,1,0,0,1,0,0,1,1,0,0,0,0,1,0,0,0,0,1,0,1,1,0,0,1,0,0,0,0,1,0,0,1,0,0,1,0,1,0,0,1,0,0,0,0,1,1,0,0,0,0,1,1,1,1,0,1,1,1,1,0,1,0,0,0,1,0,0,0,1,0,0,1,0,0,1,0,0,1,1,0,1,1,0,1,1,0,1,1,0,1,0,1,0,0,1,1,1,1,1,1,0,0,1,0,1,0.0,-4576.96,1
0,0,0,0,1,1,0,0,1,0,0,0,0,1,0,1,0,0,1,0,1,0,0,0,1,0,1,1,1,1,1,1,1,0,1,0,1,0,1,1,1,1,1,0,0,1,1,0,0,0,0,0,0,1,0,1,0,0,0,1,1,1,1,0,0,1,0,0,0,0,1,0,1,1,1,0,1,1,1,1,1,1,0,1,0,0,0,1,1,1,1,0,0,1,0,1,1,1,0,1,1,1,0,0,1,1,0,1,1,1,0,1,1,1,1,0,1,1,1,1,1,1,1,1,0,0,0,0,0,0,0,0,0,0,1,0,1,1,1,0,1,0,1,1,0,1,1,1,1,0,1,1,0,0,0,0,0,0,0,1,0,0,0,1,0,0,1,1,0,1,0,0,0,0,1,1,1,0,0,0,0.0,-4576.94,1
0,1,0,0,1,0,1,1,0,1,1,0,1,1,0,1,1,1,1,0,0,0,1,1,1,0,1,1,1,0,1,1,0,0,1,0,1,0,0,1,1,1,0,0,0,0,1,0,1,0,1,0,1,0,0,0,0,1,1,1,0,0,1,1,0,0,0,0,1,1,0,1,1,0,1,0,0,0,0,1,1,0,0,1,1,1,0,0,1,0,0,1,0,1,0,1,1,0,0,0,0,1,0,0,1,0,0,1,0,0,0,1,0,1,0,1,1,0,1,0,0,1,0,1,1,0,1,1,0,0,1,0,0,0,0,0,1,1,1,0,0,1,0,0,0,1,0,0,1,1,0,1,0,0,0,1,0,1,0,1,0,0,1,1,0,1,1,0,1,0,0,0,1,1,0,1,0,0,0,0,0.0,-4576.929999999999,1
1,1,1,0,0,0,1,0,1,0,0,0,0,0,0,0,1,1,0,1,0,1,1,0,0,1,0,0,0,1,0,0,0,1,0,1,0,0,1,0,0,0,0,0,1,0,0,1,1,1,1,1,0,1,1,0,0,1,1,1,0,0,0,1,1,0,1,0,1,1,0,1,0,1,1,1,1,1,0,0,0,1,1,0,1,1,1,1,0,1,0,1,1,0,1,0,1,0,1,0,1,0,1,1,0,0,1,0,0,0,0,1,1,0,1,1,0,0,0,0,0,0,0,0,0,1,1,0,1,0,1,0,0,1,0,1,0,0,0,1,1,0,1,1,1,0,1,0,0,1,1,1,1,1,0,0,1,1,1,1,0,0,0,0,1,0,1,0,0,1,1,1,0,1,1,0,0,1,0,1,0.0,-4576.92,1
1,0,0,0,0,0,0,1,0,1,1,0,1,1,1,1,0,0,1,1,1,1,0,1,1,1,0,0,0,0,0,0,1,1,1,0,0,0,0,1,1,0,1,0,0,1,1,1,0,1,0,0,1,0,0,1,0,0,0,1,1,1,1,0,1,0,0,1,1,0,1,0,1,1,1,1,0,0,1,0,0,1,1,0,0,1,1,0,1,1,0,1,0,1,0,0,1,1,1,1,0,0,1,0,1,0,0,0,1,1,0,0,0,1,0,0,1,1,0,1,0,0,1,1,0,0,0,1,1,0,0,0,0,0,1,0,1,1,1,0,0,0,0,0,0,1,0,1,1,1,0,1,0,0,0,0,1,1,1,0,1,1,1,0,0,0,1,1,1,1,0,0,1,0,0,1,1,0,1,0,0.0,-4576.860000000001,1
1,0,1,1,0,0,0,0,1,0,1,0,0,1,1,0,1,0,0,1,1,1,0,0,0,0,1,0,0,1,0,0,0,0,0,1,0,1,1,0,1,0,1,1,1,1,1,1,0,1,0,1,0,0,1,1,1,0,1,0,1,1,0,0,1,0,1,1,1,0,0,0,0,1,0,0,1,1,0,1,0,1,0,1,1,1,1,0,1,1,1,1,1,0,1,0,0,0,0,1,1,0,1,1,0,1,1,0,1,0,1,0,1,0,1,0,0,0,0,1,0,1,1,1,0,1,0,0,1,1,1,1,1,1,1,1,0,0,0,1,1,1,1,0,0,0,1,1,1,0,1,1,1,0,1,0,1,1,1,0,1,1,0,0,1,0,0,0,1,1,1,1,0,1,1,1,1,1,1,0,0.0,-4576.820000000001,1
0,1,1,1,1,1,0,0,1,0,1,0,0,0,1,1,1,0,1,0,1,0,0,1,1,1,1,1,1,1,0,1,1,0,1,0,1,0,1,1,0,1,1,0,0,1,1,0,0,0,0,1,0,1,0,1,1,0,1,0,0,1,1,0,0,1,1,1,0,0,0,0,1,0,0,1,1,1,1,0,1,0,1,0,0,1,0,1,1,1,1,1,0,1,1,1,0,1,1,1,1,1,0,0,0,1,1,1,1,0,1,1,1,1,0,0,1,0,1,1,0,0,1,0,1,0,0,0,0,1,1,0,0,1,1,0,1,0,0,1,1,1,1,1,0,1,1,1,0,0,1,1,0,1,1,1,0,0,0,0,0,0,0,0,0,1,0,1,0,0,1,0,0,1,0,0,1,0,1,1,0.0,-4576.569999999998,1
0,1,1,1,0,0,1,1,0,1,1,1,1,0,1,0,1,0,0,1,0,1,1,0,0,1,1,0,0,0,0,0,0,0,0,1,0,0,0,1,0,0,0,0,1,0,1,0,1,0,1,1,1,0,1,0,1,0,1,0,0,0,0,1,1,0,0,1,1,1,0,1,1,1,0,1,0,0,1,0,0,1,1,0,1,0,0,0,0,1,1,0,1,1,1,1,0,0,1,0,0,1,0,0,0,0,1,0,0,0,1,1,0,0,1,0,0,0,1,0,1,0,0,0,0,1,1,1,0,1,1,0,1,1,0,1,0,0,0,0,0,0,0,0,1,0,1,0,0,1,1,0,1,1,1,1,0,0,1,0,0,1,1,0,1,1,0,0,1,1,0,1,1,1,1,0,0,1,1,1,0.0,-4576.559999999999,1
1,1,1,1,1,0,0,0,1,0,1,1,0,0,1,1,1,0,1,0,1,0,0,0,1,0,1,1,1,1,0,0,0,0,1,0,1,0,1,1,0,1,0,0,0,0,0,1,1,1,0,1,0,1,0,1,1,0,1,0,0,0,1,1,0,0,0,1,1,0,0,1,1,1,0,0,1,1,1,1,1,1,0,1,1,1,1,1,1,0,0,1,0,1,1,1,0,1,0,0,0,0,0,0,0,0,1,1,0,0,1,1,1,1,1,0,1,0,0,1,0,1,0,0,1,0,1,0,1,1,1,0,0,1,0,0,1,0,0,0,1,0,1,1,1,1,1,0,0,1,0,1,0,1,1,0,1,0,0,0,0,0,0,0,0,0,0,1,0,1,0,0,1,1,1,0,0,0,1,1,0.0,-4576.52,1
0,0,0,1,0,1,0,0,1,0,1,0,0,0,1,0,0,0,0,1,1,1,0,1,0,0,1,0,0,1,1,0,0,0,0,1,0,0,0,1,1,0,1,0,1,1,0,1,0,1,0,0,0,1,1,1,1,0,0,0,1,1,0,0,1,1,0,1,0,0,1,0,1,1,0,0,1,1,0,0,0,1,0,1,1,1,1,0,0,1,0,0,1,1,0,1,1,1,1,1,1,0,0,0,1,0,0,0,1,1,1,0,1,0,0,0,0,1,0,1,0,0,1,0,0,1,0,0,1,1,0,0,1,0,1,1,0,1,1,1,1,0,1,0,0,0,1,1,1,1,1,0,1,0,1,0,1,0,1,0,1,1,0,0,1,0,0,1,0,1,1,1,0,0,0,1,1,1,1,0,0.0,-4576.300000000001,1
0,1,0,1,1,1,1,1,0,1,1,1,1,1,1,1,0,1,1,0,0,0,1,1,1,0,1,1,1,0,0,1,0,0,1,0,1,0,0,1,1,1,1,0,0,0,0,1,1,1,1,0,1,0,0,0,1,1,0,0,0,0,1,1,0,1,0,1,0,1,1,1,1,0,0,0,0,0,0,1,1,0,0,1,1,1,1,0,1,0,0,0,0,1,0,0,1,1,0,0,0,0,1,0,1,1,0,1,0,1,1,1,0,1,0,1,1,1,0,0,0,1,0,1,1,0,1,1,1,1,0,0,0,0,0,0,1,1,1,0,0,1,0,0,1,1,0,0,1,0,0,1,0,0,1,1,1,1,0,0,1,0,1,1,0,0,0,1,1,0,0,0,1,0,0,1,0,0,0,0,0.0,-4576.289999999999,1
1,1,0,1,0,0,0,0,1,0,0,1,0,1,1,0,0,0,0,1,1,1,0,1,0,1,0,1,0,1,1,0,1,1,0,1,1,1,1,0,1,0,1,1,1,1,1,0,0,1,0,0,0,1,1,1,1,0,0,0,0,1,0,0,1,0,1,1,1,0,1,0,0,0,0,1,1,1,1,1,1,0,1,0,0,1,1,0,0,0,1,1,1,0,0,0,1,0,1,1,0,1,1,1,1,1,0,0,1,1,1,0,1,0,0,0,0,1,1,1,0,0,1,1,1,1,0,0,0,1,0,1,1,0,1,1,0,1,1,1,1,1,1,0,0,0,0,1,1,0,0,0,1,0,1,0,0,1,1,0,1,1,0,1,1,1,0,0,1,0,1,1,1,0,0,1,1,1,1,0,0.0,-4576.2199999999975,1
0,0,0,0,0,0,0,1,0,1,0,1,1,1,0,0,1,0,0,1,1,1,0,0,0,1,1,0,0,0,0,0,1,0,0,1,0,0,1,1,1,0,1,0,1,1,1,1,0,1,0,0,1,0,1,1,0,0,1,1,1,1,0,0,1,0,1,0,1,0,0,0,0,1,1,1,0,0,1,0,0,1,1,0,0,1,1,0,0,1,0,1,1,1,0,1,1,1,1,1,0,0,0,0,1,1,1,0,1,1,0,1,0,0,1,0,0,1,0,1,0,0,1,1,1,1,0,1,1,0,1,0,1,0,1,1,0,1,1,1,0,1,0,0,0,0,1,1,1,0,1,0,1,0,0,1,1,0,1,1,0,1,1,0,1,0,1,1,1,1,1,1,1,1,1,1,1,1,0,0,0.0,-4576.160000000001,1
0,0,1,0,1,1,1,0,1,0,0,1,0,0,0,1,1,1,1,0,0,0,1,1,0,1,1,0,1,1,1,1,0,0,1,0,0,1,1,0,0,1,0,1,0,0,1,0,1,0,1,1,0,0,1,0,0,1,1,1,1,0,1,1,0,1,1,0,0,1,0,1,0,0,1,1,1,1,1,0,0,0,1,0,1,0,0,0,0,1,1,0,0,0,1,0,0,0,1,0,1,1,1,1,0,0,0,1,0,1,0,1,1,0,0,1,1,0,1,0,1,0,0,0,1,0,1,0,0,0,1,1,1,1,0,0,1,0,0,0,1,1,1,0,1,1,0,0,0,1,1,0,0,1,0,1,0,1,0,1,0,0,0,0,1,1,1,0,1,0,0,0,0,1,0,0,0,0,0,1,0.0,-4575.949999999998,1
0,0,0,1,0,0,1,1,0,1,0,0,1,0,1,1,0,1,1,1,0,0,1,0,1,1,1,0,1,0,0,0,0,0,1,0,0,1,0,0,1,1,0,1,0,0,0,0,1,1,1,0,1,1,0,0,1,1,0,0,1,0,1,1,0,0,1,1,1,1,1,1,0,1,0,1,0,0,0,0,0,1,1,0,1,1,1,1,1,0,0,1,0,0,0,0,1,1,1,0,1,1,1,1,1,0,0,1,0,1,1,0,0,1,1,1,1,1,1,0,0,0,0,0,1,0,1,1,0,1,0,1,1,0,0,0,1,1,1,0,0,0,0,1,1,1,0,0,1,1,0,0,0,0,1,1,0,1,0,0,1,1,1,1,0,1,0,1,0,1,0,0,0,0,1,1,0,0,1,0,0.0,-4575.909999999998,1
0,1,1,0,0,0,0,0,1,0,1,1,0,1,0,0,1,0,0,1,1,1,0,1,0,0,1,0,0,1,1,0,1,0,0,1,0,0,1,1,1,0,1,0,1,1,1,1,0,0,0,1,0,0,1,1,0,0,1,1,0,1,0,0,1,0,0,0,1,0,0,0,1,1,1,0,1,1,1,1,0,0,0,1,0,0,0,0,0,1,1,0,1,1,1,1,0,0,0,1,1,0,0,0,0,1,0,0,1,0,0,1,1,0,0,0,0,0,0,1,1,1,1,1,1,1,0,0,1,0,1,0,1,1,1,1,0,0,0,1,1,1,1,0,0,0,0,1,1,0,1,0,1,0,0,0,1,0,1,1,0,0,0,0,1,0,1,0,1,0,1,1,0,1,0,1,1,1,0,0,0.0,-4575.85,1
1,0,0,1,1,1,0,0,1,0,0,0,0,0,1,1,0,0,1,0,1,0,0,1,1,1,1,1,1,1,0,1,1,0,1,0,1,1,1,0,1,1,0,1,0,1,0,0,0,0,0,0,0,0,0,1,1,0,0,0,1,1,1,1,0,1,1,1,0,0,1,1,0,0,0,1,1,1,0,0,1,0,1,0,0,0,0,0,1,1,1,0,0,0,0,1,0,0,1,0,1,1,0,1,1,0,0,1,0,0,1,0,1,1,0,0,1,1,1,1,1,0,0,0,0,0,1,0,0,1,0,1,0,0,0,0,1,1,1,0,1,0,1,0,1,1,0,0,1,1,1,0,0,0,1,0,0,0,0,0,0,0,0,1,0,1,0,0,1,0,0,0,0,0,0,1,0,0,1,0,0.0,-4575.78,1
1,0,0,1,1,1,1,0,1,0,0,0,0,0,1,0,0,1,0,0,0,1,1,0,0,0,1,1,1,1,1,1,0,0,0,1,1,1,1,0,1,0,1,1,1,0,0,0,1,0,1,0,0,1,1,0,1,1,0,0,1,0,0,0,0,1,0,1,0,1,1,0,0,1,0,0,1,1,0,0,1,1,0,1,1,0,0,1,1,0,1,0,1,0,0,0,1,1,1,1,0,1,1,1,1,1,0,0,1,1,1,0,1,0,1,1,0,1,1,0,1,0,1,0,1,1,0,0,0,1,0,1,1,0,1,1,0,1,1,1,1,0,1,1,0,0,1,0,1,0,1,0,1,0,1,0,0,1,1,0,1,0,0,1,1,1,0,1,0,1,1,1,1,0,1,1,1,1,1,0,0.0,-4575.78,1
0,1,0,1,0,1,1,1,0,1,0,1,1,0,1,1,0,1,1,1,0,0,1,0,1,0,0,1,1,0,1,0,0,1,1,0,1,1,0,0,1,1,0,1,0,0,0,0,1,0,1,0,1,1,0,0,1,1,0,0,0,0,1,1,0,1,1,1,0,1,1,1,0,1,0,0,0,0,0,0,1,1,0,1,1,0,0,1,1,1,0,0,0,0,0,1,1,1,1,0,1,1,0,1,1,1,0,1,0,1,1,0,0,1,1,1,1,1,1,0,1,0,0,0,1,0,1,1,0,1,0,1,1,0,0,0,1,1,1,0,0,0,0,1,1,1,0,0,1,0,1,0,0,0,1,1,0,0,0,0,1,1,1,1,0,1,0,1,0,1,0,0,0,0,1,1,0,0,1,0,0.0,-4575.739999999999,1
0,0,0,1,0,0,1,1,0,1,1,0,1,1,1,0,0,1,0,1,0,1,1,0,0,0,0,0,0,0,1,0,0,1,0,1,0,0,0,1,1,0,1,0,1,0,0,1,1,0,1,0,1,1,1,0,1,1,0,0,1,0,0,0,1,0,1,1,1,1,1,0,1,1,0,0,0,0,0,1,0,1,0,1,1,1,0,1,0,0,0,1,1,1,0,0,1,1,0,1,0,0,1,0,1,1,0,1,1,1,1,0,0,0,1,1,0,1,0,0,0,1,1,1,0,1,0,1,1,1,0,0,1,0,1,1,0,1,1,1,0,1,0,1,0,0,0,1,0,0,0,0,1,1,1,1,1,1,1,0,1,1,1,0,1,1,0,1,0,1,1,1,1,0,1,0,1,1,1,0,0.0,-4575.639999999999,1
1,0,0,0,1,0,0,1,0,1,1,0,1,0,0,1,0,0,1,0,1,0,0,0,0,0,1,1,1,0,1,1,0,0,1,0,1,0,0,1,1,1,1,0,0,1,0,1,0,0,0,0,1,0,1,1,0,0,0,1,1,1,1,0,0,0,0,0,1,0,1,0,1,0,1,0,0,0,1,1,1,0,0,1,1,0,0,0,1,0,1,0,0,1,0,1,1,1,0,1,0,0,0,0,1,0,0,1,1,1,0,1,0,0,1,0,1,1,0,1,1,1,1,0,1,0,0,1,1,0,0,0,1,0,1,0,1,1,1,0,0,1,0,0,0,1,1,1,1,1,0,0,0,0,0,1,1,0,0,1,0,0,1,0,1,0,1,1,1,0,0,0,1,0,1,1,1,0,0,0,0.0,-4575.590000000001,1
1,1,1,1,1,1,0,1,0,1,0,1,1,0,1,1,1,0,1,0,1,0,0,0,1,0,0,1,1,0,0,1,1,1,1,0,1,1,0,0,0,1,1,1,0,1,1,1,0,0,0,1,1,0,0,1,1,0,1,0,0,1,1,0,0,1,0,1,0,0,0,0,0,0,0,0,0,0,1,1,1,0,0,1,0,0,0,0,1,0,1,0,0,0,1,0,1,0,0,1,0,0,1,1,0,1,1,1,1,1,1,0,0,1,1,0,1,0,0,1,1,1,1,0,0,0,0,1,1,1,1,1,0,1,1,0,1,0,0,1,0,1,0,0,0,1,0,1,0,0,0,1,0,1,1,1,1,1,0,0,1,0,1,0,0,0,0,0,1,0,1,0,1,1,1,0,1,0,1,1,0.0,-4575.560000000001,1
1,1,1,1,0,0,0,1,0,0,1,0,1,0,1,1,1,0,1,1,1,1,0,1,0,0,1,0,0,0,0,0,1,0,1,1,0,0,0,1,0,0,1,0,1,1,1,1,0,0,0,1,1,0,1,1,1,0,1,0,0,1,1,0,1,0,0,1,1,0,0,0,1,1,0,0,0,0,1,1,0,1,0,1,0,1,0,0,0,1,0,1,1,1,1,1,0,1,0,1,1,0,0,0,0,1,1,0,1,1,1,0,0,0,0,0,1,0,0,1,0,1,1,0,1,0,0,0,1,1,1,0,1,1,1,0,1,0,0,0,0,1,1,0,0,0,0,1,0,0,1,0,0,1,1,1,1,0,1,0,1,1,1,1,1,0,0,1,1,1,0,1,0,1,0,0,1,1,1,1,0.0,-4575.530000000001,1
0,1,1,0,0,0,0,0,1,0,1,1,0,1,0,1,0,0,1,1,1,1,0,1,1,1,1,0,0,1,0,0,0,0,1,0,0,0,1,1,0,0,1,0,0,1,1,1,0,0,0,1,0,0,0,1,0,0,0,1,0,1,1,0,1,0,0,0,1,0,1,0,1,0,1,1,1,1,1,1,0,0,1,0,1,1,0,0,1,1,0,1,0,1,1,1,1,1,0,1,1,0,0,0,0,1,1,0,1,0,0,1,1,1,0,0,1,0,0,1,0,1,1,1,0,0,0,0,1,0,0,0,0,0,1,0,1,0,0,0,1,1,1,0,0,1,0,1,0,0,1,1,0,1,0,0,1,0,1,1,0,1,0,0,0,1,1,1,1,0,0,0,0,0,0,0,1,0,0,1,0.0,-4575.509999999999,1
0,1,0,0,1,0,1,0,1,0,1,0,0,1,0,1,0,1,1,0,0,0,1,1,1,0,1,1,1,1,1,1,0,0,1,0,1,0,1,1,1,1,1,0,0,0,1,0,1,0,1,0,0,1,0,0,0,1,0,1,0,0,1,0,0,0,0,0,1,1,1,0,1,1,1,0,1,1,1,0,1,1,0,1,1,1,0,1,1,1,0,1,0,1,0,0,1,1,1,1,1,1,1,0,1,1,0,1,1,0,0,1,1,1,0,1,1,1,1,0,0,0,1,1,1,0,0,0,0,0,0,0,0,0,1,0,1,1,1,0,1,1,1,1,0,1,0,1,1,0,1,1,0,0,0,1,0,1,0,1,0,0,0,1,0,1,1,1,0,1,0,0,0,0,0,1,1,0,0,0,0.0,-4575.479999999999,1
0,1,1,1,1,0,0,0,1,0,0,0,0,0,1,1,1,0,1,0,1,0,0,0,1,1,1,1,1,1,0,1,1,0,1,0,1,1,1,0,0,1,1,1,0,1,0,1,0,1,0,1,0,1,0,1,1,0,1,0,0,1,0,0,0,0,1,1,1,0,0,0,0,1,0,1,1,1,0,0,1,1,1,0,0,0,1,1,1,0,1,0,0,0,1,1,0,1,1,1,1,0,0,1,0,0,1,1,1,0,1,1,1,1,1,0,1,0,0,1,1,0,1,0,0,0,0,0,1,1,1,1,1,1,1,1,1,0,0,1,1,0,1,1,0,1,1,1,0,1,0,0,0,1,1,0,1,0,0,0,0,0,0,0,0,0,0,1,0,1,1,0,0,1,1,0,1,0,1,1,0.0,-4575.39,1
1,0,1,1,0,0,0,0,1,0,1,1,0,1,1,0,1,0,0,1,1,1,0,0,0,0,0,0,0,1,1,0,1,1,0,1,0,0,0,1,0,0,0,0,1,1,1,1,0,0,0,1,1,0,1,1,1,0,1,0,1,1,0,1,1,0,0,1,1,0,0,1,1,0,0,0,1,1,0,1,0,0,0,1,0,1,0,1,0,1,0,1,1,1,1,0,0,1,0,0,1,0,1,0,0,1,1,0,1,0,1,0,1,0,1,0,0,0,0,1,0,1,0,1,1,1,1,0,1,1,1,0,1,1,0,1,0,0,0,1,1,1,1,1,1,0,0,0,0,0,1,0,1,1,1,0,1,1,1,0,1,1,0,0,1,1,0,1,1,0,1,1,0,1,1,0,0,1,1,1,0.0,-4575.22,1
0,1,0,0,0,1,1,1,0,1,0,1,1,1,0,0,0,1,0,1,0,1,1,1,0,0,1,0,0,0,1,0,0,0,0,1,0,1,0,0,1,0,1,1,1,0,1,1,1,1,1,0,1,0,1,0,1,1,0,0,1,0,0,0,1,1,1,0,0,1,1,0,0,1,1,0,0,0,0,1,0,1,0,1,1,0,1,0,0,0,0,0,1,0,0,1,1,1,0,1,0,0,0,1,1,0,0,0,1,1,0,1,0,0,0,1,0,1,0,0,1,1,1,1,1,1,0,1,1,0,0,1,1,0,1,1,0,1,1,1,0,1,0,0,0,0,1,1,1,1,0,0,1,0,0,1,1,0,1,1,0,1,1,0,1,0,1,1,1,1,1,1,1,0,0,1,1,1,0,0,0.0,-4575.170000000001,1
0,1,0,0,0,1,0,0,1,1,0,0,0,1,1,1,1,0,1,1,1,0,0,1,1,0,1,0,0,1,0,0,1,0,1,0,0,1,1,0,1,1,0,1,0,1,0,1,0,0,0,0,0,0,0,1,0,0,0,1,0,1,1,1,1,1,1,1,0,0,1,1,0,0,1,0,1,1,1,1,0,0,0,1,0,0,0,0,1,1,1,0,0,0,0,1,1,1,0,0,0,0,0,1,1,0,0,1,0,1,0,0,1,1,0,0,1,1,0,1,1,1,0,1,0,0,1,1,1,0,0,1,0,0,0,0,1,1,1,0,1,1,0,0,1,1,0,0,1,1,1,1,0,0,0,0,1,0,0,0,1,1,0,1,0,0,1,1,1,0,0,0,1,0,0,1,0,0,1,0,0.0,-4575.13,1
1,0,0,0,0,1,0,0,1,0,1,0,0,0,1,0,0,0,0,1,1,1,0,0,0,0,1,0,0,1,0,0,0,0,0,1,0,0,0,1,1,0,1,0,1,1,1,0,0,1,0,0,0,1,1,1,0,0,0,1,1,1,0,0,1,1,0,1,0,0,1,0,1,0,1,0,1,1,1,1,0,0,0,1,1,0,1,1,0,1,1,0,1,1,0,1,0,0,0,1,1,1,0,0,1,1,0,0,1,1,0,1,1,0,1,0,0,1,1,1,1,1,1,0,0,1,0,0,0,0,0,0,1,0,1,1,0,1,1,1,1,1,1,1,0,0,1,1,1,0,1,0,1,0,0,0,0,0,1,0,0,0,0,1,1,1,1,0,0,0,1,1,0,0,1,1,1,1,1,0,0.0,-4575.089999999999,1
1,1,0,0,0,0,1,0,1,0,0,1,0,1,1,1,0,1,1,1,0,1,1,0,1,0,1,0,0,1,0,0,1,0,1,0,0,1,1,0,1,0,0,1,0,0,0,1,1,0,1,0,0,1,0,0,0,1,0,1,0,0,1,1,1,0,0,1,1,1,1,1,0,0,1,0,1,1,0,1,0,0,0,1,0,1,0,1,1,1,0,1,0,0,0,0,0,1,0,0,1,0,1,1,1,0,0,0,0,1,0,0,1,1,1,1,1,0,0,0,0,1,0,1,1,0,1,0,1,0,0,1,0,0,0,0,1,1,1,0,1,1,1,1,1,1,1,0,1,1,1,1,0,0,0,0,1,1,1,0,1,1,0,1,0,0,1,1,0,0,0,0,0,0,1,1,0,0,1,0,0.0,-4575.05,1
0,1,0,0,1,0,0,1,0,1,1,1,1,1,0,1,0,0,1,0,1,0,0,1,1,0,1,1,1,0,0,1,0,0,1,0,1,0,0,1,0,1,1,0,0,0,0,1,1,0,0,0,1,0,0,1,0,0,0,1,0,0,1,0,0,0,0,0,1,0,1,0,1,1,1,0,0,0,1,0,1,1,0,1,1,1,0,0,1,0,1,1,0,1,0,1,0,1,1,1,0,0,0,0,1,0,0,1,1,1,0,1,0,1,0,0,1,1,0,1,0,0,1,1,1,0,0,1,1,0,0,0,0,0,1,0,1,1,1,0,0,1,0,0,1,1,0,1,0,1,0,1,0,1,0,1,1,0,0,1,0,0,1,1,0,0,1,1,1,1,0,0,1,0,0,0,1,0,0,1,0.0,-4575.040000000003,1
1,1,0,0,0,1,1,0,1,0,1,0,0,0,0,1,0,1,1,1,0,0,1,0,1,1,1,0,0,1,1,0,0,0,1,0,0,0,1,1,1,1,1,0,0,0,0,0,1,0,1,0,0,1,0,0,1,1,0,0,0,0,1,0,1,1,0,0,0,1,1,0,1,0,1,1,1,1,0,0,0,0,1,0,1,0,0,1,1,1,1,0,0,1,0,1,1,0,1,1,1,1,0,0,1,1,0,1,0,1,0,1,1,1,1,1,1,1,1,0,1,0,1,0,1,0,0,0,0,0,0,0,0,0,1,0,1,1,1,0,1,0,1,1,0,1,1,1,1,0,1,1,0,0,0,1,0,0,0,1,0,1,0,0,0,0,1,0,0,0,0,0,0,0,1,1,1,0,0,0,0.0,-4575.009999999998,1
1,0,1,0,0,1,0,0,1,0,1,0,0,0,0,0,1,0,0,1,1,1,0,0,0,1,1,0,0,1,0,0,0,0,0,1,0,0,1,1,0,0,0,0,1,1,1,0,0,1,0,1,0,0,1,1,0,0,1,1,1,1,0,1,1,1,1,0,0,0,0,1,1,0,1,1,1,1,0,0,0,0,1,0,1,0,1,0,0,1,1,0,1,1,1,1,0,0,1,0,1,1,0,0,0,0,1,0,0,0,0,1,1,0,1,0,0,0,1,1,1,0,0,0,0,1,1,0,0,0,1,0,1,1,0,1,0,0,0,1,1,1,1,0,1,0,0,0,1,1,1,0,1,0,0,0,0,0,1,1,0,1,0,0,1,1,1,0,1,0,1,1,0,1,1,1,0,1,0,0,0.0,-4574.979999999999,1
0,0,0,0,0,0,1,1,0,1,0,0,1,1,1,0,1,1,0,1,0,1,1,0,0,1,1,0,0,0,1,1,0,0,0,1,0,1,0,0,1,0,0,1,1,0,0,0,1,0,1,0,1,1,1,0,0,1,0,1,1,0,0,1,1,0,0,1,1,1,1,1,0,1,1,1,0,0,0,0,0,1,1,0,1,1,0,1,0,1,1,1,1,0,0,0,1,1,1,0,0,1,1,1,1,0,0,0,1,1,0,0,0,0,1,1,0,1,1,0,0,0,0,1,1,1,1,1,0,0,0,1,1,0,0,1,0,1,1,1,0,0,0,1,1,0,1,0,1,1,1,0,1,0,0,1,0,1,1,0,1,1,1,1,1,1,1,1,0,1,1,1,1,0,1,1,0,1,1,0,0.0,-4574.959999999999,1
1,1,0,0,0,1,0,0,1,0,1,0,0,0,0,0,0,0,0,1,1,1,0,0,0,1,1,0,0,1,0,0,1,0,0,1,0,0,1,1,1,0,1,0,1,1,0,1,0,0,0,0,0,1,1,1,0,0,0,1,0,1,0,0,1,1,0,0,0,0,1,0,1,1,1,1,1,1,1,0,0,1,1,0,0,1,0,0,0,0,0,1,1,1,0,1,1,1,1,1,1,0,0,0,1,1,0,0,1,1,0,0,1,0,1,0,0,1,0,1,0,0,1,0,0,1,0,0,1,0,0,0,1,0,1,1,0,1,1,1,1,0,1,0,0,0,1,1,1,0,0,0,1,0,0,0,1,0,1,1,1,1,0,0,1,0,1,1,0,1,1,1,0,0,1,1,1,1,1,0,0.0,-4574.929999999999,1
0,1,1,0,1,0,0,0,1,0,1,1,0,0,0,1,0,0,1,0,1,0,0,1,1,0,1,1,1,1,1,1,1,0,1,0,1,0,1,1,0,1,1,0,0,1,0,0,0,1,0,1,0,1,0,1,0,0,0,1,0,1,1,0,0,0,0,0,1,0,1,0,1,1,1,0,1,1,1,0,1,1,0,1,0,1,1,0,1,0,0,1,0,1,1,0,0,1,1,1,0,1,1,0,0,0,1,1,1,0,0,0,1,1,0,0,1,0,1,1,0,0,1,0,1,0,0,0,0,0,0,0,0,1,1,0,1,0,0,0,1,1,1,0,0,1,0,1,0,1,0,0,0,1,0,0,0,1,0,1,1,0,0,0,0,1,1,1,0,1,0,0,1,0,0,0,1,0,0,1,0.0,-4574.919999999997,1
0,1,1,1,0,1,0,0,1,0,1,0,0,1,1,0,0,0,0,1,1,1,0,1,0,1,1,0,0,1,0,0,1,0,0,1,0,0,1,1,1,0,1,0,1,1,0,1,0,0,0,1,0,1,1,1,1,0,0,0,0,1,0,0,1,1,0,1,0,0,1,0,1,1,0,1,1,1,0,0,0,1,1,0,0,1,0,1,0,0,0,1,1,1,1,1,1,1,1,1,1,0,0,0,0,1,1,0,1,0,1,1,1,0,0,0,0,0,0,1,0,0,1,1,0,1,0,0,1,1,0,0,1,1,1,1,0,0,0,1,1,0,1,1,0,0,0,0,1,0,0,0,1,0,1,0,1,0,1,0,0,1,0,0,1,0,0,1,0,1,1,1,0,0,0,1,1,1,1,0,0.0,-4574.91,1
0,0,0,1,1,1,1,0,1,0,0,1,0,0,1,1,0,1,1,0,1,0,0,0,1,1,1,1,1,1,1,1,0,0,1,0,1,1,1,0,1,1,1,1,0,0,0,0,1,1,1,0,0,1,0,0,1,1,0,0,1,0,1,0,0,1,0,1,0,1,1,0,0,0,0,1,1,1,1,1,1,0,1,0,1,0,1,1,1,0,0,0,0,0,0,1,1,0,1,1,1,1,0,1,1,1,0,0,1,1,1,1,1,1,1,1,1,1,1,1,1,0,1,0,0,0,0,0,0,1,0,1,0,0,1,0,1,1,1,0,1,0,1,1,0,1,0,1,1,0,0,1,0,0,1,1,0,0,0,0,0,0,0,1,0,1,0,0,0,0,0,0,0,0,1,1,1,0,1,0,0.0,-4574.859999999998,1
1,1,1,0,0,1,0,1,0,1,1,0,1,0,0,1,1,0,1,1,1,1,0,1,1,0,0,0,0,0,0,0,1,1,1,0,0,0,0,1,0,0,0,0,0,1,1,0,0,1,0,1,1,1,0,1,0,0,1,1,0,1,1,1,1,1,0,0,0,0,0,1,1,1,1,0,0,0,0,1,0,1,0,1,0,0,1,0,1,1,1,0,0,1,1,1,0,0,0,0,0,1,0,0,0,0,1,0,0,0,0,0,0,1,0,0,1,0,1,1,1,1,0,0,1,0,1,1,0,0,1,0,0,1,0,0,1,0,0,0,0,0,0,0,1,1,1,0,0,1,1,1,0,1,0,1,0,0,1,1,0,1,1,1,0,1,1,0,1,1,0,0,1,1,0,0,0,0,0,1,0.0,-4574.749999999999,1
1,1,0,0,1,1,0,0,1,0,0,1,0,1,0,1,0,0,1,0,1,0,0,0,1,0,1,1,1,1,1,1,1,0,0,0,1,1,1,0,0,1,1,1,0,1,0,1,0,0,0,0,0,1,0,1,0,0,0,1,0,1,1,0,0,1,0,0,0,0,1,0,0,0,1,0,1,1,1,0,1,0,0,1,0,0,0,1,1,1,1,0,0,0,0,0,1,1,1,1,1,0,1,1,1,1,0,1,1,0,0,0,1,1,1,0,1,1,0,1,1,0,1,1,0,0,0,0,1,0,0,1,0,0,1,0,1,1,1,0,1,0,1,1,0,1,1,1,0,0,1,1,0,1,0,0,1,1,0,1,1,0,0,0,0,1,1,1,0,0,0,0,0,0,1,0,1,0,0,1,0.0,-4574.51,1
0,1,1,1,0,1,0,0,0,0,1,0,1,1,1,1,1,0,1,1,1,0,0,0,1,1,0,1,1,1,1,0,0,1,1,0,1,0,1,1,0,1,0,0,0,1,1,0,0,0,0,1,0,0,0,1,1,0,1,0,0,1,1,1,0,1,0,1,0,0,0,1,1,0,0,1,1,1,1,0,1,0,1,0,1,0,0,1,1,0,1,0,0,1,1,1,0,0,1,0,1,1,0,0,0,0,1,1,0,0,1,0,1,1,1,0,1,0,1,1,1,0,0,1,1,0,1,0,0,1,1,0,0,1,0,0,1,0,0,0,1,0,1,1,1,1,1,0,0,1,0,1,0,1,1,0,0,0,0,0,1,1,0,0,0,1,0,0,0,0,0,0,0,1,1,0,0,0,1,1,0.0,-4574.329999999998,1
0,0,0,1,0,1,0,1,0,1,1,1,1,0,1,0,0,0,0,1,1,1,0,0,0,1,0,1,0,0,0,0,1,1,0,1,1,0,0,1,1,1,0,0,1,1,0,0,0,1,0,0,1,1,1,1,1,0,0,0,1,1,0,1,1,1,0,1,0,0,1,1,1,1,0,1,0,0,1,0,1,0,1,0,0,0,1,1,0,0,0,0,1,1,0,1,1,0,1,0,1,1,0,0,1,0,0,1,0,1,1,1,0,0,1,0,0,0,1,1,1,0,0,0,1,1,1,1,0,1,0,0,1,0,0,1,0,1,1,1,0,0,0,1,1,0,1,0,1,1,0,0,1,0,1,1,0,0,0,0,0,1,1,0,1,1,0,0,0,0,1,1,0,0,1,1,0,1,1,0,0.0,-4574.24,1
0,1,1,0,0,0,1,1,0,1,1,0,1,0,0,0,0,1,0,1,0,1,1,0,0,0,1,1,0,1,1,0,0,0,0,1,1,0,1,1,0,0,0,0,1,0,0,0,1,1,1,1,0,1,1,0,0,1,0,1,0,0,0,1,1,0,0,0,1,1,1,1,1,1,1,0,0,0,0,0,1,1,0,1,1,1,1,1,0,0,1,1,1,1,1,0,1,0,1,0,0,1,1,0,0,0,1,0,0,0,0,0,1,0,1,1,0,0,1,0,0,0,0,0,0,1,1,1,0,0,0,0,1,1,0,1,0,0,0,1,0,0,0,1,1,0,1,0,0,1,0,1,1,1,0,1,0,1,1,1,1,1,1,0,1,0,1,0,0,1,1,1,1,0,1,0,0,1,0,1,0.0,-4574.149999999998,1
0,1,0,1,1,0,1,0,1,0,1,1,0,0,1,1,0,1,1,0,0,0,1,0,1,1,1,1,1,1,1,1,0,0,1,0,1,0,1,1,1,1,1,0,0,0,0,1,1,0,1,0,0,0,0,0,1,1,0,0,0,0,1,0,0,0,0,1,1,1,1,0,1,0,0,1,1,1,1,0,1,0,1,0,1,1,0,0,1,0,0,1,0,1,0,0,1,0,1,1,1,0,1,0,1,0,0,1,1,1,1,0,1,1,1,1,1,1,0,0,0,0,1,0,0,0,0,0,1,1,0,0,0,0,1,0,1,1,1,1,1,0,1,0,0,1,0,1,1,1,0,1,0,0,1,1,1,1,0,0,1,0,0,1,0,0,0,0,1,0,1,0,0,0,1,1,1,0,1,0,0.0,-4574.010000000001,1
0,0,1,1,1,0,1,0,1,0,1,0,0,1,1,1,0,1,1,0,0,0,1,1,1,0,1,1,1,1,1,1,0,0,1,0,1,0,1,1,0,1,1,0,0,0,0,0,1,1,1,1,0,1,0,0,1,1,0,0,1,0,1,0,0,0,0,1,1,1,1,0,1,0,0,0,1,1,0,0,1,0,0,1,1,1,1,1,1,0,1,1,0,1,1,1,0,1,1,1,1,1,0,0,0,1,1,1,1,0,1,0,1,1,0,1,1,0,1,0,0,0,1,1,0,0,0,0,0,1,0,0,1,1,1,0,1,0,0,1,1,0,1,1,0,1,0,1,0,0,0,0,0,1,1,0,0,0,0,0,1,0,0,1,0,1,0,1,0,0,1,0,0,0,0,0,1,0,1,1,0.0,-4573.9299999999985,1
1,0,0,1,1,0,0,0,1,0,1,0,0,1,0,1,0,0,1,0,1,0,0,0,1,1,0,0,1,1,0,1,1,1,1,0,0,0,1,1,1,1,1,0,0,1,0,0,0,0,0,0,0,0,0,1,1,0,0,0,1,1,1,0,0,0,1,0,1,0,1,0,1,0,0,1,1,1,0,0,0,0,1,0,0,1,0,0,1,0,0,1,0,1,0,1,1,1,1,1,1,1,0,0,1,0,0,1,1,0,1,1,1,1,1,0,1,1,1,1,0,0,1,1,0,0,0,0,0,1,0,0,0,0,1,0,1,1,1,0,1,0,1,0,0,1,1,1,1,1,0,1,0,0,1,0,0,0,0,1,0,0,0,1,0,1,0,1,1,0,0,0,0,0,1,1,1,0,0,0,0.0,-4573.920000000001,1
0,0,1,0,0,1,0,1,0,1,1,0,1,0,0,0,1,0,0,1,1,1,0,1,0,0,0,0,0,0,0,0,1,1,0,1,0,0,0,1,1,0,1,0,1,1,1,1,0,1,0,1,1,1,1,1,0,0,1,1,1,1,0,0,1,0,0,0,0,0,0,0,1,0,1,0,0,0,1,1,0,1,0,1,0,0,1,1,0,1,0,0,1,1,1,1,0,1,0,1,1,0,0,0,0,1,1,0,1,0,0,0,0,0,0,0,0,0,0,1,1,1,1,0,0,1,0,1,1,0,1,0,1,1,1,1,0,0,0,1,0,1,0,1,0,0,0,1,1,0,1,0,1,0,0,1,1,0,1,1,1,1,1,0,1,0,1,1,0,1,1,1,0,1,0,1,1,1,0,0,0.0,-4573.91,1
0,1,0,1,0,0,0,1,0,1,1,0,1,1,1,1,0,0,1,1,1,1,0,0,1,0,1,0,0,0,0,0,1,0,1,0,0,1,0,0,0,0,1,1,0,1,0,1,0,1,0,0,1,0,0,1,1,0,0,0,0,1,1,0,1,0,1,1,1,0,1,0,1,0,0,0,0,0,1,1,0,0,0,1,0,1,1,1,1,0,0,1,0,0,0,1,1,1,0,1,0,0,0,1,1,1,0,0,1,1,1,0,0,1,1,0,1,1,0,1,0,1,1,1,1,0,0,1,1,1,0,1,0,0,1,0,1,1,1,0,0,1,0,1,0,1,1,1,0,0,0,1,0,1,1,1,1,0,1,0,1,1,1,1,0,0,0,1,0,0,0,0,1,0,1,0,1,0,1,1,0.0,-4573.760000000001,1
0,1,1,0,0,1,0,0,1,0,0,0,0,0,0,1,1,0,1,1,1,0,0,0,1,0,1,0,0,1,0,0,1,0,1,0,0,1,1,0,0,1,1,1,0,1,1,0,0,1,0,1,0,0,0,1,0,0,1,1,0,1,1,0,1,1,0,0,0,0,0,0,0,1,1,0,1,1,0,1,0,1,0,1,0,0,1,0,0,0,1,0,0,0,1,1,0,1,0,1,1,1,0,1,0,1,1,1,1,0,0,0,1,1,1,0,1,0,1,1,1,1,1,0,0,0,0,0,0,0,1,1,0,1,1,0,1,0,0,0,1,1,1,0,0,1,1,1,0,0,0,0,0,1,0,1,0,0,0,1,1,1,0,1,0,1,1,1,1,1,0,0,0,1,1,0,1,0,0,1,0.0,-4573.759999999999,1
1,0,0,0,0,1,0,0,1,0,0,1,0,1,0,0,0,0,0,1,1,1,0,1,0,1,0,1,0,1,0,0,1,1,0,1,1,1,1,0,1,0,1,1,1,1,0,1,0,1,0,0,0,0,1,1,0,0,0,1,1,1,0,0,1,1,1,0,0,0,1,1,0,0,1,1,1,1,1,1,1,0,1,0,0,0,1,0,0,0,1,0,1,0,0,0,1,1,1,0,1,0,1,1,1,1,0,0,1,1,0,0,1,0,0,0,0,1,0,1,1,0,0,1,0,1,0,0,1,0,0,1,1,0,1,1,0,1,1,1,1,1,1,0,0,0,0,0,1,0,0,0,1,0,0,0,1,1,1,1,1,1,0,0,1,0,1,1,1,0,1,1,0,0,0,1,1,1,0,0,0.0,-4573.749999999998,1
0,1,0,0,0,1,0,1,0,1,0,1,1,0,0,1,0,0,1,1,1,0,0,0,0,0,1,0,0,0,0,0,1,0,1,0,0,1,0,0,1,1,1,1,0,1,0,0,0,1,0,0,1,1,1,1,0,0,0,1,0,1,1,0,1,1,0,0,0,0,1,0,0,0,1,0,0,0,0,1,0,0,0,1,0,0,1,0,1,1,1,0,0,0,0,1,1,1,0,1,0,1,0,1,1,1,0,1,1,1,0,0,0,0,1,0,1,1,1,1,1,1,1,0,0,0,0,1,0,0,0,1,1,0,1,0,1,1,1,0,0,1,0,0,0,1,0,1,1,0,1,0,0,0,0,1,0,0,0,1,1,1,1,1,1,0,1,1,1,0,0,0,1,0,1,1,1,0,0,0,0.0,-4573.739999999998,1
1,1,1,0,1,0,1,1,0,1,0,1,1,0,0,1,1,1,1,0,1,0,0,0,1,1,1,1,1,0,1,1,0,0,1,0,1,0,0,1,1,1,0,0,0,0,1,0,1,1,1,1,1,1,0,0,0,1,1,1,0,0,1,1,0,0,0,0,1,1,0,1,0,1,1,1,0,0,1,0,1,1,1,0,1,1,1,1,1,0,1,1,0,1,1,1,0,0,1,0,0,1,0,0,0,0,0,1,0,0,0,0,0,1,1,1,1,0,1,1,0,0,0,0,0,0,1,1,0,0,1,0,0,1,0,0,1,0,0,0,0,0,0,1,1,1,1,0,1,1,0,0,0,0,0,1,0,0,0,1,1,0,1,0,0,1,1,0,0,1,0,0,1,1,1,1,0,0,0,0,0.0,-4573.689999999997,1
1,0,0,1,0,1,0,0,1,0,1,1,0,0,1,1,0,0,1,1,1,1,0,1,1,0,1,1,0,1,0,0,1,0,1,0,1,0,1,1,1,0,1,0,0,1,0,0,0,0,0,0,0,1,0,1,1,0,0,0,1,1,1,0,1,1,0,1,0,0,1,0,1,0,0,0,1,1,0,1,1,0,0,1,0,0,0,1,1,1,0,0,0,1,0,1,0,0,0,1,1,1,0,0,1,1,0,0,1,1,1,0,1,1,0,0,1,1,1,1,1,1,1,0,0,0,0,0,0,1,0,0,0,0,1,0,1,1,1,0,1,1,1,1,0,1,0,1,1,0,1,0,0,0,1,0,0,0,1,0,1,1,0,1,0,1,0,0,0,0,0,0,0,0,0,1,1,0,1,0,0.0,-4573.619999999998,1
1,1,0,0,0,1,0,1,0,1,1,1,1,0,0,1,0,0,1,1,1,0,0,1,1,1,1,0,0,0,0,0,1,0,0,0,0,0,0,1,0,1,1,0,0,1,0,0,0,0,0,0,1,1,0,1,0,0,0,1,0,1,1,0,1,1,1,0,0,0,1,0,1,0,1,1,0,0,1,0,0,1,1,0,0,0,0,0,1,1,0,0,0,1,0,1,0,0,1,1,0,1,0,0,1,1,0,1,1,1,0,1,0,1,0,0,1,1,1,1,1,0,1,0,0,0,0,1,0,0,0,0,0,0,1,0,1,1,1,0,0,1,0,0,0,1,0,1,1,0,1,1,0,0,0,1,0,0,0,1,0,1,1,1,0,1,1,0,0,1,0,0,1,0,0,1,1,0,0,0,0.0,-4573.589999999999,1
1,1,1,1,0,1,0,0,1,0,0,1,0,1,0,0,1,0,0,1,1,1,0,0,0,0,0,1,0,1,0,0,1,1,0,1,1,1,1,0,1,0,0,1,1,1,1,1,0,1,0,1,0,0,1,1,1,0,1,0,0,1,0,0,1,1,1,0,0,0,0,0,0,0,0,0,1,1,1,0,1,0,0,1,0,0,1,0,0,0,0,0,1,0,1,1,0,1,0,1,1,0,0,1,0,1,1,0,1,0,1,0,1,0,1,0,0,0,0,1,1,1,1,1,0,1,0,0,1,1,1,1,1,1,1,1,0,0,0,1,1,0,1,0,0,0,1,1,1,0,0,1,1,0,1,0,1,0,1,1,1,1,0,1,1,1,0,1,1,0,1,1,0,1,1,1,1,1,0,0,0.0,-4573.280000000002,1
1,1,0,1,1,0,1,0,1,0,1,1,0,0,1,1,1,1,1,0,0,0,1,0,1,1,1,1,1,1,1,0,0,0,1,0,1,0,0,1,1,1,0,0,0,0,1,1,1,0,1,0,0,1,0,0,1,1,1,0,0,0,1,1,0,0,0,1,1,1,0,1,1,0,0,1,1,1,1,0,1,0,1,0,1,1,0,1,1,0,0,1,0,1,0,0,0,0,1,0,1,0,1,0,1,0,0,1,0,1,1,1,1,1,1,1,1,1,0,0,0,0,0,0,1,0,1,0,1,1,1,0,0,0,0,0,1,1,1,0,1,0,1,1,1,1,1,0,1,1,0,0,0,0,1,0,1,1,0,0,0,0,0,1,0,0,0,0,0,0,0,0,0,1,1,1,0,0,1,0,0.0,-4573.28,1
0,1,1,0,1,1,1,0,1,0,0,0,0,0,0,1,1,1,1,0,0,0,1,0,1,0,0,1,1,1,0,1,0,1,1,0,1,1,0,0,0,1,0,1,0,0,0,1,1,0,1,1,1,0,0,0,0,1,1,1,0,0,1,1,0,1,1,0,0,1,0,1,0,0,1,0,1,1,0,1,1,1,0,1,1,0,0,1,0,0,0,0,0,0,1,0,1,1,0,0,1,0,1,1,0,0,1,1,0,1,0,0,1,1,1,1,1,0,0,0,1,1,0,0,1,0,1,0,1,0,1,1,0,1,0,0,1,0,0,0,1,1,1,1,1,1,0,0,0,1,0,1,0,1,0,1,1,1,0,1,1,0,0,0,0,0,1,1,1,1,0,0,0,1,1,0,0,0,0,1,0.0,-4573.119999999999,1
1,1,0,1,0,1,0,1,0,1,0,0,1,1,1,0,0,0,0,1,0,1,1,0,0,0,1,0,0,0,0,0,1,0,0,1,0,0,0,0,1,0,1,1,1,1,0,0,0,0,0,0,1,0,1,1,1,0,0,0,1,1,0,0,1,1,0,1,0,0,1,0,0,0,0,0,0,0,0,0,0,0,0,1,0,0,0,0,0,1,1,0,1,0,0,1,1,1,1,1,0,1,0,1,1,0,0,0,1,1,1,0,0,0,1,0,0,1,1,0,1,0,1,1,0,1,0,1,0,1,0,0,1,0,1,1,0,1,1,1,0,0,0,0,0,0,1,1,1,1,1,0,1,0,1,1,0,0,1,0,1,1,1,1,1,1,0,1,1,0,1,1,1,0,1,1,1,1,1,0,0.0,-4572.930000000001,1
1,0,1,0,0,1,1,0,1,0,1,0,0,0,0,1,1,1,1,1,0,1,1,0,1,1,1,0,0,1,1,0,0,0,1,0,0,0,1,1,0,0,1,0,0,0,1,1,1,1,1,1,0,1,0,0,0,1,1,1,1,0,1,0,1,1,0,0,0,1,0,1,1,0,1,1,1,1,1,0,0,0,1,0,1,0,1,1,1,0,1,0,0,1,1,0,0,0,1,0,1,0,1,0,0,1,1,0,1,0,0,0,1,1,1,1,1,0,0,0,1,0,0,0,0,0,0,0,1,0,1,0,0,1,1,0,1,0,0,0,1,0,1,1,0,1,1,0,0,0,0,0,0,1,0,0,1,1,1,1,1,1,0,0,0,0,1,0,0,0,0,0,0,1,1,0,1,0,0,1,0.0,-4572.879999999999,1
0,1,0,1,1,0,0,1,0,1,1,1,1,0,1,0,0,0,0,0,1,0,0,0,1,0,1,1,1,0,0,1,0,0,0,1,1,1,0,1,1,1,1,0,0,1,1,0,0,0,0,0,1,1,0,1,1,0,0,0,0,1,0,0,0,0,0,1,1,0,1,0,1,0,0,0,0,0,1,0,1,0,0,1,1,1,0,1,1,0,0,1,0,1,0,1,1,0,0,1,0,1,0,0,1,0,0,1,1,1,1,0,0,1,1,0,0,1,1,1,0,1,1,0,0,1,0,1,0,1,0,1,0,0,1,1,0,1,1,1,0,0,0,1,0,1,1,1,1,1,0,1,1,0,1,1,0,0,0,0,1,0,1,1,0,1,0,0,0,0,1,1,1,0,1,1,1,0,1,0,0.0,-4572.829999999999,1
0,1,1,0,1,0,0,0,1,0,1,0,0,0,0,1,1,0,1,0,1,0,0,0,1,0,1,1,1,1,0,1,1,0,1,0,1,0,1,1,0,1,1,0,0,1,1,0,0,0,0,1,0,1,0,1,0,0,0,1,0,1,1,0,0,0,0,0,1,0,0,0,1,1,0,0,1,1,1,1,1,0,0,1,0,1,0,1,1,0,1,1,0,1,1,1,0,0,1,1,1,1,0,0,0,1,1,1,1,0,0,1,1,1,1,0,1,0,1,1,0,0,1,0,1,0,0,0,0,0,1,0,0,1,1,0,1,0,0,0,1,1,1,1,0,1,1,1,0,0,0,1,0,1,0,1,0,0,0,1,0,0,0,1,0,1,1,0,0,0,0,0,0,0,1,0,1,0,0,1,0.0,-4572.749999999997,1
0,1,1,0,0,1,1,0,1,0,0,0,0,1,0,1,1,1,1,1,0,1,1,0,1,0,0,1,0,1,0,0,0,1,1,0,1,1,1,0,0,0,1,1,0,0,1,0,1,0,1,1,0,1,0,0,0,1,1,1,0,0,1,0,1,1,0,0,0,1,0,0,0,0,1,0,1,1,0,1,1,0,0,1,1,0,0,1,1,0,0,0,0,0,1,0,0,0,0,1,1,1,1,1,0,1,1,0,1,0,0,1,1,1,1,1,1,0,1,0,1,1,1,1,0,0,0,0,0,0,1,1,1,1,1,0,1,0,0,0,1,0,1,1,0,1,1,1,0,0,0,0,0,1,0,0,0,1,1,1,0,1,0,0,0,1,1,0,0,0,0,0,0,1,1,0,1,0,0,1,0.0,-4572.699999999998,1
1,0,1,0,0,1,1,0,1,0,0,1,0,1,0,1,1,1,1,1,1,0,0,1,1,1,1,0,0,1,1,0,0,0,1,0,0,1,1,0,0,1,0,1,0,0,0,1,1,0,1,1,0,0,0,0,0,1,1,1,1,0,1,1,1,1,1,0,0,1,0,1,0,0,1,1,1,1,1,0,0,0,1,0,1,0,0,1,1,1,1,0,0,0,1,0,0,1,1,0,1,0,1,1,0,0,1,1,0,0,0,0,1,1,0,1,1,0,0,1,1,0,0,1,1,0,1,0,1,0,1,1,0,1,0,0,1,0,0,0,1,0,1,0,0,1,0,0,0,1,1,1,0,1,0,0,1,1,0,1,1,1,0,1,0,0,1,1,0,0,0,0,0,1,0,0,0,0,0,1,0.0,-4572.65,1
0,1,1,1,1,0,1,1,0,1,0,1,1,0,1,1,1,1,1,0,0,0,1,1,1,1,0,1,1,0,1,1,1,1,1,0,1,1,0,0,1,1,1,1,0,0,1,0,1,0,1,1,1,1,0,0,1,1,1,0,0,0,1,0,0,0,1,1,1,1,0,0,0,1,0,1,0,0,0,1,1,1,1,0,0,0,0,1,1,0,0,0,0,0,1,1,0,0,0,1,0,1,0,1,0,1,1,1,0,0,1,1,0,1,0,1,1,0,1,0,1,1,1,0,0,0,0,1,0,1,1,1,0,1,1,0,1,0,0,0,0,1,0,1,0,1,0,1,0,0,0,1,0,1,1,1,0,0,0,0,0,0,1,0,0,1,0,0,0,1,0,0,1,1,0,0,1,0,1,0,0.0,-4572.549999999998,1
1,0,0,1,1,0,1,1,0,1,1,0,1,0,1,1,0,1,1,0,0,0,1,1,1,1,0,1,1,0,1,1,0,1,1,0,1,0,0,1,1,1,1,0,0,0,0,0,1,0,1,0,1,0,0,0,1,1,0,0,1,0,1,0,0,0,0,1,1,1,1,1,1,0,0,1,0,0,0,0,1,1,1,0,1,1,0,0,1,0,1,1,0,1,0,1,1,1,1,1,0,1,0,0,1,1,0,1,1,1,1,1,0,1,0,1,1,1,1,0,0,0,1,0,1,0,0,1,0,1,0,0,0,0,1,0,1,1,1,0,0,0,0,0,0,1,0,1,1,0,1,0,0,0,1,1,0,0,0,0,0,0,1,1,0,1,0,1,1,1,0,0,1,0,0,1,1,0,1,0,0.0,-4572.379999999998,1
1,1,0,1,0,0,0,1,0,1,1,1,1,1,1,0,0,0,0,1,1,1,0,0,0,1,1,0,0,0,0,0,1,0,0,1,0,0,0,1,1,0,1,0,1,1,0,1,0,0,0,0,1,1,0,1,1,0,0,0,0,1,0,0,1,0,0,1,0,0,1,0,1,1,0,1,0,0,1,0,0,1,1,0,0,1,0,1,0,0,1,1,1,1,0,1,1,0,1,1,0,0,0,0,1,0,1,0,1,1,1,1,0,0,1,0,0,1,0,1,0,0,1,1,0,1,0,1,1,1,0,0,1,0,1,1,0,1,1,1,0,0,0,1,0,0,1,1,1,1,1,0,1,0,1,1,1,0,1,0,0,1,1,1,1,0,0,0,0,1,1,1,1,0,1,1,1,1,1,0,0.0,-4572.2300000000005,1
0,0,1,1,1,1,0,0,1,0,0,1,0,1,1,0,1,0,0,0,1,0,0,0,1,1,1,1,1,1,1,1,1,0,0,1,1,1,1,0,0,1,1,1,0,1,0,0,0,0,0,1,0,1,0,1,1,0,1,0,0,1,0,0,0,1,1,1,0,0,0,0,0,0,0,1,1,1,1,0,1,0,1,0,0,0,0,1,0,0,0,0,0,0,1,0,0,1,1,1,1,1,1,1,0,1,1,1,1,0,1,0,1,1,1,0,0,0,1,1,1,0,1,1,1,1,0,0,0,1,1,1,0,1,1,1,0,0,0,1,1,0,1,1,0,1,1,1,0,0,0,0,1,1,1,0,0,1,0,0,1,0,0,0,0,1,0,1,0,0,1,1,0,1,1,0,1,0,1,1,0.0,-4572.21,1
0,1,1,0,0,0,0,0,1,0,0,0,0,0,0,1,1,0,1,1,1,1,0,1,1,0,1,0,0,1,0,0,1,0,1,1,0,1,1,0,0,0,0,1,0,1,0,0,0,1,0,1,0,1,0,1,0,0,1,1,0,1,1,1,1,0,1,0,1,0,0,1,0,0,1,0,1,1,0,1,0,0,0,1,0,1,1,1,0,1,1,1,0,0,1,1,0,1,0,0,1,1,0,1,0,0,1,0,0,0,0,0,1,1,0,0,1,0,1,1,0,1,0,0,1,0,1,0,0,0,1,1,0,1,0,0,1,0,0,0,1,0,1,0,1,1,0,0,0,1,1,1,0,1,0,0,0,0,1,1,1,1,0,0,0,1,1,1,0,0,0,0,0,1,0,0,0,0,0,1,0.0,-4572.199999999999,1
1,0,1,1,0,0,0,0,1,0,1,0,0,0,1,0,1,0,0,1,1,1,0,0,0,1,1,0,0,1,0,0,1,0,0,1,0,0,1,1,0,0,0,0,1,0,1,0,1,1,0,1,0,1,1,1,1,0,1,0,1,0,0,1,1,0,0,1,1,0,0,1,1,0,0,1,1,1,1,1,0,0,1,0,0,1,1,0,0,1,1,1,0,1,1,1,0,0,0,0,1,1,0,0,0,0,1,0,0,0,1,0,1,0,1,0,0,0,1,1,0,1,0,0,0,1,1,0,0,1,1,0,1,1,0,1,0,0,0,1,1,1,1,0,1,0,0,0,0,1,1,0,1,1,1,0,0,0,1,0,1,1,0,0,1,0,0,0,1,0,1,1,0,1,1,0,0,1,1,1,0.0,-4572.179999999999,1
1,0,0,0,1,0,0,0,1,0,1,1,0,0,1,1,0,0,1,0,1,0,0,1,1,0,0,1,1,1,0,1,0,1,1,0,1,0,1,1,1,1,0,0,0,0,1,0,1,0,0,0,0,0,0,1,0,0,0,1,1,0,1,1,0,0,0,1,1,0,1,1,1,0,1,0,1,1,1,1,1,0,0,1,1,1,0,0,1,0,1,1,0,1,0,1,1,1,0,0,1,1,0,0,1,1,0,1,0,1,0,0,1,1,0,0,1,1,1,1,0,1,0,0,0,0,1,0,0,0,0,0,0,0,0,0,1,1,1,1,1,1,1,0,1,1,1,0,1,0,0,1,0,0,0,1,0,0,0,0,1,0,0,1,0,1,1,1,1,0,1,0,0,0,0,1,0,0,1,0,0.0,-4571.82,1
1,1,0,0,0,1,1,1,0,1,0,0,1,0,0,1,0,1,1,1,0,0,1,1,1,0,0,0,0,0,0,0,0,1,1,0,0,1,1,0,1,1,0,1,0,0,0,0,1,1,1,1,0,0,0,0,0,1,0,1,0,0,1,1,1,1,0,0,0,1,1,1,0,0,1,0,0,0,0,1,0,1,0,1,1,0,1,0,1,1,1,0,0,0,0,0,1,1,0,0,0,1,1,1,1,0,1,1,0,0,0,0,0,1,0,1,1,1,1,0,1,1,0,0,0,0,1,1,0,0,0,1,0,0,0,0,1,1,1,0,0,1,0,0,1,1,0,0,1,1,1,1,0,0,0,1,0,1,0,1,1,1,1,1,0,1,1,1,1,1,0,0,1,0,0,1,0,0,0,0,0.0,-4571.729999999999,1
0,0,0,1,1,1,0,0,1,0,0,1,0,0,1,1,0,0,1,0,1,0,0,0,1,1,1,1,1,1,0,1,0,0,0,0,1,0,1,0,1,1,1,1,0,1,0,0,0,0,0,0,0,1,0,1,1,0,1,0,1,1,1,0,0,1,1,1,0,0,1,0,0,0,0,1,1,1,1,0,1,0,1,0,1,0,0,0,1,0,0,0,0,0,0,0,1,0,1,1,1,1,1,1,1,1,0,1,1,1,1,1,1,1,1,0,1,1,1,1,1,0,1,0,0,0,0,0,0,1,0,0,0,0,1,0,1,1,1,0,1,0,1,0,0,1,1,1,1,0,0,1,0,0,1,0,0,1,0,0,0,0,0,0,0,1,0,0,0,0,0,0,0,1,1,1,1,0,1,0,0.0,-4571.23,1
0,1,1,1,1,1,0,0,1,0,1,1,0,1,1,1,1,0,1,0,1,0,0,0,1,1,0,1,1,1,0,1,1,1,1,0,1,0,1,1,0,1,0,0,0,0,1,0,1,0,0,1,0,0,0,1,1,0,0,0,0,0,1,1,0,1,1,1,0,0,0,1,1,0,0,1,1,1,1,0,1,0,1,0,0,0,0,1,1,1,0,0,0,1,1,0,0,0,1,0,1,1,1,0,0,0,1,1,0,0,1,0,1,1,1,0,1,0,1,1,1,0,0,1,1,0,1,0,0,1,1,0,0,1,0,0,1,0,0,0,1,0,1,1,1,1,1,0,0,1,1,1,0,1,1,1,0,1,0,0,1,0,0,1,0,1,0,0,0,0,0,0,0,0,1,0,0,0,1,1,0.0,-4571.089999999998,1
1,1,1,0,0,0,0,1,0,1,0,1,1,0,1,0,1,0,0,1,1,1,0,0,0,0,1,0,0,0,1,0,1,0,1,1,0,1,0,0,0,0,1,1,1,1,1,0,0,1,0,1,1,0,1,1,0,0,1,1,0,1,0,0,1,0,1,1,1,0,0,0,0,1,1,0,0,0,1,1,0,1,0,1,0,1,1,1,0,1,0,1,1,0,1,1,0,1,0,1,1,1,0,1,0,1,1,0,1,0,0,1,0,0,1,0,0,0,1,1,0,1,1,0,0,1,0,1,0,0,1,1,1,1,1,1,0,0,0,1,0,1,0,1,1,0,1,1,0,0,1,0,1,1,0,1,0,0,1,0,0,1,1,0,1,0,1,1,0,1,1,1,0,1,1,0,1,1,1,1,0.0,-4571.009999999998,1
1,1,1,1,0,0,0,0,1,0,0,1,0,0,0,0,1,0,0,1,1,1,0,0,0,1,1,0,0,1,0,0,0,0,0,1,0,1,1,0,1,0,0,1,1,1,1,0,0,0,0,1,0,1,1,1,1,0,0,0,0,1,0,1,1,0,1,0,1,0,0,1,0,0,0,1,1,1,1,0,1,0,1,0,1,1,0,1,0,1,1,1,1,0,1,1,0,0,1,0,1,1,0,1,0,0,1,0,0,0,1,1,1,0,1,0,0,0,1,1,0,0,0,0,0,1,1,0,0,1,1,1,1,1,0,1,0,0,0,1,1,0,1,1,1,0,1,0,0,1,1,0,1,1,1,0,0,0,1,1,0,1,0,1,1,1,0,0,0,0,1,1,0,0,1,0,0,1,0,1,0.0,-4571.0099999999975,1
0,0,1,1,1,1,1,1,0,1,1,0,1,1,1,1,1,1,1,0,0,0,1,1,1,1,1,1,1,0,0,1,0,0,1,0,1,1,0,0,0,1,0,1,0,0,1,1,1,1,1,1,1,1,0,0,1,1,1,0,1,0,1,1,0,1,0,1,0,1,0,1,1,0,1,1,0,0,0,0,1,0,1,0,1,0,1,1,1,0,1,0,0,0,1,1,1,0,1,0,0,0,0,0,0,1,1,1,0,0,1,0,0,1,0,1,1,0,0,0,1,0,0,1,0,0,1,1,1,1,1,1,0,1,0,0,1,0,0,0,0,0,0,1,1,1,1,0,0,0,0,1,0,1,1,1,1,0,0,0,1,0,1,0,0,0,0,0,0,0,0,0,1,1,0,0,0,0,1,1,0.0,-4570.83,1
1,1,1,0,0,1,0,1,0,1,1,1,1,1,0,1,1,0,1,1,1,0,0,1,1,1,1,0,0,0,0,0,1,0,0,0,0,0,0,1,0,0,0,0,0,1,1,1,0,1,0,1,1,0,0,1,0,0,1,1,0,1,1,1,1,1,0,0,0,0,0,1,1,0,1,1,0,0,1,0,0,0,1,0,0,0,1,0,1,1,1,0,0,1,1,1,0,0,1,0,0,0,0,0,0,0,1,0,0,0,0,0,0,1,0,0,1,0,0,1,1,0,0,1,0,0,1,1,1,0,1,0,0,1,0,0,1,0,0,0,0,1,0,0,1,1,1,0,0,1,1,1,0,1,0,1,1,0,1,1,1,1,1,0,0,0,1,0,1,0,0,0,1,1,0,0,0,0,0,1,0.0,-4570.8,1
0,1,1,1,0,0,1,0,1,0,1,0,0,0,1,0,1,1,0,1,0,1,1,0,0,1,0,1,0,1,0,0,1,1,0,1,1,1,0,1,0,0,1,0,1,1,1,1,0,1,1,1,1,1,1,0,1,1,1,0,0,1,0,0,1,0,0,1,1,1,0,0,1,0,0,1,1,1,0,0,1,0,1,0,0,1,1,1,0,0,0,1,1,1,1,1,0,0,1,1,1,0,0,0,0,1,1,0,1,0,1,1,1,0,1,1,0,1,0,0,0,0,1,0,0,1,0,0,1,1,1,1,1,1,1,1,0,0,0,1,1,0,1,1,0,0,1,1,0,0,0,0,1,1,1,0,1,0,1,0,0,1,0,1,1,0,0,0,0,0,1,1,0,1,1,0,1,1,1,1,0.0,-4570.749999999999,1
1,1,0,1,0,0,1,1,0,1,0,0,1,0,1,0,1,1,0,1,0,1,1,1,0,0,1,0,0,0,1,0,1,0,0,1,0,0,0,1,1,0,0,0,1,0,0,0,1,1,1,0,1,1,1,0,1,1,1,0,0,0,0,1,1,0,0,1,1,1,0,1,0,0,0,0,0,0,0,0,0,0,0,1,0,1,1,1,1,1,0,1,1,1,0,1,1,1,1,0,0,1,0,0,1,0,0,0,0,1,1,0,0,0,0,1,0,1,1,0,0,0,0,0,0,1,1,1,0,1,1,0,1,0,0,1,0,1,1,1,0,1,0,1,1,0,0,0,1,1,1,0,1,0,1,1,0,0,1,0,1,1,1,1,1,0,0,1,0,0,1,1,1,1,0,1,0,1,1,0,0.0,-4570.75,1
1,1,0,0,0,1,1,1,0,1,0,1,1,0,0,0,0,1,0,1,0,1,1,1,0,1,1,1,0,0,0,0,0,0,0,1,1,1,0,0,1,0,0,1,1,0,0,0,1,0,1,0,1,1,1,0,0,1,0,1,0,0,0,1,1,1,0,0,0,1,1,1,0,1,1,1,0,0,0,0,1,1,1,0,1,1,0,1,0,1,0,0,1,0,0,1,1,1,1,0,0,1,0,1,1,1,0,0,0,1,0,1,0,0,0,1,0,1,1,0,0,0,0,0,1,1,1,1,0,0,0,1,0,0,0,1,0,1,1,1,0,0,0,1,1,0,1,0,1,0,1,1,1,0,0,1,0,0,1,1,0,1,1,1,1,1,1,1,0,1,1,1,1,0,0,1,0,1,0,0,0.0,-4570.629999999999,1
0,1,0,1,1,1,0,0,1,0,0,1,0,1,1,1,0,0,1,0,1,0,0,0,1,1,0,0,1,1,0,1,1,1,1,0,0,0,1,1,1,1,1,0,0,1,1,0,0,0,0,0,0,1,0,1,1,0,0,0,0,1,1,0,0,1,1,1,0,0,1,0,0,0,0,1,1,1,1,0,0,0,1,0,0,0,0,1,1,1,1,0,1,1,0,1,1,0,1,1,1,1,0,0,1,1,1,1,1,1,1,0,1,1,1,0,1,1,1,1,1,0,1,1,1,0,0,0,0,1,0,0,0,0,1,0,1,1,1,0,1,0,1,1,0,1,0,1,1,0,1,1,0,0,1,0,0,0,0,0,1,0,0,1,0,1,0,0,0,0,0,0,0,0,1,1,1,0,1,0,0.0,-4570.589999999998,1
0,1,1,1,0,0,0,1,0,1,1,0,1,0,1,1,1,0,1,1,1,0,0,0,1,0,1,0,0,0,0,0,1,0,1,0,0,0,0,1,0,1,1,0,0,1,1,0,0,1,0,1,1,1,0,1,1,0,1,0,0,1,1,0,1,0,0,1,1,0,0,0,1,0,0,0,0,0,1,1,0,1,0,1,0,0,1,1,1,1,1,0,0,1,1,0,0,0,0,1,0,1,1,0,0,1,1,1,1,0,1,0,0,1,1,0,1,0,1,1,1,1,1,0,1,0,0,1,0,1,1,0,0,1,1,0,1,0,0,0,0,1,0,1,0,1,0,1,0,0,1,0,0,1,1,1,0,1,0,0,1,1,1,1,0,1,0,0,0,1,0,0,1,1,1,0,1,0,1,1,0.0,-4570.529999999998,1
0,1,1,0,0,0,1,1,0,1,1,1,1,1,0,0,1,1,0,0,0,1,1,1,0,1,1,0,0,0,1,1,0,0,0,1,0,0,0,1,0,0,0,0,1,0,1,1,1,0,1,1,1,1,1,0,0,1,1,1,0,0,0,1,1,0,0,0,1,1,0,1,1,0,1,1,0,0,0,0,0,0,1,0,1,1,0,1,1,1,0,1,1,1,1,1,0,1,1,0,1,0,0,0,0,0,1,0,0,0,0,0,0,0,0,1,0,0,0,0,0,0,0,1,0,1,1,1,1,0,1,0,1,1,0,1,0,0,0,1,0,0,0,1,1,0,1,0,0,1,1,0,1,1,0,1,1,0,1,1,1,1,1,1,1,0,1,1,0,0,1,1,0,1,0,0,0,1,0,1,0.0,-4570.52,1
0,1,0,1,0,0,1,1,0,1,0,0,1,0,1,0,0,1,0,1,0,1,1,1,0,0,0,0,0,0,1,0,0,1,0,1,0,0,0,1,0,0,0,0,1,0,0,1,1,1,1,0,1,1,1,0,1,1,0,0,0,0,0,1,1,0,1,1,1,1,1,1,0,1,0,0,0,0,0,1,0,1,0,1,1,1,1,1,0,1,0,1,1,1,0,1,1,1,0,0,0,0,0,1,1,0,0,0,0,1,1,0,0,0,0,1,0,1,1,0,0,1,0,0,0,1,1,1,0,1,0,0,1,0,0,1,0,1,1,1,0,1,0,1,1,0,0,0,0,1,0,0,1,1,1,1,0,0,1,0,1,1,1,0,1,1,0,1,0,1,1,1,1,0,0,0,0,1,1,1,0.0,-4570.5199999999995,1
1,1,1,1,0,1,0,1,0,1,0,1,1,1,1,0,1,0,0,1,1,1,0,0,0,1,1,0,0,0,1,0,0,0,0,1,0,0,0,0,1,0,0,1,1,1,1,1,0,0,0,1,1,0,1,1,1,0,1,0,0,1,0,0,1,1,1,1,0,0,0,0,0,1,0,1,0,0,1,0,0,1,1,0,1,0,0,1,0,1,0,0,1,0,1,1,0,0,1,1,0,0,0,1,0,1,1,0,1,0,1,0,0,0,1,0,0,0,0,1,1,0,1,1,0,1,0,1,1,1,1,0,1,1,1,1,0,0,0,1,0,0,0,1,0,0,1,1,1,0,0,0,1,0,1,0,1,0,1,0,1,1,1,0,1,0,0,0,0,1,1,1,1,1,1,1,1,1,1,0,0.0,-4570.4800000000005,1
1,1,1,0,0,1,0,0,1,0,1,1,0,0,0,1,1,0,1,1,1,0,0,0,1,0,1,0,1,1,0,0,0,0,1,0,0,0,1,1,0,1,1,0,0,0,0,0,1,0,0,1,0,0,0,1,0,0,1,1,0,0,1,1,0,1,0,0,0,0,0,1,1,0,1,0,1,1,1,1,0,0,0,1,1,0,0,0,1,1,1,0,0,1,1,1,0,1,0,0,1,1,0,0,0,0,1,1,0,0,0,1,1,1,1,0,1,0,1,1,1,1,0,0,1,0,1,0,0,0,1,0,0,1,0,0,1,0,0,0,1,1,1,0,1,1,1,0,0,1,1,1,0,1,0,1,0,0,0,1,0,1,0,1,0,1,1,1,1,0,0,0,0,1,1,0,0,0,0,1,0.0,-4570.439999999999,1
0,1,0,0,1,0,0,1,0,1,1,0,1,0,0,1,0,0,1,0,0,0,1,0,1,1,1,1,1,0,0,1,1,0,1,0,1,0,0,1,1,1,1,0,0,1,0,0,0,0,0,0,1,0,0,1,0,0,0,1,0,1,1,0,0,0,0,0,1,0,1,0,1,0,1,1,0,0,0,0,1,0,1,0,0,1,0,0,1,1,1,1,0,1,0,0,1,0,1,1,0,1,1,0,1,1,0,0,0,1,0,1,0,1,1,0,1,1,1,0,0,0,1,0,1,0,0,1,0,0,0,0,0,0,1,0,1,1,1,0,0,0,0,0,0,1,1,1,1,0,1,1,0,0,0,1,0,1,0,1,0,0,1,1,0,0,1,0,1,0,0,0,1,0,1,1,1,0,0,0,0.0,-4570.369999999998,1
0,1,1,0,1,0,1,0,1,0,1,1,0,1,0,1,1,1,1,0,0,0,1,0,1,0,1,1,1,1,1,1,0,0,1,0,1,0,1,1,1,1,0,0,0,0,1,1,1,1,1,1,0,0,0,0,0,1,1,1,0,0,1,1,0,0,1,0,1,1,0,1,1,1,0,0,1,1,0,1,1,1,0,1,1,1,1,0,0,1,0,1,0,1,1,0,0,1,0,0,1,0,1,0,0,0,1,1,0,0,0,0,1,1,1,1,1,0,0,0,0,1,0,1,1,0,1,0,1,0,1,0,0,1,0,0,1,0,0,0,1,1,1,0,1,1,1,0,1,1,1,1,0,0,0,1,1,1,0,1,1,0,0,0,0,0,1,1,1,1,0,0,0,1,1,1,0,0,1,0,0.0,-4570.229999999999,1
0,1,1,0,0,0,0,0,1,0,1,0,0,0,0,0,1,0,0,1,1,1,0,1,0,1,1,0,0,1,1,0,1,0,0,1,0,0,1,1,0,0,1,0,1,1,0,1,0,0,0,1,0,1,1,1,1,0,1,0,0,1,0,0,1,0,0,0,1,0,0,0,1,1,1,1,1,1,0,1,0,0,1,0,0,1,0,0,0,0,0,1,1,1,1,1,0,0,0,1,1,0,0,0,0,1,1,0,1,0,0,0,1,0,0,0,0,0,0,1,0,1,1,0,0,1,0,0,1,0,1,0,1,1,1,1,0,0,0,1,1,1,1,0,0,0,1,1,0,0,0,0,1,1,0,0,1,0,1,1,1,1,0,0,1,0,1,0,1,0,1,1,0,1,0,0,1,1,0,1,0.0,-4570.150000000001,1
0,1,1,0,1,0,0,0,1,0,1,1,0,1,0,1,1,0,1,0,1,0,0,1,1,1,0,1,1,0,1,1,1,1,1,0,1,0,0,1,1,1,0,0,0,1,1,0,0,0,0,1,1,0,0,1,0,0,1,1,0,1,1,1,0,0,1,0,1,0,0,1,1,0,1,1,1,1,1,1,1,0,1,0,0,1,0,0,1,0,0,1,0,1,1,1,1,1,0,0,1,1,0,0,0,1,1,1,0,0,0,0,0,1,0,0,1,0,1,1,0,1,0,1,0,0,1,0,0,0,1,0,0,1,0,0,1,0,0,0,1,1,1,0,1,1,0,0,0,0,0,1,0,1,0,0,0,0,0,1,1,0,0,0,0,1,1,1,1,0,0,0,0,1,0,0,0,0,0,0,0.0,-4570.0999999999985,1
0,1,1,1,1,1,1,0,1,0,0,1,0,1,1,1,1,1,1,0,1,0,0,0,1,0,1,1,1,1,1,1,0,0,1,0,1,1,1,0,0,1,0,1,0,0,1,0,1,0,1,1,0,0,0,0,1,1,1,0,0,0,1,1,0,1,1,1,0,1,0,1,0,0,0,0,1,1,1,1,1,0,0,1,1,0,0,0,0,1,0,0,0,0,1,0,0,0,0,0,1,1,1,1,0,0,1,1,0,0,1,1,1,1,1,1,1,0,1,1,1,1,0,1,1,0,0,0,0,1,1,1,0,1,0,0,1,0,0,0,1,1,1,1,1,1,0,0,0,1,1,1,0,1,1,0,0,1,0,0,0,0,0,0,0,1,0,0,1,0,0,0,0,1,1,0,0,0,1,1,0.0,-4569.5999999999985,1
1,0,1,1,0,0,1,1,0,0,0,1,1,0,0,0,1,1,0,1,0,1,1,0,0,1,1,0,0,0,1,0,0,0,0,1,0,1,0,0,0,0,0,1,1,0,1,0,1,0,1,1,1,1,1,0,0,1,1,1,1,0,0,1,1,0,1,0,1,1,0,1,0,0,1,1,0,0,1,0,0,0,1,0,1,1,0,1,0,1,0,1,1,0,1,0,0,0,1,0,1,1,1,1,0,0,1,0,0,0,0,0,0,0,1,1,0,0,1,0,0,0,0,0,1,1,1,0,0,0,1,1,1,1,0,1,0,0,0,1,0,1,1,1,1,0,1,1,0,1,1,0,1,1,1,1,0,1,1,1,1,1,1,0,1,1,1,0,0,0,1,1,0,1,1,0,0,1,0,1,0.0,-4569.419999999999,1
1,0,1,1,0,0,1,1,0,1,0,0,1,0,1,0,0,1,0,1,0,1,1,0,0,1,1,1,0,0,0,0,0,0,0,1,1,1,0,0,0,0,1,1,1,0,0,0,1,0,1,1,1,1,1,0,1,1,0,0,1,0,0,0,1,0,1,1,1,1,1,0,0,0,0,1,0,0,0,0,1,0,1,0,1,1,0,1,0,0,0,1,1,0,1,1,0,0,1,1,0,1,0,1,0,1,1,0,1,0,1,0,0,0,1,1,0,0,1,1,0,0,1,0,0,1,0,1,0,1,0,1,1,1,1,1,0,0,0,1,0,1,0,1,0,0,0,1,0,0,0,0,1,1,1,0,0,0,1,0,1,1,1,0,1,1,0,0,0,0,1,1,1,0,1,0,1,1,1,1,0.0,-4569.339999999999,1
0,1,0,0,0,0,0,1,0,1,1,1,1,0,0,0,1,0,0,1,1,1,0,1,0,0,1,0,0,0,0,0,0,0,0,1,0,0,0,1,1,0,1,0,1,1,0,1,0,1,0,0,1,0,1,1,0,0,1,1,0,1,0,0,1,0,0,0,1,0,0,0,1,1,1,0,0,0,1,1,0,1,0,1,1,0,1,0,0,0,0,0,1,1,0,1,1,1,0,1,0,0,0,0,1,0,0,0,1,0,0,0,0,0,0,0,0,1,0,1,1,1,1,0,1,1,0,1,1,0,1,0,1,0,1,1,0,1,1,1,0,0,0,0,0,0,1,1,1,1,0,0,1,0,0,0,1,0,1,1,1,1,1,1,1,0,1,1,1,1,1,1,1,1,0,1,1,1,0,0,0.0,-4569.150000000002,1
1,1,0,1,1,0,1,1,0,1,0,0,1,0,1,1,0,1,1,0,0,0,1,0,1,0,1,0,1,0,1,1,1,0,1,0,0,1,0,0,1,1,0,1,0,0,1,0,1,0,1,0,1,0,0,0,1,1,0,0,0,0,1,1,0,0,1,1,1,1,1,1,0,1,0,1,0,0,0,1,0,1,0,0,0,1,0,0,1,1,1,1,0,0,0,0,1,1,0,0,0,1,1,1,1,1,0,1,0,1,1,0,0,1,1,1,1,1,1,0,0,1,0,0,0,0,1,1,0,1,0,1,0,0,0,0,1,1,1,0,0,1,0,0,1,1,1,0,1,0,1,1,0,0,1,0,0,1,0,0,1,0,1,1,0,1,0,1,1,1,0,0,1,0,1,1,0,0,1,0,0.0,-4569.069999999999,1
0,1,1,1,1,1,0,0,1,0,0,1,0,0,1,1,1,0,1,0,1,0,0,0,1,1,1,1,1,1,1,1,0,0,1,0,1,1,0,0,0,1,1,1,0,1,0,0,0,0,0,1,0,1,0,1,1,0,1,0,0,1,1,0,0,1,0,1,0,0,0,0,0,0,0,1,1,1,1,1,1,0,1,0,1,0,0,0,1,0,1,0,0,0,1,1,0,0,0,1,0,1,0,1,0,1,1,1,1,0,1,0,1,1,1,0,1,0,1,1,1,1,1,0,0,0,0,0,0,1,1,1,0,1,1,0,1,0,0,0,1,1,1,0,0,1,1,1,0,0,0,1,0,1,1,0,0,0,0,0,1,0,0,0,0,0,0,0,1,0,0,0,1,1,1,0,1,0,1,1,0.0,-4568.999999999999,1
1,0,1,1,0,0,1,0,1,0,1,0,0,0,1,0,1,1,0,1,0,1,1,1,0,0,0,0,0,1,1,0,1,1,0,1,0,0,1,1,1,0,1,0,1,0,1,0,1,0,1,1,0,1,1,0,1,1,1,0,1,0,0,0,1,0,0,1,1,1,0,0,1,0,1,0,1,1,0,0,0,0,0,1,0,1,0,0,0,1,0,1,1,1,1,1,0,1,1,1,1,1,0,0,0,0,1,0,0,0,1,0,1,0,0,1,0,0,1,0,0,0,1,0,0,1,0,0,0,1,1,0,1,1,1,1,0,0,0,1,1,1,1,0,0,0,0,1,1,1,1,0,1,0,1,0,0,0,1,0,1,1,0,0,1,1,0,1,0,0,1,1,0,1,0,1,1,1,1,0,0.0,-4568.990000000001,1
0,0,1,1,1,1,0,1,0,1,1,0,1,0,1,1,1,0,1,0,1,0,0,1,1,1,1,1,1,0,0,1,1,0,1,0,1,0,0,1,0,1,0,0,0,1,1,0,0,1,0,1,1,1,0,1,1,0,1,0,1,1,1,1,0,1,1,1,0,0,0,1,1,0,0,1,0,0,1,0,1,0,1,0,0,1,1,1,1,0,1,1,0,1,1,0,1,1,1,0,0,1,1,0,0,0,1,1,0,1,1,1,0,1,0,0,1,0,1,1,0,0,0,0,1,0,1,1,0,1,1,0,0,1,0,0,1,0,0,0,0,0,0,1,0,1,0,0,0,1,0,1,0,1,1,1,0,1,0,0,0,0,1,1,0,1,0,1,0,0,0,0,1,1,0,0,0,0,1,1,0.0,-4568.959999999997,1
0,1,1,1,1,0,1,1,0,1,1,0,1,0,1,1,1,1,1,0,0,0,1,0,1,1,1,1,1,0,1,1,0,0,1,0,1,0,0,1,0,1,1,0,0,0,1,0,1,0,1,1,1,1,0,0,1,1,1,0,0,0,1,0,0,0,1,1,1,1,0,0,1,0,0,1,0,0,0,0,1,0,1,0,1,0,0,1,0,0,0,1,0,1,1,0,0,0,1,1,0,1,1,0,0,0,0,1,1,0,1,0,0,1,1,1,1,0,1,0,1,0,1,0,0,0,0,1,0,1,1,0,0,1,1,0,1,0,0,0,0,0,0,1,0,1,1,1,0,1,0,1,0,1,1,0,0,1,0,0,1,0,1,0,0,0,0,0,0,0,0,0,1,1,1,0,1,0,1,1,0.0,-4568.929999999999,1
1,1,1,0,0,0,0,0,1,0,1,1,0,0,0,0,0,0,0,1,1,1,0,1,0,0,1,0,0,1,1,0,0,0,0,1,0,0,1,1,0,0,1,0,1,1,0,0,0,0,0,1,0,0,1,1,0,0,0,1,0,1,1,0,1,0,0,0,1,0,1,0,1,0,1,0,1,1,1,1,0,0,0,1,1,1,0,0,0,1,1,1,1,1,1,1,0,0,0,1,1,1,0,0,0,1,1,0,1,0,0,1,1,0,0,0,0,0,1,1,0,1,1,0,0,1,0,0,0,0,0,0,1,1,1,0,0,0,0,0,1,1,1,0,1,0,1,1,0,0,1,0,1,1,0,0,0,0,1,1,0,1,0,0,1,0,1,0,1,0,0,1,0,0,0,0,1,1,0,1,0.0,-4568.91,1
1,0,1,1,0,0,0,1,0,1,1,1,1,1,1,0,1,0,0,1,1,1,0,1,0,1,1,0,0,0,1,0,1,0,1,1,0,0,0,1,0,0,0,0,1,1,1,1,0,0,0,1,1,0,1,1,1,0,1,0,1,1,0,0,1,0,0,1,1,0,0,0,1,0,0,1,0,0,0,0,0,1,1,0,0,1,0,0,0,1,0,1,1,1,1,1,0,0,1,1,1,0,0,0,0,1,1,0,1,0,1,1,0,0,0,0,0,1,0,1,0,0,1,1,0,1,0,1,1,1,1,0,1,1,1,1,0,0,0,1,0,0,0,0,0,0,1,1,0,0,1,0,1,1,1,1,1,0,1,0,0,1,1,1,1,0,0,0,1,1,1,1,0,1,0,0,1,1,1,1,0.0,-4568.810000000001,1
0,0,0,1,1,1,1,0,1,0,0,1,0,1,1,1,0,1,1,0,0,0,1,0,1,0,0,1,1,1,1,1,0,1,1,0,1,0,0,1,1,1,0,0,0,0,1,1,1,0,1,0,0,0,0,0,1,1,0,0,0,0,1,1,0,1,1,1,0,1,1,1,0,0,0,0,1,1,0,1,1,0,0,1,1,0,0,0,1,0,1,0,0,1,0,0,1,1,0,0,0,0,1,0,1,0,0,1,0,1,1,0,1,1,1,1,1,1,0,0,1,1,0,1,0,0,1,0,1,1,0,0,0,0,0,0,1,1,1,0,1,1,1,0,1,1,1,0,1,1,0,1,0,0,1,0,1,1,0,0,1,0,0,1,0,0,0,1,1,0,0,0,1,0,1,1,0,0,1,0,0.0,-4568.7300000000005,1
0,1,0,1,1,1,1,1,0,1,1,0,1,0,1,1,0,1,0,0,0,0,1,1,1,1,1,1,1,0,0,1,0,0,0,0,1,0,0,1,1,1,1,0,0,0,1,1,1,0,1,0,1,0,0,0,1,1,0,0,0,0,1,0,0,1,0,1,0,1,1,0,1,1,1,1,0,0,0,0,1,1,1,0,1,0,0,0,1,0,0,0,0,1,0,0,1,1,1,1,0,0,1,0,1,0,0,1,1,1,1,0,0,1,0,1,1,1,0,0,1,0,1,0,1,1,0,1,1,1,0,0,0,0,1,0,0,1,1,0,0,1,0,0,0,1,0,1,1,1,0,1,0,0,1,1,1,1,0,0,1,0,1,1,0,0,0,1,1,1,0,0,1,0,0,1,1,0,1,0,0.0,-4568.499999999999,1
1,1,1,1,1,1,0,0,1,0,1,1,0,0,1,1,1,0,1,0,1,0,0,1,1,0,1,0,1,1,0,1,0,0,1,0,1,0,1,1,0,1,0,0,0,0,1,0,1,1,0,1,0,0,0,1,1,0,1,0,0,0,1,1,0,1,0,1,0,0,0,1,1,0,0,0,1,1,1,1,0,0,0,1,1,1,1,0,1,0,0,1,0,1,1,1,0,1,0,0,1,1,0,0,0,1,1,1,0,0,1,1,1,1,0,0,1,0,1,1,0,1,0,0,0,0,1,0,0,1,1,0,0,1,0,0,1,0,0,0,1,1,1,0,1,1,1,0,0,0,1,1,0,1,1,0,0,0,0,0,0,0,0,0,0,1,0,1,1,0,0,0,0,1,0,0,0,0,1,1,0.0,-4568.459999999999,1
0,1,0,1,0,1,0,1,0,1,0,0,1,1,1,0,0,0,0,1,0,1,1,0,0,0,1,1,0,0,0,0,1,0,0,1,1,1,0,0,1,0,1,1,1,1,1,1,0,0,0,0,1,1,1,1,1,0,0,0,0,1,0,0,1,1,1,1,0,0,1,0,0,1,0,0,0,0,0,0,1,1,0,1,0,0,0,1,0,0,0,0,1,0,0,0,1,1,1,1,0,0,1,1,1,1,0,0,1,0,1,1,0,0,1,0,0,1,0,0,1,0,1,1,0,1,0,1,1,1,0,1,1,0,1,1,0,1,1,1,0,0,0,1,0,0,1,1,1,0,1,0,1,0,1,0,1,0,1,0,0,1,1,1,1,0,0,1,0,1,1,1,1,0,1,1,1,1,1,0,0.0,-4568.420000000001,1
0,1,1,1,0,1,0,1,0,1,1,0,1,0,1,0,1,0,0,1,1,1,0,0,0,1,1,1,0,0,1,0,1,0,0,1,1,0,0,1,1,0,1,0,1,1,1,1,0,0,0,1,1,1,1,1,1,0,1,0,0,1,0,0,1,1,0,1,0,0,0,0,1,0,0,1,0,0,1,0,1,0,1,0,0,1,0,1,0,0,1,0,1,1,1,0,0,1,1,1,0,0,1,0,0,1,1,0,1,0,1,1,0,0,1,1,0,0,0,1,0,0,1,0,0,1,0,1,1,1,1,0,1,1,1,1,0,0,0,1,0,0,0,1,0,0,1,1,1,0,0,0,1,0,1,0,1,1,1,0,0,1,1,0,1,1,0,1,0,0,1,1,1,1,1,1,1,1,1,0,0.0,-4568.389999999999,1
1,1,0,1,1,1,0,0,1,0,1,0,0,0,1,1,0,0,1,0,1,0,0,0,1,0,1,0,1,1,0,1,1,0,1,0,0,0,1,1,0,1,1,0,0,1,0,0,0,1,0,0,0,1,0,1,1,0,0,0,1,1,1,0,0,1,0,1,0,0,1,0,1,0,0,0,1,1,1,0,0,0,0,1,0,0,1,1,1,1,1,0,0,1,0,1,0,1,1,1,0,1,0,0,1,0,0,1,1,1,1,0,1,1,1,0,1,1,1,1,1,0,1,0,1,0,0,0,0,1,0,0,0,0,1,0,1,1,1,0,1,0,1,1,0,1,1,1,0,1,1,1,0,1,1,0,0,0,0,0,1,0,0,1,0,1,0,1,0,0,0,0,1,0,1,0,1,0,1,1,0.0,-4568.379999999999,1
0,1,0,1,0,0,1,0,1,0,1,0,0,0,1,0,1,1,0,1,0,1,1,0,0,1,0,0,0,1,0,0,1,1,0,1,0,0,1,1,0,0,1,0,1,1,0,0,0,0,1,1,0,1,1,0,1,1,1,0,0,1,0,0,1,0,0,1,1,1,0,0,1,0,0,1,1,1,0,0,0,0,1,0,0,1,0,1,0,1,0,1,1,1,1,1,0,0,1,1,1,1,0,0,0,0,1,0,1,0,1,0,1,0,1,1,0,0,1,0,0,0,1,0,0,1,0,0,0,1,1,0,1,1,1,1,0,0,0,1,1,0,1,1,0,0,0,1,0,1,1,0,1,1,1,0,0,0,1,0,1,1,0,0,1,1,0,0,0,0,1,1,0,1,1,0,1,1,1,1,0.0,-4567.929999999999,1
1,0,1,1,1,1,0,1,0,1,1,1,1,0,1,1,1,0,1,0,1,0,0,0,1,1,0,1,1,0,0,1,0,1,1,0,1,0,1,1,1,1,1,0,0,1,1,1,0,1,0,1,1,1,0,1,1,0,1,0,1,1,1,0,0,0,0,1,0,0,0,0,1,0,0,1,0,0,1,0,1,0,1,0,1,0,1,1,1,0,1,0,0,1,1,1,1,1,1,1,0,0,0,0,0,1,1,1,1,0,1,0,0,1,1,0,1,0,0,1,1,0,1,0,1,0,0,1,1,1,1,0,0,1,1,0,1,0,0,0,0,0,0,1,0,1,1,1,1,0,0,1,0,0,1,1,1,0,0,0,1,0,1,0,0,0,0,1,0,0,0,0,1,1,1,1,1,0,1,0,0.0,-4567.8899999999985,1
0,0,0,1,0,1,0,0,1,0,1,1,0,1,1,0,1,0,0,1,1,1,0,0,0,1,1,1,0,1,0,0,0,0,0,1,1,0,1,1,1,0,1,0,1,0,1,0,1,1,0,0,0,0,1,1,1,0,1,0,1,0,0,0,1,1,1,1,0,0,0,0,1,0,0,1,1,1,1,0,1,0,1,0,1,0,1,1,0,0,0,0,1,1,0,1,1,1,1,1,1,1,0,0,1,0,0,0,1,1,1,1,1,0,1,0,0,1,1,1,1,0,1,1,0,1,0,0,0,1,1,0,1,0,1,1,0,1,1,1,1,1,1,1,0,0,1,1,1,1,0,0,1,0,1,0,0,0,1,0,0,1,0,0,1,0,0,1,0,0,1,1,0,1,1,1,1,1,1,0,0.0,-4567.829999999999,1
0,0,1,0,1,0,1,0,0,0,0,0,1,1,0,1,1,1,1,0,0,0,1,0,1,1,1,1,1,1,1,1,0,0,1,0,1,1,1,0,0,1,0,1,0,0,0,0,1,0,1,1,0,1,0,0,0,1,1,1,1,0,1,1,0,0,1,1,1,1,0,1,0,0,1,1,1,1,0,0,1,0,1,0,1,1,0,1,1,0,0,1,0,0,1,0,0,0,1,0,1,1,1,1,0,0,1,1,0,0,0,0,1,1,1,1,1,0,1,0,0,0,0,1,0,0,1,0,0,0,1,1,0,1,0,0,1,0,0,1,1,0,1,1,1,1,0,0,0,1,0,1,0,1,0,0,0,1,0,0,1,0,0,1,0,1,1,0,0,0,1,0,0,1,1,0,0,0,1,1,0.0,-4567.799999999998,1
1,1,0,0,1,0,0,1,0,1,1,1,1,1,0,1,0,0,1,0,1,0,0,1,1,0,1,1,1,0,1,1,1,0,1,0,1,0,0,0,1,1,1,0,0,1,1,0,0,1,0,0,1,1,0,1,0,0,0,1,0,1,1,0,0,0,0,0,1,0,1,0,1,1,1,0,0,0,0,0,1,1,0,1,0,1,1,1,1,0,1,1,0,1,0,1,1,0,1,1,0,1,0,0,1,1,0,1,1,1,0,0,0,1,0,0,1,1,1,1,0,0,1,1,1,0,0,1,0,0,0,0,0,0,1,0,1,1,1,0,0,0,0,1,0,1,0,1,1,0,1,1,0,0,0,1,0,0,0,1,1,0,1,1,0,1,1,0,0,1,0,0,1,0,0,1,1,0,0,0,0.0,-4567.659999999998,1
0,0,1,0,1,1,0,1,0,1,1,1,1,0,0,1,1,0,1,0,1,0,0,1,1,0,1,1,1,0,1,1,0,0,1,0,1,0,1,1,0,1,0,0,0,1,1,0,0,1,0,1,1,1,0,1,0,0,1,1,1,1,1,1,0,1,0,0,0,0,0,1,1,0,1,0,0,0,1,1,1,0,0,1,1,0,1,1,0,0,0,0,0,1,1,1,0,0,1,0,0,1,0,0,0,1,1,1,0,0,0,0,0,1,0,0,1,0,1,1,1,0,0,0,0,0,1,1,0,0,1,0,0,1,0,0,1,0,0,0,0,1,0,1,1,1,0,0,0,0,0,1,0,1,0,1,0,0,0,1,1,0,1,0,0,1,1,0,0,0,0,0,1,1,0,0,0,0,0,1,0.0,-4567.469999999998,1
1,0,0,0,1,1,1,1,0,1,1,1,1,1,0,1,0,1,1,0,0,0,1,0,1,1,1,1,1,0,1,1,0,0,1,0,1,0,0,1,1,1,0,0,0,0,1,0,1,0,1,0,1,1,0,0,0,1,0,1,0,0,1,1,0,1,1,0,0,1,1,1,1,1,1,1,0,0,0,0,1,1,1,0,1,1,0,1,1,0,1,0,0,1,0,1,1,0,1,0,0,1,0,0,1,0,0,1,0,1,0,1,0,1,1,1,1,1,1,0,0,0,0,1,0,0,1,1,0,0,0,0,0,0,0,0,1,1,1,0,0,1,0,1,1,1,1,1,1,1,0,1,0,0,0,0,0,0,0,1,0,0,1,0,0,1,1,0,0,1,0,0,1,0,1,1,0,0,0,0,0.0,-4567.459999999999,1
1,1,0,0,1,0,0,0,1,1,1,1,0,1,1,1,0,0,1,0,1,0,0,0,1,0,1,1,1,1,0,1,1,0,1,0,1,0,1,1,1,1,0,0,0,1,0,1,0,1,0,0,0,1,0,1,0,0,0,1,0,1,1,1,0,0,1,1,1,0,1,1,1,0,1,0,1,1,1,1,1,1,0,1,0,1,1,1,1,0,0,1,0,1,0,1,1,1,0,0,0,0,0,0,1,1,0,1,0,1,0,0,1,1,1,0,1,1,0,1,0,1,0,1,0,0,1,1,1,0,0,0,0,0,0,0,1,1,1,0,1,1,0,1,1,1,0,0,1,0,0,1,0,0,0,1,1,0,0,0,1,0,0,1,0,0,1,1,0,1,0,0,1,0,1,1,0,0,1,0,0.0,-4567.449999999999,1
1,1,1,0,0,1,1,0,1,0,0,0,0,1,0,0,1,1,0,1,0,1,1,0,0,0,1,0,0,1,0,0,0,0,0,1,0,0,1,0,0,0,0,1,1,0,0,0,1,0,1,1,0,1,1,0,0,1,0,1,0,0,0,1,1,1,1,0,0,1,0,1,0,0,1,0,1,1,0,0,0,0,0,1,1,1,0,1,0,1,0,0,1,0,1,0,1,0,1,0,1,1,1,1,0,0,1,0,0,1,0,0,1,0,1,1,0,0,1,0,0,0,0,1,0,1,1,0,0,0,1,0,1,1,0,1,0,0,0,1,1,0,1,1,1,0,1,0,0,1,1,0,1,1,0,0,0,1,1,1,1,1,0,1,1,1,1,0,0,0,1,1,0,0,1,0,0,1,0,1,0.0,-4567.319999999999,1
1,1,0,1,0,0,0,1,0,1,1,0,1,1,1,0,1,0,0,1,1,1,0,0,0,0,1,1,0,0,0,0,0,0,0,1,1,0,0,1,1,0,0,0,1,0,1,0,1,0,0,0,1,0,1,1,1,0,1,0,0,0,0,1,1,0,0,1,0,0,0,1,1,1,0,0,0,0,1,1,1,1,0,1,1,0,0,0,0,0,1,0,1,1,0,1,1,1,0,0,0,1,0,0,1,1,0,0,0,1,1,0,0,0,1,0,0,1,1,1,1,1,0,1,1,1,1,1,0,1,1,0,1,0,0,1,0,1,1,1,0,1,0,0,1,0,1,0,1,0,1,0,1,0,1,1,0,0,1,0,1,1,1,1,1,1,0,1,1,1,1,1,1,1,1,1,0,1,1,0,0.0,-4567.1900000000005,1
0,1,1,0,0,0,1,0,1,0,1,1,0,0,0,1,1,1,1,1,0,0,1,1,1,0,1,0,0,1,1,0,0,0,1,0,0,0,1,1,1,1,1,0,0,0,1,0,1,1,1,1,0,1,0,0,0,1,1,1,0,0,1,0,1,0,0,0,1,1,0,0,1,0,1,0,1,1,0,0,0,0,0,1,1,1,1,1,1,0,0,1,0,1,1,0,1,0,1,1,1,1,1,0,0,1,1,1,1,0,0,0,1,1,0,1,1,0,1,0,0,0,1,0,0,0,0,0,0,0,1,0,0,0,1,0,1,0,0,0,1,0,1,1,0,1,0,1,1,0,0,1,0,0,0,0,0,1,0,1,1,1,0,0,0,0,1,0,0,0,0,0,0,1,0,1,1,0,0,0,0.0,-4567.149999999999,1
0,0,0,1,0,1,0,0,1,0,1,1,0,0,1,0,0,0,0,1,1,1,0,0,0,1,1,1,0,1,0,0,1,0,0,1,0,0,1,1,1,0,0,0,1,1,0,1,0,1,0,0,0,1,1,1,1,0,0,0,1,1,0,1,1,1,0,1,0,0,1,1,1,0,0,1,1,1,1,0,1,0,1,0,0,1,1,1,0,0,0,1,1,1,0,0,1,0,1,0,1,0,1,0,1,0,0,0,0,0,1,1,1,0,1,0,0,1,0,1,0,0,0,0,0,1,1,0,1,1,0,0,1,0,0,1,0,1,1,1,1,0,1,0,1,0,1,0,1,1,0,0,1,0,1,1,1,1,1,0,0,1,0,1,1,0,0,0,0,0,1,1,0,0,1,1,0,1,1,0,0.0,-4566.9800000000005,1
1,0,1,1,0,1,0,0,1,0,1,1,0,0,1,0,1,0,0,1,1,1,0,0,0,0,1,1,0,1,0,0,1,0,0,1,1,0,1,1,0,0,0,0,1,1,0,0,0,0,0,1,0,1,1,1,1,0,0,0,1,1,0,1,1,1,0,1,0,0,0,1,1,0,0,0,1,1,1,0,1,0,0,1,0,0,0,1,0,0,1,0,1,1,1,1,0,1,1,0,1,1,0,0,0,0,1,1,0,0,1,0,1,0,1,0,0,0,1,1,1,0,0,0,1,1,1,0,0,1,1,0,0,1,0,1,0,0,0,1,1,0,1,1,1,0,1,0,0,1,0,1,1,1,1,1,0,0,1,0,1,1,0,1,1,1,0,1,0,0,1,1,0,0,1,0,0,1,1,1,0.0,-4566.910000000001,1
1,0,1,1,0,1,0,0,1,0,1,0,0,0,1,0,1,0,0,1,1,1,0,1,0,1,1,0,0,1,0,0,1,0,0,1,0,0,1,1,0,0,1,0,1,1,1,1,0,1,0,1,0,1,1,1,1,0,0,0,1,1,0,0,1,1,0,1,0,0,0,0,1,1,0,1,1,1,1,1,0,1,1,0,0,0,1,0,0,1,0,0,1,1,1,0,0,0,0,1,1,0,1,0,0,1,1,0,1,0,1,0,1,0,0,0,0,0,0,1,1,1,1,0,1,1,0,0,1,1,1,0,1,0,1,1,0,0,0,1,1,1,1,0,0,0,1,1,0,0,1,0,1,1,1,0,1,1,1,0,1,1,0,0,1,1,0,0,1,1,1,1,0,0,0,0,1,1,1,1,0.0,-4566.8099999999995,1
0,1,1,1,1,0,1,0,1,0,1,1,0,1,1,1,1,1,1,0,0,0,1,1,1,0,1,1,1,1,1,0,0,0,1,0,1,0,1,1,0,1,0,0,0,0,1,0,1,1,1,1,0,0,0,0,1,1,1,0,0,0,1,1,0,0,0,1,1,1,0,1,1,1,0,0,1,1,1,0,1,0,0,1,1,0,1,0,1,0,0,1,0,1,1,0,0,1,1,0,1,1,1,0,0,0,1,1,0,0,1,0,1,1,0,1,1,0,1,0,1,0,0,1,0,0,1,0,0,1,1,0,0,1,0,0,1,0,0,0,1,0,1,0,1,1,0,1,0,1,0,0,0,1,1,0,0,1,0,0,1,0,0,0,0,1,0,1,1,0,0,0,0,1,0,0,0,0,1,1,0.0,-4566.719999999999,1
0,0,1,1,1,0,0,0,1,0,1,1,0,0,1,1,1,0,1,0,1,0,0,0,1,0,1,1,1,1,1,1,1,0,1,0,1,0,1,1,0,1,1,0,0,1,1,0,0,1,0,1,0,1,0,1,1,0,1,0,1,1,1,0,0,0,1,1,1,0,0,0,1,1,0,0,1,1,1,0,1,0,0,1,0,1,1,1,1,1,1,1,0,1,1,0,1,0,1,1,1,1,1,0,0,1,1,1,1,1,1,1,1,1,1,0,1,0,1,1,0,0,1,0,1,0,0,0,0,1,1,0,0,0,1,0,1,0,0,0,1,0,1,1,0,1,1,1,0,0,1,1,0,1,1,0,0,1,0,0,0,0,0,0,0,0,0,0,0,0,0,0,0,1,1,0,1,0,1,1,0.0,-4566.709999999997,1
0,1,0,0,1,1,0,1,0,1,1,1,1,0,0,0,0,0,0,0,1,1,0,0,0,1,1,1,1,0,0,1,1,0,0,1,1,0,0,1,1,0,0,0,1,0,0,1,1,1,0,0,1,1,1,1,0,0,0,1,0,0,0,1,0,1,0,0,0,0,1,1,1,1,1,1,0,0,1,1,1,1,1,0,0,0,1,1,0,0,0,0,1,1,0,1,0,1,0,0,1,0,0,0,1,0,0,0,0,1,0,1,0,0,1,0,0,1,0,1,1,1,0,0,1,1,1,1,1,0,0,0,1,0,0,1,0,1,1,1,0,1,0,1,1,0,1,0,1,1,0,0,1,0,0,1,1,0,1,1,0,0,1,1,1,0,1,1,0,1,1,1,0,0,1,1,0,1,0,0,0.0,-4566.650000000001,1
1,0,0,0,0,0,1,1,0,1,1,0,1,1,0,0,0,1,1,1,0,1,1,1,0,1,0,0,0,0,1,0,0,1,1,1,0,0,0,1,1,0,1,0,1,0,0,0,1,0,1,0,1,0,1,0,0,1,1,1,1,0,0,0,1,0,0,0,1,1,1,0,1,1,1,1,0,0,0,0,0,1,1,0,1,1,0,0,0,1,1,1,1,1,0,0,1,1,1,1,0,1,1,0,1,1,0,0,1,1,0,0,0,0,0,1,0,1,1,0,0,0,1,1,1,0,0,1,0,0,0,0,0,0,1,1,1,1,1,1,0,1,0,0,0,0,0,1,1,0,1,1,1,0,0,1,0,1,1,1,1,1,1,1,1,1,1,1,1,1,1,1,1,1,0,1,1,1,0,0,0.0,-4566.62,1
1,1,1,1,0,1,0,0,1,0,1,0,0,1,1,0,0,0,0,1,1,1,0,1,0,0,0,0,0,1,1,0,1,1,0,1,0,0,1,1,1,1,1,0,1,1,0,1,0,0,0,1,0,0,1,1,1,0,0,0,0,1,0,0,1,1,0,1,0,0,1,0,1,1,0,0,1,1,0,1,0,0,0,1,0,0,0,0,1,1,0,0,1,1,1,1,0,0,0,1,1,0,0,0,0,1,1,1,1,0,1,0,1,0,0,0,0,0,0,1,1,1,1,1,1,1,0,0,1,1,0,0,1,1,1,1,0,0,0,1,1,1,1,0,0,0,0,1,1,0,1,0,1,0,1,0,1,0,0,0,1,1,0,0,1,1,0,0,1,0,1,1,0,0,0,1,1,1,1,0,0.0,-4566.510000000001,1
0,1,1,1,0,1,0,1,0,1,1,1,1,0,1,0,1,0,1,1,1,1,0,1,0,0,0,0,0,0,0,0,0,1,1,1,0,0,0,1,0,0,1,0,1,1,1,1,0,0,0,1,1,0,1,1,1,0,1,0,0,1,0,0,1,1,0,1,0,0,0,0,1,0,0,0,0,0,1,0,0,0,0,1,1,0,0,0,0,1,0,0,1,1,1,0,0,0,0,1,0,0,1,0,0,1,1,0,1,0,1,0,0,0,0,0,0,0,0,1,1,1,1,0,0,0,0,1,1,1,1,0,1,1,1,1,1,0,0,1,0,0,0,0,0,0,1,1,0,0,0,0,1,1,1,1,1,1,1,0,1,1,1,0,1,0,0,0,1,0,1,1,1,1,0,0,1,1,1,1,0.0,-4566.4400000000005,1
1,0,0,0,0,0,0,1,1,1,0,1,0,1,0,1,0,0,1,1,1,1,0,1,0,0,1,0,0,0,0,0,1,0,1,0,0,1,0,0,0,0,1,1,1,1,0,0,0,1,0,0,1,0,1,1,0,0,0,1,1,1,1,0,1,0,1,0,1,0,1,0,0,0,1,0,0,0,1,0,0,0,0,1,0,1,1,0,1,1,1,1,1,0,0,1,1,1,0,1,0,1,0,1,1,1,0,0,1,1,0,0,0,0,0,0,1,1,1,1,0,1,1,1,1,0,0,1,0,0,0,1,1,0,1,0,1,1,1,0,0,0,0,0,0,0,0,1,0,0,1,0,0,1,0,1,0,0,1,1,1,1,1,1,1,1,1,1,1,0,0,0,1,0,0,0,1,1,0,1,0.0,-4566.399999999999,1
0,1,0,0,1,0,0,1,0,1,0,0,1,0,0,1,1,0,1,0,0,0,1,1,1,1,0,1,1,0,0,1,0,1,1,0,1,0,0,0,1,1,0,1,0,0,1,0,1,1,0,0,1,0,0,1,0,0,1,1,0,0,1,1,0,0,1,0,1,0,0,1,0,1,1,1,0,0,0,1,1,1,1,0,1,1,1,0,1,0,1,1,0,0,0,1,1,1,0,0,0,1,0,1,1,0,0,1,0,1,0,1,0,1,0,0,1,1,1,1,0,1,0,0,1,0,1,1,0,0,1,0,0,0,0,0,1,1,1,0,0,1,0,0,1,1,0,0,1,1,0,1,0,0,0,1,0,0,0,1,0,0,1,1,0,1,1,1,1,1,0,0,1,1,0,1,0,0,0,0,0.0,-4566.359999999998,1
0,0,0,1,0,1,0,0,1,1,0,1,0,0,1,0,1,0,0,1,1,1,0,1,0,1,1,0,0,1,1,0,1,0,0,1,0,1,1,0,1,0,1,1,1,1,0,1,0,0,0,0,0,1,1,1,1,0,0,0,1,1,0,0,1,1,0,1,0,0,1,0,0,1,0,1,1,1,1,0,0,1,1,0,0,1,0,1,0,1,0,1,1,0,0,0,1,0,1,1,0,0,1,1,1,1,0,0,1,1,1,0,1,0,0,0,0,1,0,1,0,0,1,0,1,1,0,1,1,1,0,1,1,0,1,1,0,1,1,1,1,1,0,1,0,0,1,1,1,0,1,0,1,0,1,0,1,1,1,0,1,1,0,1,1,0,0,0,0,1,1,1,1,0,0,1,1,1,1,0,0.0,-4566.25,1
1,1,0,0,0,0,0,1,0,1,0,1,1,0,0,0,0,0,0,1,1,1,0,1,0,1,0,0,0,0,0,0,1,1,0,1,0,0,0,1,0,0,0,0,1,1,1,0,0,1,0,0,1,1,1,1,0,0,0,1,0,1,0,1,1,0,1,0,1,0,1,1,0,1,1,1,0,0,1,0,0,1,1,0,0,1,1,1,1,0,0,1,1,1,0,1,1,0,1,0,0,1,0,1,1,0,0,0,0,0,0,0,0,0,0,0,0,1,1,1,0,0,0,0,1,1,1,1,0,0,0,0,1,0,0,1,0,1,1,1,0,0,0,1,1,0,1,1,0,1,0,0,1,1,0,1,0,0,1,1,1,1,1,1,1,1,1,0,0,1,1,1,1,0,0,0,0,1,0,1,0.0,-4566.049999999999,1
0,1,1,0,1,0,0,1,0,1,1,0,1,1,0,0,1,0,0,0,1,0,0,1,1,1,1,1,1,0,0,1,1,0,1,0,1,0,0,1,0,1,1,0,0,1,0,1,0,0,0,1,1,0,0,1,0,0,1,1,0,1,0,0,0,0,0,0,1,0,0,0,1,0,1,1,0,0,1,1,1,0,1,0,0,1,0,0,1,0,1,1,0,1,1,1,1,0,0,1,0,0,0,0,0,1,1,1,1,0,0,0,0,1,0,0,0,0,0,1,0,1,1,1,0,1,0,1,1,0,1,0,0,1,1,1,0,0,0,1,0,1,0,0,0,1,1,1,0,0,0,1,1,1,0,1,1,0,0,1,1,0,1,0,0,0,1,0,1,0,1,0,1,1,0,0,1,0,0,1,0.0,-4565.81,1
0,0,0,0,0,1,1,0,1,0,0,1,0,0,0,0,0,1,0,1,0,1,1,0,0,0,1,0,0,1,1,0,0,0,0,1,0,1,1,0,1,0,1,1,1,0,1,1,1,0,1,0,0,0,1,0,0,1,0,1,1,0,0,0,1,1,0,0,0,1,1,0,0,1,1,0,1,1,1,1,0,1,0,1,1,1,0,1,0,1,0,0,1,0,0,0,1,0,0,1,1,0,1,1,1,1,0,1,1,1,0,0,1,0,1,1,0,1,0,0,0,1,1,0,0,1,0,0,1,0,0,1,1,0,1,1,0,1,1,1,1,1,1,1,0,0,1,1,1,0,1,0,1,0,0,0,1,1,1,1,1,1,0,1,1,0,1,0,0,1,1,1,0,0,1,1,1,1,0,0,0.0,-4565.659999999999,1
1,1,0,0,1,0,0,0,1,0,0,0,0,0,0,1,0,0,1,0,1,0,0,0,1,0,1,0,1,1,0,1,1,0,1,0,0,0,1,1,1,1,1,0,0,1,1,1,0,0,0,0,0,1,0,1,0,0,0,1,0,1,1,0,0,0,1,0,1,0,1,0,0,1,1,0,1,1,1,1,0,1,0,1,0,1,0,1,1,1,1,1,0,1,0,1,1,1,0,1,1,0,0,1,1,1,1,1,1,1,0,0,1,1,1,0,1,1,0,1,0,1,1,0,0,0,0,0,1,0,0,0,0,0,1,0,1,1,1,1,1,1,1,1,0,1,0,1,1,0,1,1,0,0,0,0,1,0,0,1,1,0,0,1,0,0,1,1,0,1,1,0,0,0,1,1,1,0,0,0,0.0,-4565.59,1
1,1,1,1,0,0,0,0,1,0,1,0,0,1,1,0,1,0,0,1,1,1,0,0,0,1,1,0,0,1,0,0,1,0,1,1,0,0,1,1,1,0,1,0,1,1,1,0,0,1,0,1,0,1,1,1,1,0,1,0,0,1,0,0,1,0,0,1,1,0,0,0,1,0,0,0,1,1,1,0,0,0,1,1,0,1,1,1,0,1,0,1,0,1,1,1,0,0,1,1,1,1,0,0,0,1,1,0,1,0,1,0,1,0,1,0,0,0,1,1,0,0,1,1,0,1,0,0,0,1,1,0,1,1,1,1,0,0,0,1,1,0,1,1,0,0,0,1,1,0,1,0,1,0,1,0,0,0,1,0,1,1,0,0,1,1,0,0,0,0,1,1,0,1,1,1,1,1,1,0,0.0,-4565.549999999999,1
1,1,1,1,1,0,0,0,1,0,1,1,0,1,0,1,0,0,1,0,1,0,0,0,1,1,0,1,1,1,0,1,1,1,1,1,1,0,1,1,0,1,1,0,0,1,0,1,0,0,0,1,0,1,0,1,1,0,0,0,0,1,1,0,0,0,0,0,1,0,1,0,1,0,0,1,1,1,1,1,1,0,1,0,0,1,0,1,1,0,1,1,0,1,1,1,0,0,0,1,1,0,0,0,0,1,1,1,1,0,1,1,1,1,1,0,1,0,0,1,0,1,1,1,1,0,0,0,1,1,0,0,0,1,1,0,1,0,0,0,1,1,1,1,0,1,1,1,0,0,1,1,0,1,1,0,1,0,0,1,0,0,0,0,0,0,0,0,0,0,0,0,0,0,1,0,1,0,1,1,0.0,-4565.529999999998,1
1,1,1,1,0,0,1,0,1,0,1,1,0,1,0,0,1,1,0,1,0,1,1,1,0,1,1,0,0,1,1,0,1,0,0,1,0,0,1,1,1,0,1,0,1,1,1,1,0,1,1,1,0,0,1,0,1,1,1,0,0,1,0,0,1,0,0,0,1,1,0,0,1,0,0,1,1,1,0,0,0,0,1,0,0,1,1,1,0,1,1,1,1,1,1,0,1,1,1,1,1,0,1,0,0,1,1,0,1,0,1,0,1,0,0,1,0,0,0,0,0,0,1,1,1,1,0,0,1,1,1,0,1,0,1,1,0,0,0,1,1,0,1,1,0,0,0,1,0,0,1,0,1,1,1,0,1,1,1,1,1,1,0,0,1,0,0,1,0,0,1,1,0,1,0,0,1,1,0,1,0.0,-4565.420000000001,1
1,0,1,0,1,0,1,1,0,1,1,0,1,0,0,1,1,1,1,0,0,0,1,1,1,1,0,0,1,0,1,1,0,1,1,0,0,0,0,1,0,1,0,0,0,0,0,0,1,0,1,1,1,1,0,0,0,1,1,1,1,0,1,1,0,0,1,0,1,1,0,1,1,0,1,1,0,0,0,0,0,1,1,0,1,1,0,1,0,1,1,1,0,1,1,0,0,0,1,0,0,1,1,0,0,0,1,1,0,1,0,1,0,1,0,1,1,0,1,1,0,0,0,0,0,0,1,1,0,0,1,0,0,1,0,0,1,0,0,0,0,0,0,1,1,1,0,0,0,1,1,1,0,1,0,1,0,1,0,1,0,0,0,0,0,1,1,0,0,1,0,0,1,1,0,0,0,0,0,1,0.0,-4565.379999999998,1
1,1,0,1,0,1,0,1,0,1,1,1,1,0,1,1,0,0,1,1,1,0,0,0,1,1,0,0,0,0,0,0,1,1,1,0,0,0,0,1,1,1,1,0,0,1,0,1,0,0,0,0,1,1,0,1,1,0,0,0,0,1,1,0,0,1,0,1,0,0,1,0,1,1,0,1,0,0,1,0,0,1,1,0,0,0,0,1,1,1,0,0,0,1,0,0,1,0,1,1,1,0,1,0,1,1,0,1,1,1,1,0,0,1,1,0,1,1,0,1,1,0,1,0,1,0,0,1,1,1,0,0,0,0,1,0,1,1,1,1,0,0,0,1,0,1,1,1,1,0,1,1,0,0,1,1,1,1,0,0,1,1,1,1,0,1,0,0,0,1,1,0,0,0,1,1,1,0,1,0,0.0,-4565.38,1
0,1,0,0,1,0,0,1,0,1,0,0,1,0,0,1,0,0,1,0,1,0,0,1,1,1,0,1,1,0,1,1,1,1,1,0,1,1,0,0,1,1,1,1,0,1,0,1,0,1,0,0,1,0,0,1,1,0,0,0,0,1,1,0,0,0,1,0,1,0,1,0,0,1,1,1,0,0,1,0,1,1,1,0,0,0,1,0,1,0,1,1,0,0,0,0,0,0,1,1,0,0,1,1,1,1,0,1,1,1,0,1,0,1,0,0,1,1,0,1,1,0,1,0,0,0,0,1,1,0,0,1,0,0,1,0,1,1,1,0,0,1,0,0,0,1,0,1,1,0,0,1,0,0,0,1,1,1,0,1,1,0,1,1,0,0,1,0,1,1,0,0,1,0,0,1,1,0,0,0,0.0,-4565.37,1
0,1,0,0,0,0,0,0,1,0,1,0,0,1,0,0,0,0,0,1,1,1,0,0,0,0,1,0,0,1,0,0,0,0,0,1,0,0,1,1,0,0,1,0,1,1,0,1,0,1,0,0,0,1,1,1,0,0,0,1,0,1,0,0,1,0,0,0,1,0,1,0,1,0,0,0,1,1,0,1,0,0,0,1,1,0,1,1,0,1,1,1,1,1,0,0,0,1,0,1,1,0,1,0,1,1,0,0,1,1,0,1,1,0,1,0,0,1,0,1,1,1,1,1,1,1,0,0,1,0,0,0,1,0,1,1,0,1,1,1,1,1,1,1,0,0,1,1,0,0,1,0,1,1,0,0,1,1,1,1,0,1,0,1,1,0,1,1,0,0,1,1,0,0,1,0,1,1,0,1,0.0,-4565.369999999999,1
1,1,1,0,1,1,0,1,0,1,1,1,1,0,0,1,1,0,1,0,1,0,0,1,1,0,0,1,1,0,0,1,0,1,1,0,1,0,1,1,0,1,0,0,0,1,1,0,0,1,0,1,1,1,0,1,0,0,1,1,0,1,1,1,0,1,0,0,0,0,0,1,1,0,1,0,0,0,1,1,1,0,0,1,1,1,1,1,1,0,0,0,0,1,1,1,0,1,0,0,0,1,0,0,0,1,1,1,0,0,0,0,0,1,0,0,1,0,1,1,0,1,0,0,0,0,1,1,0,0,1,0,0,1,0,0,1,0,0,0,0,1,0,1,1,1,0,0,0,0,0,0,0,1,0,1,0,0,0,1,1,0,1,1,0,0,1,1,0,0,0,0,1,1,0,0,0,0,0,1,0.0,-4565.349999999998,1
0,1,0,1,0,0,1,1,0,1,1,0,1,1,1,0,1,1,0,1,0,1,1,1,0,1,1,1,0,0,1,0,0,0,0,1,0,1,0,0,0,0,1,1,1,0,1,1,1,1,1,0,1,0,1,0,1,1,1,0,0,0,0,0,1,0,1,1,1,1,0,0,1,0,0,1,0,0,0,0,1,0,1,0,1,1,1,0,0,0,0,1,1,0,0,1,1,0,1,1,0,0,0,0,1,1,0,0,1,1,1,1,0,0,0,1,0,1,0,0,0,0,1,1,0,1,0,1,1,1,1,1,1,0,1,1,0,1,1,1,0,1,0,0,0,0,1,1,0,0,0,0,1,1,1,1,1,0,1,0,0,1,1,1,1,0,0,0,1,0,1,1,1,1,0,0,1,1,1,1,0.0,-4565.28,1
0,0,0,1,1,1,1,1,0,1,1,1,1,1,0,1,0,1,1,0,0,0,1,1,1,0,0,1,1,0,1,1,0,1,1,0,1,0,1,1,1,1,0,0,0,0,0,1,1,1,1,0,1,0,0,0,1,1,0,0,1,0,1,1,0,1,0,0,0,1,1,1,1,1,0,0,0,0,0,1,1,0,0,1,1,0,1,0,1,0,1,0,0,1,0,0,1,1,0,0,0,0,1,0,1,0,0,1,0,1,1,0,0,1,0,1,1,1,0,0,1,1,0,1,1,0,1,1,1,1,0,0,0,0,0,0,1,1,1,0,0,1,0,0,1,1,1,0,1,1,1,1,0,0,1,1,1,1,0,1,1,0,1,0,0,1,0,1,1,0,0,0,1,0,0,1,0,0,1,0,0.0,-4565.249999999999,1
0,0,1,1,1,1,1,1,0,1,1,1,1,1,1,1,1,1,1,0,0,0,1,1,1,1,0,0,1,0,0,1,0,1,1,0,0,1,0,0,0,1,0,1,0,0,1,1,1,0,1,1,1,1,0,0,1,1,1,0,1,0,1,1,0,1,1,1,0,1,0,1,1,0,0,1,0,0,1,0,0,0,1,0,1,1,0,1,1,1,1,0,0,0,1,0,1,0,1,0,0,0,1,1,0,1,1,1,0,0,1,0,0,1,0,1,1,0,0,0,0,0,0,1,1,0,1,1,1,1,1,1,0,1,0,0,1,0,0,0,0,0,0,1,1,1,0,0,0,0,1,1,0,1,1,1,1,1,0,0,1,0,1,0,0,0,0,0,0,0,0,0,1,1,0,0,0,0,1,1,0.0,-4565.109999999999,1
0,1,1,0,0,1,1,1,0,1,1,0,1,1,0,1,1,1,1,1,0,0,1,1,0,1,0,1,0,0,1,0,0,1,1,0,1,0,0,1,0,1,0,0,0,0,1,1,1,0,1,1,1,0,1,0,0,1,1,1,0,0,1,1,1,1,1,0,0,1,0,1,1,1,1,1,0,0,1,0,1,1,1,0,1,0,0,0,1,1,1,0,0,1,1,1,0,0,1,0,0,0,0,0,0,0,1,1,0,0,0,1,0,0,0,1,1,0,0,0,1,0,0,1,1,0,1,1,1,0,1,0,0,1,0,0,1,0,0,0,0,0,0,0,1,1,0,0,0,1,1,1,0,1,0,1,1,0,0,1,0,1,1,0,1,0,1,0,1,1,0,0,1,1,0,0,0,0,0,1,0.0,-4565.07,1
1,0,1,1,0,0,1,0,1,0,0,0,0,1,1,0,1,1,0,1,0,1,1,0,0,1,0,0,0,1,0,0,0,1,0,1,0,1,1,0,1,1,0,1,1,0,1,1,1,1,1,1,0,1,1,0,1,1,1,0,0,0,0,1,1,0,1,1,1,1,0,1,0,0,0,1,1,1,0,0,0,0,1,0,1,0,1,1,0,1,1,1,1,0,1,0,0,1,1,0,1,0,1,1,0,0,1,1,0,0,1,1,1,0,1,1,0,0,0,0,1,0,0,1,0,1,1,0,1,1,1,1,1,1,0,1,0,0,0,1,1,1,1,1,1,0,1,0,1,1,1,0,1,0,1,0,1,1,0,0,0,1,0,0,1,1,0,1,0,0,1,1,0,1,1,1,0,1,1,0,0.0,-4564.979999999998,1
0,1,0,1,1,0,0,1,0,1,0,1,1,1,1,0,0,0,0,0,1,0,0,0,0,1,0,1,1,0,0,1,1,1,0,1,1,1,0,0,1,1,1,1,1,1,0,1,0,0,0,0,1,1,0,1,1,0,0,0,0,1,0,0,0,0,1,1,1,0,1,0,0,0,0,1,0,0,0,0,1,1,1,0,0,1,0,1,1,1,1,1,1,0,0,0,1,0,1,1,0,0,1,1,1,1,0,1,1,1,1,0,0,0,1,0,0,1,0,1,0,0,1,1,0,1,0,1,1,1,0,1,1,0,1,1,0,1,1,1,0,1,0,1,0,0,1,1,1,0,1,0,1,0,1,1,1,1,0,0,1,0,1,1,1,0,0,0,0,1,1,1,1,0,1,1,1,1,1,0,0.0,-4564.82,1
0,0,1,0,0,1,0,0,1,0,0,0,0,1,0,0,1,0,0,1,1,1,0,0,1,1,1,0,0,1,0,0,1,0,0,1,0,1,1,0,1,0,1,1,1,1,1,1,0,1,0,1,0,1,0,1,0,0,1,1,0,1,0,0,1,1,1,0,0,0,0,0,0,0,1,1,1,1,1,0,0,0,1,0,0,1,1,1,0,1,0,0,1,0,1,1,0,1,1,1,1,0,0,1,0,1,1,0,1,0,0,0,1,1,1,0,0,0,0,1,0,0,1,1,1,1,0,0,1,0,1,1,0,1,1,1,0,0,0,1,1,0,1,1,0,0,1,1,1,0,1,0,1,0,0,0,1,0,1,1,1,1,0,0,0,0,1,1,0,0,1,1,0,1,1,1,1,1,0,0,0.0,-4564.76,1
0,1,1,1,1,1,0,0,1,0,0,1,0,1,1,1,1,0,1,0,1,0,0,0,1,1,1,1,1,1,0,1,1,0,1,0,1,1,1,0,1,1,0,1,0,1,1,1,0,1,0,1,0,1,0,1,1,0,1,0,0,1,1,1,0,1,1,1,0,0,0,1,0,0,0,1,1,1,1,0,1,0,1,0,0,1,1,1,0,0,1,0,0,0,1,0,0,1,1,0,1,0,1,1,0,0,1,1,0,0,1,1,1,1,1,0,1,0,0,1,0,0,0,1,1,0,1,0,1,1,1,1,0,1,0,0,1,0,0,0,1,1,1,1,1,1,0,0,0,1,1,1,0,1,1,1,1,1,0,0,0,0,0,1,0,0,0,1,0,0,0,0,0,1,1,0,0,0,1,0,0.0,-4564.6799999999985,1
0,0,1,0,1,1,0,0,1,0,1,1,0,0,1,0,1,0,0,0,1,1,0,0,0,1,1,1,1,1,0,1,1,0,0,1,1,0,1,1,0,0,0,0,1,1,1,0,0,1,0,1,0,1,1,1,0,0,1,1,1,1,0,1,0,1,0,1,0,0,0,1,1,1,1,1,1,1,1,0,1,1,1,0,0,0,1,1,0,0,0,0,1,1,1,1,0,1,1,0,1,1,0,0,0,0,1,1,0,0,0,0,1,0,1,0,0,0,1,1,1,0,0,0,0,1,1,0,0,0,1,0,1,1,0,1,0,0,0,1,1,0,1,1,1,0,1,0,0,1,0,0,1,1,0,0,0,0,1,0,0,0,0,0,1,0,1,1,0,1,1,1,0,1,1,0,0,1,1,1,0.0,-4564.669999999998,1
0,1,1,1,0,1,0,0,1,0,1,0,0,0,1,0,1,0,0,1,1,1,0,0,0,1,1,1,0,1,0,0,1,0,0,1,1,0,0,1,0,0,1,0,1,1,1,1,0,1,0,1,0,1,1,1,1,0,1,0,1,1,0,0,1,1,0,1,0,0,0,0,1,0,0,1,1,1,1,0,1,0,1,0,0,0,1,1,0,0,0,0,1,1,1,1,1,0,1,1,1,0,0,0,0,1,1,0,1,0,1,1,1,0,1,1,0,0,0,1,1,0,1,0,0,1,0,0,1,1,1,0,1,1,1,1,0,0,0,1,1,0,1,1,0,0,1,1,0,0,1,0,1,1,1,0,1,0,1,0,0,1,0,1,1,0,0,0,0,0,1,1,0,1,1,0,1,1,1,1,0.0,-4564.67,1
1,1,1,0,1,1,0,0,1,0,1,1,0,1,1,1,1,0,1,0,1,0,0,0,1,0,1,1,1,1,1,1,0,0,1,0,1,0,1,1,0,1,0,0,0,0,1,0,1,1,0,1,0,1,0,1,0,0,1,1,0,0,1,1,0,1,0,1,0,0,0,1,1,1,1,0,1,1,1,1,1,0,0,1,1,0,1,1,1,0,0,0,0,1,1,0,0,1,1,0,1,1,1,0,0,0,1,1,0,0,0,0,1,1,1,0,1,0,1,1,1,0,0,1,0,0,1,0,0,0,1,0,0,1,0,0,1,0,0,0,1,1,1,1,1,1,1,0,0,1,0,0,0,1,0,0,0,1,0,0,1,0,0,1,0,1,1,1,0,0,0,0,0,1,1,0,0,0,1,1,0.0,-4564.639999999998,1
1,0,1,1,1,1,0,0,1,0,0,1,0,0,1,1,1,0,1,0,1,0,0,1,1,1,1,0,1,1,0,1,1,0,1,0,0,1,1,0,1,1,1,1,0,1,0,0,0,0,0,1,0,1,0,1,1,0,1,0,1,1,1,0,0,1,1,1,0,0,0,0,0,0,0,1,1,1,1,0,0,0,1,0,0,1,0,1,1,1,1,0,0,0,1,1,0,0,1,1,1,1,0,1,0,1,0,1,1,0,1,1,1,1,0,0,1,1,1,1,0,0,1,0,0,0,0,0,0,1,1,1,1,1,1,0,1,0,0,0,1,0,1,1,0,1,0,1,0,0,1,0,0,1,1,0,0,0,0,0,0,0,0,1,0,1,0,0,0,0,0,0,0,1,0,0,1,0,1,0,0.0,-4564.629999999999,1
1,0,1,0,1,0,0,1,0,1,0,1,1,0,0,1,1,0,1,0,1,0,0,1,1,0,0,1,1,0,0,1,0,1,1,0,1,0,0,1,1,1,0,0,0,0,0,1,1,0,0,1,1,1,0,1,0,0,1,1,1,0,1,1,0,0,0,0,1,0,0,1,0,1,1,0,0,0,1,1,1,1,0,1,1,1,0,1,1,0,1,1,0,1,1,1,1,0,0,0,0,0,0,0,0,0,1,1,0,1,0,0,0,1,0,0,1,0,0,1,0,1,0,0,0,0,1,1,1,0,1,0,0,1,0,0,1,0,0,0,0,1,0,1,1,1,0,0,1,1,0,1,0,0,0,1,1,0,0,1,1,0,1,0,0,0,1,0,0,1,0,0,1,1,0,1,0,0,0,0,0.0,-4564.51,1
1,1,1,0,1,0,1,0,1,0,0,0,0,0,1,1,1,1,1,0,0,0,1,1,1,1,0,1,1,1,0,1,1,1,1,1,1,1,1,0,1,1,1,1,0,1,1,0,0,1,1,1,0,0,0,0,0,1,1,1,0,1,1,0,0,0,0,1,1,1,0,0,0,0,1,1,1,1,0,0,1,0,1,0,0,1,1,0,1,0,0,1,0,0,1,0,0,0,1,1,1,1,1,1,0,1,1,1,1,1,0,0,1,1,0,1,1,0,1,0,0,0,1,0,0,0,0,0,0,0,1,1,0,1,1,0,1,0,0,0,1,1,1,0,0,1,0,1,1,0,0,1,0,0,0,0,0,1,0,0,1,0,0,0,0,1,1,0,1,0,0,0,0,1,0,1,1,0,1,0,0.0,-4564.229999999998,1
1,0,1,0,1,1,1,0,1,0,0,0,0,0,0,1,1,1,1,0,0,0,1,1,1,0,1,1,1,1,0,1,0,0,1,0,1,1,1,0,0,1,0,1,0,0,0,0,1,1,1,1,0,0,1,0,0,1,1,1,1,0,1,1,0,1,1,0,0,1,0,1,0,0,1,0,1,1,0,0,1,0,0,1,1,1,1,0,1,0,1,0,0,0,1,0,0,1,0,0,1,1,1,1,0,0,0,1,0,0,0,1,1,1,0,1,1,1,1,0,0,1,0,0,1,0,1,0,0,0,1,1,0,1,0,0,1,0,0,0,1,0,1,0,1,1,0,0,0,1,1,1,0,1,0,0,0,1,0,1,0,0,0,0,0,1,1,1,1,0,0,0,0,1,0,0,0,0,0,1,0.0,-4564.109999999999,1
0,1,0,0,0,1,1,1,0,1,1,0,1,0,0,1,0,1,1,1,0,0,1,1,1,0,0,1,0,0,1,0,1,1,1,0,1,0,0,1,1,1,0,0,0,0,0,0,1,1,1,0,1,0,0,0,0,1,0,1,0,0,0,1,1,1,0,0,0,1,1,1,1,1,1,0,0,0,0,0,1,1,0,1,0,0,1,0,1,0,1,0,0,1,0,1,1,1,1,0,0,1,0,0,1,0,0,1,0,1,0,0,0,1,0,1,1,1,1,0,1,0,0,0,0,0,1,1,0,0,0,0,0,0,0,1,1,1,1,1,0,1,0,0,1,1,0,0,1,1,0,1,0,0,0,1,0,0,0,1,1,1,1,1,0,1,1,1,1,1,1,0,1,0,0,1,0,0,0,0,0.0,-4564.070000000001,1
1,1,0,1,0,1,1,1,0,1,0,1,1,0,1,1,0,1,1,1,0,0,1,1,1,0,1,0,0,0,1,0,0,0,1,0,0,1,1,0,1,1,1,1,0,0,0,1,1,0,1,0,1,0,0,0,1,1,0,0,0,0,1,0,1,1,1,1,0,1,1,0,0,0,0,0,0,0,0,1,0,1,0,1,1,0,0,0,1,1,0,0,0,0,0,1,0,1,0,1,0,0,0,1,1,1,0,1,0,1,1,0,0,1,0,1,1,1,0,0,1,1,1,0,0,0,0,1,1,1,0,1,0,0,1,0,1,1,1,0,0,1,0,0,0,1,0,1,1,0,1,1,0,0,1,1,1,0,0,0,1,1,1,1,0,1,0,1,1,1,0,0,1,0,0,1,1,0,1,0,0.0,-4564.070000000001,1
0,1,0,1,0,1,0,1,0,1,1,1,1,1,1,0,1,0,0,1,1,1,0,1,0,1,1,0,0,0,0,0,0,0,0,1,0,0,1,1,1,0,1,0,1,1,0,1,0,0,0,0,1,0,1,1,0,0,1,1,0,1,0,0,1,1,1,1,0,0,0,0,1,1,0,1,0,0,1,0,0,1,1,0,1,1,0,0,0,1,0,1,1,1,0,1,1,0,1,1,0,0,0,0,1,1,0,0,1,1,1,0,0,0,0,0,0,1,0,1,0,0,1,1,0,1,0,1,1,1,1,0,1,0,1,1,0,1,1,1,0,1,0,0,0,0,1,1,1,0,1,0,1,0,1,1,1,0,1,0,1,1,1,1,1,0,0,0,1,1,1,1,1,1,0,1,1,1,1,0,0.0,-4564.01,1
0,0,0,1,0,0,0,0,1,0,0,0,0,0,1,1,0,0,1,1,1,1,0,1,1,1,1,0,0,1,0,0,1,0,1,0,0,1,1,0,1,0,1,1,0,1,0,0,0,0,0,0,0,0,0,1,1,0,0,0,1,1,1,0,1,0,1,1,1,0,1,0,0,0,0,1,1,1,1,0,0,0,1,1,0,1,0,0,1,0,1,1,0,0,0,0,0,0,1,1,1,1,1,1,1,1,0,0,1,1,1,1,1,1,0,0,1,1,1,1,0,0,1,0,0,0,0,0,0,1,0,1,0,0,1,0,1,1,1,0,1,0,1,0,0,1,0,1,1,0,1,1,0,0,1,0,0,1,1,0,0,1,0,1,0,1,0,0,1,0,0,0,0,0,0,1,1,0,1,0,0.0,-4563.99,1
0,1,1,1,1,1,0,0,1,0,1,1,0,0,1,1,1,0,1,0,1,0,0,0,1,0,1,1,1,1,1,1,1,0,1,0,1,0,1,0,0,1,1,1,0,1,1,0,0,0,0,1,0,0,0,1,1,0,0,0,0,1,1,0,0,1,1,1,0,0,0,0,1,0,0,0,1,1,1,1,1,0,0,1,0,0,0,0,1,1,0,0,0,0,1,1,0,0,0,1,1,1,0,1,0,1,1,1,1,0,1,0,1,1,1,0,1,0,1,1,1,1,1,0,1,0,0,0,0,1,1,0,0,1,1,0,1,0,0,0,1,1,1,0,0,1,1,1,0,0,0,1,0,1,1,0,0,0,0,0,1,0,0,0,0,1,0,0,1,0,0,0,0,0,1,0,1,0,1,1,0.0,-4563.979999999999,1
1,0,0,1,0,1,1,0,1,0,0,1,0,1,1,0,0,1,0,1,0,1,1,0,0,1,1,0,0,1,1,0,0,0,0,1,0,1,1,0,0,0,1,1,1,0,0,0,1,0,1,0,0,0,1,0,1,1,0,0,1,0,0,0,1,1,1,1,0,1,1,0,0,0,0,1,1,1,0,0,0,0,1,0,1,0,0,0,0,1,0,0,1,0,0,1,1,0,1,1,1,1,0,1,1,1,0,0,1,0,1,1,1,0,1,1,0,1,1,0,1,0,1,1,1,1,0,0,0,1,0,1,1,0,1,1,0,1,1,1,1,0,1,0,1,0,0,1,0,0,1,0,1,1,1,0,0,1,1,0,0,1,0,1,1,1,0,0,1,0,1,1,0,0,1,0,1,1,1,1,0.0,-4563.910000000002,1
0,1,0,1,1,1,0,1,0,1,0,0,1,1,1,1,1,0,1,0,1,0,0,0,1,1,1,1,1,0,0,1,0,0,0,0,1,1,0,0,1,1,1,1,0,1,1,1,0,0,0,0,1,0,0,1,0,0,1,1,0,1,1,0,0,1,1,1,0,0,0,0,0,1,0,1,0,0,0,1,1,1,1,0,1,0,0,1,1,0,0,0,0,0,0,0,1,0,0,1,0,0,1,1,1,1,0,1,1,1,1,0,0,1,1,0,1,1,0,1,1,1,1,1,0,0,0,1,1,1,1,1,0,0,1,0,1,1,1,0,0,1,0,1,0,1,0,1,1,0,0,1,0,0,1,1,1,1,0,0,1,0,1,1,0,0,0,0,1,1,0,0,1,1,1,1,1,0,1,0,0.0,-4563.539999999999,1
1,1,0,0,0,0,0,1,0,1,1,1,1,1,0,1,1,0,1,1,1,0,0,1,1,1,1,0,0,0,1,0,0,0,1,0,0,0,0,1,1,1,1,0,0,1,0,1,0,0,0,0,1,1,0,1,0,0,0,1,0,1,1,0,1,0,1,0,1,0,1,0,1,1,1,1,0,0,1,0,0,1,1,0,1,1,0,1,1,1,1,1,0,1,0,0,1,1,1,1,0,0,1,0,1,1,0,1,1,1,0,0,0,1,0,1,1,1,0,1,0,0,1,1,0,0,0,1,1,0,0,0,0,0,1,0,1,1,1,0,0,0,0,1,0,1,0,1,1,0,1,1,0,0,0,1,1,1,0,1,0,1,1,1,0,0,1,1,0,1,0,0,1,0,0,1,1,0,0,0,0.0,-4563.44,1
0,0,1,0,1,1,0,0,1,0,1,1,0,0,1,1,0,0,1,0,1,0,0,0,1,1,1,1,1,1,0,1,0,0,1,0,1,0,1,1,0,1,0,0,0,1,0,1,0,1,0,1,0,1,0,1,0,0,1,1,1,1,1,1,0,1,0,1,0,0,1,1,1,0,1,1,1,1,1,0,1,0,1,0,1,0,1,1,1,1,0,0,0,1,1,1,0,0,1,0,1,0,0,0,0,1,1,1,0,0,0,1,1,1,1,0,1,0,0,1,1,0,0,0,0,0,1,0,1,0,0,0,0,1,0,0,1,0,0,0,1,0,1,1,1,1,0,0,0,0,1,1,0,1,0,1,1,0,0,0,0,0,0,0,0,1,1,0,0,0,0,0,0,1,1,0,0,0,1,1,0.0,-4563.329999999999,1
0,0,1,1,0,1,1,1,0,1,0,0,1,0,1,1,1,1,1,1,0,0,1,0,1,0,0,0,0,0,1,0,0,1,1,0,0,1,1,0,0,1,1,1,0,0,1,1,1,0,1,1,1,1,0,0,1,1,1,0,0,0,1,0,1,1,1,1,0,1,0,0,0,1,0,0,0,0,0,1,0,1,0,1,1,0,0,1,0,1,1,0,0,0,1,1,0,1,0,1,0,0,0,1,0,1,1,1,1,0,1,0,0,1,1,1,1,0,0,0,1,1,1,0,1,0,0,1,1,1,1,1,0,1,1,0,1,0,0,0,0,1,0,1,0,1,0,1,0,0,1,1,0,1,1,1,1,0,0,0,1,1,1,1,0,0,0,1,0,1,0,0,1,1,1,0,1,0,1,1,0.0,-4563.150000000001,1
0,1,1,0,1,1,0,0,1,0,0,1,0,0,0,1,1,0,1,0,1,0,0,0,1,0,0,1,1,1,0,1,1,1,1,0,1,0,1,0,1,1,1,1,0,1,1,0,0,1,0,1,0,1,0,1,0,0,1,1,0,1,1,0,0,1,1,0,0,0,0,0,0,1,0,0,1,1,0,1,1,1,0,1,0,1,1,1,1,0,0,0,0,0,1,1,0,1,0,1,1,1,0,1,0,1,1,1,1,0,0,0,1,1,1,0,1,1,1,1,0,1,1,0,0,0,0,0,0,0,1,0,0,1,1,0,1,0,0,0,1,1,1,1,0,1,1,1,1,0,0,1,0,0,0,0,0,0,0,1,1,0,0,1,0,1,1,1,0,1,0,0,0,1,1,1,1,0,0,0,0.0,-4563.119999999998,1
1,1,1,1,1,1,1,0,1,0,1,1,0,1,1,1,1,1,1,1,0,0,1,1,1,0,0,1,1,1,0,0,1,1,1,0,1,0,1,1,0,1,1,0,0,1,1,1,0,0,1,1,0,0,0,0,1,1,1,0,0,1,1,0,0,1,1,1,0,1,0,0,1,1,0,0,1,1,0,1,1,1,0,1,0,0,0,0,1,0,0,0,0,1,1,0,0,0,0,1,1,0,1,0,0,1,0,1,1,0,1,0,1,1,0,1,1,0,0,0,1,1,1,1,0,0,0,0,1,1,1,0,0,1,1,0,1,0,0,0,1,0,1,0,0,1,0,1,0,0,1,1,0,1,1,0,1,1,0,0,1,0,0,0,0,0,0,0,1,1,0,0,0,1,0,0,1,0,1,1,0.0,-4562.8,1
0,0,1,0,1,1,1,0,1,0,0,1,0,0,0,1,1,1,1,0,0,0,1,0,1,1,0,1,1,1,0,1,1,1,1,0,1,1,1,0,1,1,0,1,0,0,1,0,1,0,1,1,0,1,0,0,0,1,1,1,1,0,1,1,0,1,0,0,0,1,0,1,0,1,0,1,1,1,1,0,1,1,1,0,0,1,0,1,1,0,1,1,0,0,1,0,0,1,1,0,1,1,1,1,0,0,1,1,0,0,0,1,1,1,1,1,1,0,1,0,0,0,0,0,0,0,1,0,0,0,1,1,0,1,0,0,1,0,0,0,1,1,1,1,1,1,0,0,1,1,1,1,0,0,0,0,0,1,0,1,0,0,0,0,0,1,1,1,0,1,0,0,0,1,1,1,0,0,0,0,0.0,-4562.699999999997,1
0,1,0,1,1,0,1,1,0,1,1,0,1,1,1,1,0,1,1,0,0,0,1,1,1,1,0,1,1,0,0,1,1,1,1,0,1,1,1,0,1,1,0,1,0,0,0,1,1,0,1,0,1,0,0,0,1,1,0,0,0,0,1,1,0,0,0,1,1,1,1,1,1,1,0,1,0,0,0,0,1,1,1,0,0,1,0,0,1,0,0,1,0,0,0,0,1,0,1,0,0,0,1,1,1,1,1,1,0,1,1,1,0,1,0,1,1,0,0,0,0,0,0,1,0,0,1,1,1,1,0,1,0,0,0,0,1,1,1,0,0,0,0,0,1,1,1,0,1,0,0,1,0,0,1,1,1,1,0,0,0,0,1,1,0,0,0,0,1,1,0,0,1,0,0,1,0,0,1,0,0.0,-4562.66,1
1,1,1,0,0,1,1,1,0,1,0,0,1,1,0,0,1,1,0,1,0,1,1,0,0,1,1,1,0,0,1,0,1,0,0,1,1,1,0,0,0,0,1,1,1,1,0,1,0,1,1,1,1,1,1,0,1,1,1,0,0,1,0,0,1,1,1,0,0,1,0,0,0,1,1,1,0,0,0,0,1,1,1,0,0,1,1,1,0,0,1,1,1,0,1,0,0,0,1,1,0,0,1,1,0,1,1,0,1,1,0,1,0,0,1,1,0,0,0,0,0,0,1,1,0,1,0,1,1,0,1,1,1,1,1,1,0,0,0,1,0,0,0,1,0,0,1,1,0,0,1,0,1,1,0,1,1,1,1,1,0,1,1,0,1,0,1,0,0,1,1,1,1,1,1,0,1,1,0,1,0.0,-4562.589999999999,1
1,1,1,0,1,1,1,0,1,0,1,0,0,0,0,1,0,1,1,0,0,0,1,0,1,0,1,1,1,1,1,1,0,0,0,0,1,0,1,1,0,1,1,0,0,0,0,0,1,1,1,1,0,1,0,0,0,1,0,1,0,0,1,0,0,1,0,0,0,1,1,0,1,1,1,0,1,1,0,0,1,0,0,1,1,0,1,1,1,0,1,0,0,1,1,0,0,1,1,1,1,1,1,0,0,1,1,1,1,0,0,1,1,1,1,1,1,0,1,0,1,0,1,0,0,0,0,0,0,0,0,0,0,1,1,0,1,0,0,1,1,0,1,1,0,1,1,1,0,0,0,1,0,1,0,0,0,1,0,1,0,0,0,1,0,0,1,1,0,0,1,0,0,0,1,0,1,0,0,1,0.0,-4562.559999999999,1
0,1,1,1,0,0,0,1,0,1,1,1,1,0,1,0,1,0,0,1,1,1,0,1,0,1,1,0,0,0,0,0,0,0,0,1,0,0,0,1,1,0,1,0,1,0,1,0,1,1,0,1,1,1,1,1,1,0,1,0,0,0,0,0,1,0,1,1,1,0,0,0,1,1,1,1,0,0,1,0,0,1,1,0,1,1,1,1,0,1,1,1,1,1,1,1,1,0,1,1,0,1,0,0,0,1,1,0,1,0,1,1,0,0,0,0,0,0,1,1,0,0,1,0,1,1,0,1,0,1,1,0,1,1,1,1,0,0,0,1,0,0,0,1,0,0,0,1,0,0,0,0,1,1,1,0,0,0,1,0,0,1,1,0,1,1,0,0,0,1,1,1,1,1,0,0,1,1,1,0,0.0,-4562.539999999999,1
1,1,0,0,1,0,0,1,0,1,1,1,1,0,0,1,0,0,1,0,1,0,0,0,1,0,1,0,1,0,1,1,0,0,1,0,0,0,0,1,1,1,0,0,0,1,0,0,0,1,0,0,1,1,0,1,0,0,0,1,0,1,1,1,0,0,0,0,1,0,1,1,1,0,1,0,0,0,1,0,0,0,0,1,1,0,1,1,1,1,0,0,0,1,0,1,1,0,1,0,0,1,0,0,1,0,0,1,0,1,0,0,0,1,1,0,1,0,1,1,1,0,0,0,0,0,1,1,0,0,0,0,0,0,0,0,1,1,1,0,0,0,0,1,0,1,1,0,1,1,1,1,0,0,0,1,0,0,0,1,1,0,1,1,0,1,1,0,0,0,0,0,1,0,1,1,0,0,0,0,0.0,-4562.48,1
1,1,0,0,0,1,1,0,1,0,0,0,0,0,0,1,0,1,1,1,0,1,1,0,0,0,1,0,0,1,1,0,0,0,1,0,0,1,1,0,1,0,0,1,1,0,0,0,1,0,1,0,0,0,1,0,0,1,0,1,0,0,1,1,1,1,1,0,0,1,1,1,0,1,1,0,1,1,0,1,0,1,0,1,1,0,0,1,0,0,1,0,1,0,0,1,1,0,0,0,1,1,0,1,1,1,0,0,0,1,0,0,1,0,1,1,1,1,1,0,1,1,0,0,0,0,1,0,0,0,0,1,1,0,0,0,1,1,1,0,1,1,1,1,1,0,0,1,1,0,0,0,0,0,0,0,0,0,1,1,1,1,0,1,1,1,1,0,0,1,0,0,0,0,1,1,0,1,0,0,0.0,-4562.439999999999,1
0,0,1,1,1,1,0,0,1,0,0,0,0,0,1,1,0,1,1,0,1,0,0,1,1,0,0,1,1,1,0,1,1,1,1,0,1,1,1,0,0,1,0,1,0,1,0,1,0,0,0,1,0,0,0,1,1,0,0,0,1,1,1,1,0,1,1,1,0,0,1,1,0,0,0,0,1,1,1,1,1,0,0,1,0,0,0,0,1,0,0,0,0,0,1,1,0,1,0,0,1,0,0,1,0,1,1,1,0,0,1,0,1,1,0,0,1,0,0,1,1,1,0,0,0,0,1,0,1,1,0,1,0,1,0,0,1,0,0,0,1,0,1,0,1,1,1,0,0,0,0,1,0,1,1,0,1,0,0,0,1,0,0,0,0,0,0,1,1,0,0,0,0,0,0,0,0,0,0,1,0.0,-4562.210000000002,1
0,1,0,0,0,0,0,1,0,1,1,1,1,0,0,1,0,0,1,1,1,1,0,1,1,0,1,0,0,0,0,0,1,0,1,0,0,0,0,1,1,0,1,0,0,1,1,0,0,1,0,0,1,1,0,1,0,0,0,1,0,1,1,0,1,0,0,0,1,0,1,0,1,0,1,0,0,0,1,0,0,0,0,1,0,1,1,1,1,1,1,1,0,1,0,1,1,0,1,1,0,1,0,0,1,1,0,0,1,1,0,0,0,1,0,0,1,1,0,1,0,0,1,0,1,0,0,1,1,0,0,0,0,0,1,0,1,1,1,0,0,0,0,1,1,1,0,1,1,0,1,1,0,0,0,1,1,0,1,1,1,1,1,1,0,1,1,0,0,0,0,0,1,0,0,1,1,0,0,0,0.0,-4562.1900000000005,1
1,0,1,1,0,1,0,1,0,1,0,0,1,0,1,0,1,0,0,1,1,1,0,1,0,0,1,0,0,0,0,1,1,0,0,1,0,1,0,0,0,0,0,1,1,1,1,1,0,1,0,1,1,1,1,1,1,0,1,0,1,1,0,1,1,1,1,1,0,0,0,1,0,0,0,0,0,0,0,0,0,0,0,1,0,0,1,0,0,0,1,0,1,0,1,1,0,0,1,0,0,0,0,1,0,0,1,0,0,0,1,0,0,0,0,0,0,1,0,1,1,0,0,0,0,1,1,1,1,1,1,1,1,1,0,1,0,0,0,1,0,0,0,0,1,0,0,0,0,1,0,0,1,1,1,1,1,0,1,0,1,1,1,0,1,0,0,0,0,0,1,1,1,1,0,0,0,1,1,1,0.0,-4562.140000000003,1
0,0,1,0,1,1,0,0,1,0,0,1,0,0,0,1,1,0,1,0,1,0,0,0,1,1,0,0,1,1,0,1,1,1,1,0,0,0,1,0,0,1,1,1,0,1,0,0,0,0,0,1,0,0,0,1,0,0,0,1,1,1,1,0,0,1,1,0,0,0,0,0,0,0,1,1,1,1,1,0,0,0,1,0,0,0,0,1,1,1,0,0,0,0,1,0,0,0,1,1,1,1,1,1,0,1,1,0,1,0,0,1,1,1,1,0,1,0,1,1,1,0,1,0,0,0,0,0,0,0,1,0,0,1,1,0,1,0,0,0,1,0,1,1,0,1,1,1,0,0,1,1,0,1,0,0,0,1,0,1,0,0,0,0,0,1,1,0,0,0,0,0,0,0,1,0,1,0,0,1,0.0,-4562.129999999998,1
0,1,1,1,1,0,0,1,0,1,1,1,1,0,1,1,1,0,1,0,1,0,0,0,1,0,0,1,1,0,0,1,1,1,0,0,1,0,0,1,0,1,1,0,0,1,0,0,0,1,0,1,1,1,0,1,1,0,1,0,0,1,1,0,0,0,0,1,1,0,0,0,1,0,0,0,0,0,1,0,1,0,0,1,0,0,1,1,1,0,0,0,0,1,1,0,0,1,1,1,0,1,1,0,0,0,0,1,1,1,1,0,0,1,1,0,1,0,1,1,1,0,1,0,0,0,0,1,0,1,1,0,0,1,1,0,1,0,0,0,0,0,0,1,0,1,1,1,0,1,0,1,0,1,1,0,0,1,0,0,1,0,1,0,0,1,0,1,0,0,0,0,1,1,1,0,1,0,1,1,0.0,-4561.679999999999,1
0,1,0,0,0,0,0,0,1,0,1,0,0,0,0,1,0,0,1,1,1,0,0,1,1,0,1,0,0,1,0,0,1,0,1,0,0,1,1,1,0,1,1,0,0,1,0,0,0,0,0,0,0,0,0,1,0,0,0,1,0,1,1,0,1,0,0,0,1,0,1,0,1,1,1,0,1,1,1,1,0,0,0,1,0,0,0,0,1,1,1,0,0,1,0,1,0,1,0,1,1,1,0,0,1,1,0,1,1,1,0,0,1,1,0,0,1,1,1,1,1,1,1,0,1,0,0,0,0,0,0,1,0,0,1,0,1,1,1,0,1,1,1,0,0,1,0,1,0,0,1,1,0,1,0,0,0,0,0,1,1,1,0,1,0,1,1,1,1,0,0,0,0,0,0,0,1,0,0,1,0.0,-4561.56,1
1,0,0,1,0,0,0,1,0,1,1,1,1,0,1,0,0,0,0,1,0,1,1,1,1,0,1,0,0,1,0,0,1,0,0,1,0,0,1,1,1,0,1,0,1,1,1,1,0,0,0,0,0,0,0,1,1,0,0,0,1,1,0,0,1,0,0,1,1,0,1,0,1,0,0,0,0,0,0,1,0,0,0,1,0,1,0,0,0,1,1,1,1,1,0,0,1,1,0,1,0,0,1,0,1,1,0,0,1,1,1,0,1,1,0,0,0,1,0,0,0,1,1,0,0,1,0,1,1,1,0,0,0,0,1,1,0,1,1,1,0,1,0,0,0,0,0,1,1,0,1,1,1,0,1,1,1,1,1,0,1,1,1,1,0,1,0,1,1,0,1,1,1,0,0,1,1,1,1,0,0.0,-4561.55,1
0,1,1,1,0,1,1,0,1,0,0,0,0,1,1,0,0,1,0,1,0,1,1,1,0,1,1,0,0,1,0,0,1,0,0,1,0,1,1,0,1,0,0,1,1,0,1,1,1,1,1,1,0,1,1,0,1,1,0,0,0,0,0,1,1,1,1,1,0,1,1,1,0,0,0,1,1,1,0,0,0,0,1,0,0,0,1,0,0,1,0,0,1,0,1,0,1,0,1,0,1,0,1,1,0,0,1,0,0,0,1,1,1,0,0,1,0,0,0,0,1,0,0,1,1,1,1,0,1,1,0,1,1,1,0,1,0,0,0,1,1,0,1,0,1,0,0,0,1,1,0,0,1,0,1,0,1,1,1,0,0,1,0,0,1,0,0,0,0,0,1,1,0,0,0,1,0,1,0,0,0.0,-4561.4400000000005,1
1,0,0,0,0,1,0,1,0,1,0,0,1,0,0,0,0,0,0,1,1,1,0,0,1,1,1,0,0,0,0,0,0,0,0,1,0,1,0,0,1,0,1,1,1,1,0,0,0,0,0,0,1,1,0,1,0,0,0,1,1,1,0,0,1,1,1,0,0,0,1,0,0,0,1,1,0,0,1,0,0,0,1,0,1,0,0,1,1,1,0,0,1,0,0,1,1,0,1,1,0,1,0,1,1,1,1,0,1,0,0,1,0,1,1,0,0,1,1,1,1,0,1,0,1,1,0,1,0,0,0,1,0,0,1,1,0,1,1,1,0,0,1,1,0,0,1,1,1,0,1,1,1,0,0,1,0,0,1,1,0,1,1,1,0,0,1,0,0,0,1,1,1,0,1,1,1,1,0,0,0.0,-4561.4400000000005,1
0,0,0,1,0,1,0,0,1,0,0,1,0,1,0,1,0,0,1,1,1,0,0,1,1,1,0,0,0,1,1,0,1,1,1,0,0,1,0,0,1,1,1,1,0,1,0,1,0,0,0,0,0,0,0,1,1,0,0,0,1,1,1,0,1,1,1,0,0,0,1,0,0,0,0,1,1,1,1,0,0,0,1,0,0,0,0,0,1,0,1,0,0,0,0,1,1,1,1,1,1,0,0,1,1,1,0,1,1,0,1,1,1,1,0,0,1,1,0,1,1,0,1,1,1,0,0,0,1,1,0,1,0,0,1,0,1,1,1,0,1,0,1,0,0,1,1,1,1,0,1,1,0,0,1,0,1,0,0,1,0,1,0,1,0,0,0,1,1,0,0,0,0,0,0,1,1,0,0,0,0.0,-4560.920000000001,1
0,1,0,0,1,0,0,0,1,0,0,1,0,1,0,1,1,0,1,0,1,0,0,1,1,0,1,1,1,1,0,1,1,0,1,0,1,1,1,0,0,1,1,1,0,1,0,1,0,1,0,0,0,0,0,1,0,0,1,1,0,1,1,0,0,0,1,0,1,0,0,0,0,0,1,0,1,1,1,1,1,0,0,1,0,1,1,0,1,0,0,1,0,0,0,1,1,0,0,1,1,0,0,1,1,1,0,1,1,1,0,0,1,1,0,0,1,1,0,1,0,1,1,1,0,0,0,0,1,0,1,1,0,0,1,0,1,1,1,0,1,0,1,0,1,1,0,1,0,0,0,1,0,1,0,0,1,0,0,1,0,0,0,0,0,0,1,0,1,0,0,0,0,1,0,0,1,0,0,1,0.0,-4560.550000000002,1
1,0,1,1,1,1,0,1,0,1,1,0,1,0,1,1,1,0,1,0,1,0,0,1,1,1,0,1,1,0,0,1,1,1,1,0,1,1,0,0,0,1,0,1,0,1,1,0,0,0,0,1,1,0,0,1,1,0,1,0,1,1,1,1,0,1,0,1,0,0,0,1,1,1,0,1,0,0,1,1,1,1,1,0,0,0,0,0,1,0,0,0,0,0,1,1,1,0,0,0,0,1,0,0,0,0,1,1,0,0,1,0,0,1,0,0,1,0,1,1,1,1,0,0,0,0,1,1,0,1,1,1,0,1,0,0,1,0,0,0,0,1,0,0,1,1,0,0,1,1,0,1,0,0,1,0,0,0,0,0,1,0,1,0,0,1,0,0,1,1,0,0,1,1,0,1,0,0,1,1,0.0,-4560.49,1
1,1,0,1,1,0,0,1,0,1,1,0,1,0,1,1,0,0,1,0,1,0,0,0,1,1,1,0,1,0,0,1,1,0,0,0,0,0,0,1,1,1,1,0,0,1,0,1,0,1,0,0,1,0,0,1,1,0,0,0,0,1,1,0,0,0,0,1,1,0,1,0,1,1,0,1,0,0,1,1,0,1,1,0,0,1,1,0,1,1,0,1,0,1,0,1,1,1,0,1,1,0,0,0,1,1,1,1,1,0,1,1,0,1,1,0,1,1,0,1,0,1,1,0,0,0,0,1,1,1,0,0,0,0,1,0,1,1,1,0,0,1,0,0,0,1,1,1,1,0,1,1,0,0,1,1,1,0,0,0,0,0,1,1,0,1,0,1,1,1,0,0,0,0,1,1,1,0,1,0,0.0,-4560.460000000001,1
1,0,1,0,0,1,0,1,0,1,0,0,1,0,0,0,0,0,0,1,1,1,0,0,0,0,0,0,0,0,0,0,1,1,0,1,0,1,0,0,1,0,1,1,1,1,0,0,0,0,0,1,1,1,1,1,0,0,0,1,1,1,0,0,1,1,1,0,0,0,1,0,0,1,1,0,0,0,0,1,0,1,0,1,0,0,0,1,0,1,1,0,1,0,1,0,0,1,0,1,0,1,1,1,0,1,1,0,1,0,0,1,0,0,1,0,0,0,0,1,1,1,1,0,0,1,0,1,1,0,0,1,1,1,1,1,0,0,0,1,0,0,0,1,0,0,0,1,0,0,1,0,1,1,0,1,1,1,1,1,0,1,1,0,1,0,1,1,0,1,1,1,1,0,1,0,1,1,0,0,0.0,-4560.33,1
0,0,0,1,0,1,1,0,1,0,1,1,0,0,1,0,1,1,0,1,0,1,1,1,0,1,1,0,0,0,1,0,0,0,0,1,0,0,0,1,1,0,1,0,1,0,0,0,1,0,1,0,1,1,1,0,1,1,1,0,1,0,0,0,1,1,0,1,0,1,0,0,1,0,0,1,1,1,0,0,0,0,1,0,1,0,0,1,0,1,1,0,1,1,0,0,1,0,1,1,0,1,1,0,1,1,0,0,1,1,1,0,0,0,0,1,0,1,1,0,1,0,1,0,1,1,0,0,0,1,1,0,1,0,1,1,0,1,1,1,0,0,1,1,0,0,1,0,1,0,1,0,1,0,1,0,0,1,1,0,1,1,0,1,1,1,0,0,0,0,1,1,1,1,0,1,1,1,1,0,0.0,-4560.17,1
0,0,1,0,0,0,0,1,0,1,1,1,1,1,1,1,1,0,1,1,1,1,0,0,1,0,1,0,0,0,1,0,1,0,1,0,0,0,0,1,0,0,1,0,0,1,1,1,0,1,0,1,1,1,0,1,0,0,1,1,1,1,1,0,1,0,1,1,1,0,0,0,1,1,0,0,0,0,1,0,0,1,0,1,0,1,1,1,1,1,1,1,0,1,1,1,0,0,1,1,0,0,0,0,0,1,1,0,1,0,0,0,0,1,1,0,1,0,0,1,0,0,1,1,0,0,0,1,1,0,1,0,0,1,1,0,1,0,0,0,0,0,0,1,0,1,1,1,0,0,1,0,0,1,0,1,1,0,1,0,1,1,1,0,0,0,1,0,0,1,0,0,1,1,1,0,1,0,1,1,0.0,-4560.11,1
0,1,1,1,1,0,1,0,1,0,0,0,0,1,1,1,1,1,1,0,0,0,1,1,1,1,1,0,1,1,1,1,0,0,1,0,0,1,1,0,0,1,0,1,0,0,1,0,1,1,1,1,0,0,0,0,1,1,1,0,1,0,1,1,0,0,0,1,1,1,0,1,0,0,0,1,1,1,0,0,0,0,1,0,1,0,1,1,1,1,1,1,0,0,1,0,0,0,1,0,1,1,1,1,0,1,1,1,0,0,1,1,1,1,0,1,1,0,1,0,1,0,0,1,1,0,1,0,0,1,1,1,0,1,0,0,1,0,0,0,1,1,1,1,1,1,0,0,0,0,1,0,0,1,1,0,0,1,0,0,0,0,0,0,0,1,0,0,0,0,0,0,0,1,0,0,0,0,1,1,0.0,-4560.079999999997,1
0,1,0,1,1,0,0,0,1,0,0,0,0,1,1,0,0,0,0,0,1,1,0,0,0,0,1,1,1,1,0,1,1,0,0,1,1,1,1,0,1,0,1,1,1,1,0,1,0,1,0,0,0,0,1,1,1,0,0,0,0,1,0,0,0,0,0,1,1,0,1,0,0,1,0,0,1,1,0,1,1,1,0,0,0,1,1,1,0,0,0,1,1,0,0,1,1,0,0,1,1,0,0,1,1,1,0,0,1,0,1,1,1,0,1,0,0,1,0,1,0,1,1,1,0,1,0,0,1,1,0,1,1,0,1,1,0,1,1,1,1,1,1,1,0,0,1,1,1,0,1,0,1,0,1,0,1,0,1,0,0,0,0,1,1,0,0,0,0,1,1,1,0,0,1,1,1,1,1,0,0.0,-4559.89,1
0,1,0,0,1,1,0,1,0,1,0,0,1,0,0,1,0,0,1,0,1,0,0,0,1,1,0,1,1,0,0,1,0,1,1,0,1,1,0,0,0,1,1,1,0,1,0,1,0,0,0,0,1,1,0,1,0,0,0,1,0,1,1,0,0,1,1,0,0,0,1,0,0,1,1,1,0,0,1,0,1,1,1,0,1,0,0,1,1,0,1,0,0,0,0,1,1,0,1,1,0,0,0,1,1,1,1,1,1,0,0,0,0,1,1,0,1,1,0,1,1,0,1,0,0,0,0,1,1,0,0,1,0,0,1,0,1,1,1,1,0,0,0,1,0,1,1,1,0,0,0,1,0,1,0,1,1,0,0,1,1,0,1,1,0,0,1,0,0,1,1,0,1,0,1,0,1,0,1,1,0.0,-4559.85,1
0,0,1,0,1,1,0,0,1,0,1,1,0,0,0,1,1,0,1,0,1,0,0,1,0,0,1,1,1,1,0,1,1,0,1,1,1,0,1,1,0,1,0,0,0,1,0,0,0,1,0,1,0,0,1,1,0,0,1,1,1,1,1,1,0,1,0,0,0,0,0,1,1,1,1,0,1,1,1,1,1,1,0,1,0,0,1,1,1,1,0,0,0,1,1,1,0,1,0,0,1,1,0,0,0,0,1,1,0,0,0,0,1,0,0,0,1,0,1,1,1,1,0,0,1,0,1,0,0,0,1,0,1,1,0,0,1,0,0,0,1,0,1,1,1,1,1,0,0,1,1,0,0,1,0,0,0,0,0,1,1,0,0,0,1,1,1,1,1,1,0,0,0,1,0,0,0,0,0,1,0.0,-4559.769999999999,1
0,0,1,0,0,0,1,0,1,0,1,1,0,0,0,1,1,1,1,1,0,1,1,0,1,1,0,0,0,1,1,0,0,1,1,0,0,0,1,1,0,0,1,0,0,0,1,0,1,0,1,1,0,1,0,0,0,1,1,1,1,0,1,0,1,0,0,0,1,1,0,1,1,0,1,1,1,1,1,0,0,0,1,0,1,0,0,1,1,1,0,0,0,1,1,1,0,0,1,0,1,1,0,0,0,1,0,0,1,0,0,1,1,1,1,1,1,0,1,0,1,0,0,0,0,0,0,0,0,0,1,0,0,1,1,0,1,0,0,0,1,0,1,1,0,1,0,0,0,0,1,1,0,1,0,0,0,0,1,1,0,1,0,0,0,1,1,0,0,0,0,0,0,1,1,0,1,0,0,1,0.0,-4559.679999999999,1
0,1,0,1,0,1,0,1,0,1,0,0,1,0,1,1,0,0,1,1,1,0,0,1,1,1,0,1,1,0,0,0,1,1,1,0,1,1,0,0,1,1,1,1,0,0,0,0,1,0,0,0,1,1,0,1,1,0,0,0,0,0,1,0,0,1,1,1,0,0,1,0,0,1,0,1,0,0,1,0,1,1,1,0,0,1,0,1,1,0,1,1,0,0,0,1,0,0,1,1,0,1,0,1,1,1,0,1,1,1,1,0,0,1,0,0,1,1,1,1,0,0,1,0,1,0,0,1,0,1,0,1,0,0,1,0,1,1,1,0,0,0,0,1,0,1,1,1,1,0,0,1,0,0,1,1,0,0,0,0,1,1,1,1,0,1,0,0,0,1,0,0,1,0,0,1,1,0,1,0,0.0,-4559.23,1
1,1,1,1,1,1,0,1,0,1,0,0,1,0,1,1,1,0,1,0,1,0,0,1,0,1,1,1,1,0,1,1,0,0,1,0,1,1,0,0,0,1,0,1,0,1,1,1,0,0,0,1,1,0,1,1,1,0,1,0,0,1,1,1,0,1,0,1,0,0,0,1,0,1,0,1,0,0,0,0,1,1,1,0,1,0,0,0,1,0,1,0,0,0,1,1,0,0,1,0,0,0,0,1,0,0,1,1,0,0,1,0,0,0,0,0,1,0,0,1,1,0,0,0,0,0,1,1,1,1,1,1,1,1,0,0,1,0,0,0,0,0,0,0,1,1,0,0,0,1,0,0,0,1,1,1,1,0,0,0,1,0,1,1,1,1,0,0,1,1,0,0,1,1,0,0,0,0,1,1,0.0,-4559.22,1
0,0,1,0,1,0,0,0,1,0,1,1,0,0,0,1,1,0,1,0,1,0,0,1,1,1,0,0,0,1,1,1,1,1,1,0,0,0,1,1,1,1,1,0,0,1,0,0,0,1,0,1,0,1,0,1,0,0,1,1,1,1,1,0,1,0,0,0,1,0,0,0,1,0,1,1,1,1,1,0,0,0,1,0,0,1,1,0,1,1,0,1,0,1,1,1,0,1,1,1,1,1,0,0,0,1,1,1,1,1,0,1,1,1,0,0,1,0,1,1,0,0,1,0,1,0,0,0,0,0,1,0,0,1,1,0,1,0,0,0,1,1,1,0,0,1,0,1,1,0,1,1,0,0,0,0,0,0,0,1,0,0,0,0,0,1,1,1,1,0,0,0,0,1,0,1,1,0,0,0,0.0,-4558.919999999999,1
0,0,0,1,0,0,1,1,0,1,1,0,1,1,1,0,0,1,0,1,0,1,1,1,0,0,1,1,0,0,0,0,0,0,0,1,1,0,0,1,0,0,1,0,1,0,0,1,1,0,1,0,1,1,1,0,1,1,0,0,1,0,0,0,1,0,1,1,1,1,1,0,1,1,0,0,0,0,0,0,1,1,0,1,1,0,0,1,0,0,0,1,1,1,0,0,1,0,1,1,0,0,1,0,1,0,0,0,1,0,1,0,0,0,0,1,0,0,0,0,1,0,1,1,0,1,0,1,1,1,0,0,1,0,1,1,0,1,1,1,0,0,0,1,0,0,1,1,0,1,0,0,1,1,1,1,1,1,1,0,1,1,1,1,1,0,0,0,0,1,1,1,1,0,0,0,1,1,1,1,0.0,-4558.910000000001,1
1,1,0,1,0,0,0,1,0,1,1,1,1,0,1,0,0,0,0,1,1,1,0,0,1,1,1,1,0,0,0,0,0,0,0,1,1,0,0,1,1,0,1,0,1,0,0,1,1,0,0,0,1,1,0,1,1,0,0,0,0,0,0,0,1,0,0,1,1,0,1,0,1,0,0,1,0,0,1,0,1,1,1,0,1,0,0,1,0,1,1,0,1,1,0,1,1,0,1,1,0,0,0,0,1,1,0,0,1,1,1,0,0,1,1,0,0,1,0,1,1,0,1,0,1,1,0,1,1,1,0,0,0,0,1,1,0,1,1,1,0,0,0,1,0,0,1,1,1,0,1,1,1,0,1,1,1,0,1,0,1,1,1,1,0,0,0,0,0,1,1,1,1,0,1,1,1,1,1,0,0.0,-4558.79,1
1,0,1,0,0,0,1,1,0,1,1,1,1,1,1,0,1,1,0,1,0,1,1,1,0,1,0,0,0,0,0,0,1,1,0,1,0,0,0,1,0,0,1,0,1,1,0,1,0,0,1,1,1,0,1,0,0,1,1,1,1,1,0,0,1,0,0,1,1,1,0,0,1,0,1,1,0,0,0,0,0,0,1,0,0,1,0,0,0,1,0,1,1,1,1,0,0,1,1,1,0,0,1,0,0,1,1,0,1,0,0,0,0,0,0,1,0,0,0,0,0,0,1,1,0,1,0,1,1,0,1,0,1,1,1,1,0,0,0,1,0,0,0,0,0,0,1,1,0,0,1,0,1,1,0,1,1,1,1,0,1,0,1,0,1,0,1,1,1,0,1,1,1,1,0,0,1,1,1,1,0.0,-4558.77,1
1,1,0,0,1,0,1,1,0,1,1,0,1,0,0,1,0,1,1,0,0,0,1,0,1,1,1,0,1,0,0,1,0,0,1,0,0,0,0,1,1,1,0,0,0,0,1,0,1,1,1,0,1,1,0,0,0,1,0,1,0,0,1,1,0,0,0,0,0,1,1,1,1,1,1,1,0,0,0,0,0,1,1,0,1,0,1,1,0,1,0,0,0,1,0,1,1,0,1,0,0,1,0,0,1,0,0,1,0,1,0,0,0,1,1,1,1,1,1,0,1,0,0,0,0,0,1,1,0,0,0,0,1,0,0,0,1,1,1,0,0,1,0,1,1,1,1,0,1,1,1,0,0,0,0,0,0,0,0,1,1,0,1,0,0,1,1,0,0,1,0,0,1,0,1,1,0,0,0,0,0.0,-4558.689999999998,1
1,1,0,1,0,0,1,1,0,1,1,0,1,1,1,0,0,1,0,1,0,1,1,0,0,0,1,0,0,0,0,0,1,0,0,1,0,0,0,1,1,0,1,0,1,0,1,1,1,0,1,0,1,0,0,0,1,1,0,0,0,0,0,0,1,0,0,1,1,1,1,0,1,1,0,0,0,0,0,1,0,1,0,1,0,0,0,1,0,1,0,0,1,1,0,0,1,0,0,1,0,0,1,0,1,1,1,0,1,1,1,1,0,0,1,1,0,1,0,0,1,1,1,1,1,1,0,1,1,1,0,0,1,0,1,1,0,1,1,1,0,1,0,1,0,0,1,1,1,0,1,0,1,0,1,0,1,1,1,0,0,1,1,1,1,0,0,0,0,1,1,1,1,0,1,1,1,1,1,0,0.0,-4558.570000000001,1
0,1,1,1,0,1,0,0,1,0,0,0,0,0,1,1,1,0,1,1,1,0,0,1,1,1,0,0,1,1,1,0,1,1,1,0,0,1,1,0,0,1,1,1,0,1,1,0,0,0,0,1,0,1,0,1,1,0,1,0,0,1,1,0,0,1,1,1,0,0,0,0,0,1,0,1,1,1,0,0,0,1,1,0,0,0,0,1,1,1,0,0,0,0,1,0,1,0,1,1,1,1,1,1,0,1,0,1,1,1,1,1,1,1,0,0,1,0,1,1,1,0,1,0,0,0,0,0,0,1,1,1,0,1,1,0,1,0,0,0,1,0,1,1,0,1,0,1,0,0,1,1,0,1,1,0,0,1,0,0,0,1,0,1,0,1,0,0,0,1,0,0,0,1,0,0,1,0,1,1,0.0,-4558.539999999998,1
0,1,1,0,1,0,0,1,0,1,1,1,1,0,0,1,1,0,1,0,1,0,0,0,1,1,0,1,1,0,0,1,0,1,1,0,1,0,1,1,0,1,1,0,0,1,1,0,0,0,0,1,1,0,0,1,0,0,1,1,0,1,1,0,0,0,1,0,1,0,0,0,1,0,1,1,0,0,1,0,1,0,1,0,1,1,0,0,1,1,1,1,0,1,1,0,0,0,1,1,0,1,1,0,0,1,1,1,1,0,0,1,0,1,1,0,0,0,1,1,0,0,1,0,0,0,0,1,0,0,1,0,0,1,1,0,1,0,0,0,0,0,0,0,0,1,1,1,0,0,1,1,0,1,0,1,0,1,0,1,0,0,1,0,0,1,1,0,1,0,0,0,1,1,1,0,1,0,0,1,0.0,-4558.479999999998,1
0,1,0,0,0,0,0,1,0,1,0,1,1,1,0,0,0,0,0,1,1,1,0,0,0,1,1,0,0,0,0,0,0,0,0,1,0,1,0,0,0,0,1,1,1,0,0,1,1,0,0,0,1,1,1,1,0,0,1,1,0,0,0,0,1,0,1,0,1,0,1,0,0,1,1,1,0,0,0,0,0,1,1,0,1,1,0,1,0,1,1,1,1,0,0,1,0,0,1,1,1,0,0,1,1,1,0,0,1,1,0,1,0,0,1,0,0,1,0,1,0,0,1,1,0,1,0,1,1,0,0,1,1,0,1,1,0,1,1,1,0,0,0,1,0,0,1,1,0,0,1,0,1,1,0,1,1,0,1,1,0,1,1,1,1,1,1,0,0,1,1,1,0,1,1,0,1,1,0,1,0.0,-4558.26,1
0,0,1,1,1,1,0,1,0,1,1,0,1,1,1,1,1,0,1,0,1,0,0,0,1,1,1,1,1,0,1,1,1,0,1,0,1,0,0,1,0,1,1,0,0,1,1,1,0,1,0,1,1,1,0,1,1,0,1,0,1,1,1,0,0,0,0,1,0,0,0,0,1,1,0,1,0,0,1,1,1,1,1,0,0,0,1,1,1,0,0,0,0,1,1,0,0,0,1,1,0,0,1,0,0,1,1,1,1,0,1,1,0,1,1,1,1,0,0,1,1,0,1,1,0,0,0,1,1,1,1,0,0,1,1,0,1,0,0,0,0,1,0,1,0,1,1,1,0,0,0,1,0,1,1,1,1,1,0,0,0,1,1,1,0,0,0,0,0,1,0,0,1,1,1,0,1,0,1,1,0.0,-4558.0999999999985,1
1,1,1,1,0,1,0,0,1,0,0,0,0,1,1,1,1,0,1,1,1,1,0,1,1,0,0,0,0,1,0,0,1,1,0,0,0,1,1,0,0,0,1,1,0,1,0,1,0,1,0,1,0,0,0,1,1,0,1,0,0,1,0,0,1,1,0,1,0,0,0,0,0,0,0,0,1,1,1,1,0,0,0,1,0,0,1,0,1,1,0,0,0,0,1,1,0,1,0,1,1,0,0,1,0,1,1,0,1,0,1,0,1,1,0,0,1,0,0,1,1,1,1,1,0,0,0,0,1,1,1,1,0,1,1,1,1,0,0,1,1,0,1,0,0,1,1,1,0,0,0,1,0,1,1,0,1,0,1,0,1,1,0,1,0,0,0,1,1,0,1,0,0,1,0,0,1,0,1,1,0.0,-4557.980000000002,1
0,1,1,0,1,0,0,0,1,1,0,1,0,0,0,1,1,0,1,0,1,0,0,1,1,1,0,1,1,1,0,1,1,1,1,0,1,1,1,0,0,1,0,1,0,1,0,0,0,0,0,1,0,0,0,1,0,0,1,1,0,1,1,1,0,0,0,0,1,0,0,1,0,1,1,1,1,1,1,1,1,1,1,0,0,1,0,0,1,0,0,1,0,0,1,0,1,0,0,0,0,1,1,1,0,0,1,1,0,0,0,1,1,1,0,0,1,0,1,1,0,1,0,0,1,0,1,1,0,0,1,1,1,1,0,0,1,0,0,0,1,1,0,0,1,1,0,0,0,1,0,0,0,1,0,0,0,1,0,1,0,0,1,0,0,1,1,0,1,1,0,0,1,1,0,0,0,0,0,1,0.0,-4557.929999999998,1
0,1,1,0,1,0,0,1,0,0,0,0,1,0,0,1,1,0,1,0,1,0,0,0,1,1,1,1,1,1,0,1,1,0,1,0,1,1,1,0,0,1,0,1,0,1,1,0,0,0,0,1,0,1,0,1,0,0,1,1,0,1,1,1,0,0,1,0,1,0,0,1,0,0,1,1,0,0,1,0,1,0,1,0,0,0,0,1,0,0,1,1,0,0,1,0,0,0,1,0,1,1,1,1,0,0,0,1,0,0,0,1,1,1,1,0,1,0,1,1,1,0,0,0,1,0,1,0,0,0,1,1,0,1,0,0,1,0,0,0,1,0,1,1,1,1,1,0,0,1,0,1,0,1,0,1,0,1,0,1,0,0,1,1,0,1,1,0,0,0,0,0,0,1,1,0,0,0,0,1,0.0,-4557.919999999998,1
1,1,1,0,0,1,1,0,1,0,0,1,0,1,0,0,1,1,0,1,1,1,0,0,1,0,1,1,0,1,1,0,0,0,0,1,1,1,1,0,0,0,0,1,1,0,1,1,1,1,1,1,0,1,0,0,0,1,1,1,0,0,0,1,1,1,0,0,0,1,0,1,0,0,1,0,1,1,1,0,1,0,0,1,1,0,1,1,0,0,1,0,1,0,1,0,1,1,1,0,0,0,1,1,0,0,1,0,0,0,0,1,1,1,1,1,0,0,0,1,1,0,0,1,0,1,1,0,1,0,1,1,1,1,0,1,0,0,0,1,1,0,1,1,1,0,1,0,0,1,0,0,1,1,0,0,1,1,1,1,0,1,0,0,1,0,1,1,0,0,1,1,1,1,1,0,0,1,0,1,0.0,-4557.82,1
1,1,1,0,1,1,0,1,0,1,1,0,1,0,0,1,1,0,1,0,1,0,0,0,1,0,1,1,1,0,0,1,0,0,1,0,1,0,0,1,0,1,0,0,0,1,0,0,0,1,0,1,1,1,0,1,0,0,1,1,0,1,1,1,0,1,0,0,0,0,0,1,1,0,0,0,0,0,0,0,1,0,0,1,1,0,1,1,0,0,1,0,0,1,1,1,0,0,1,0,0,1,0,0,0,0,1,1,0,0,0,0,0,1,1,0,1,0,1,1,1,0,0,0,1,0,1,1,0,0,1,0,0,1,0,0,1,0,0,0,0,0,0,1,0,1,1,0,0,1,0,1,0,1,0,0,0,0,0,1,1,0,1,0,0,1,1,0,0,0,0,0,1,1,1,0,0,0,0,1,0.0,-4557.739999999998,1
1,0,0,0,0,1,0,1,0,1,1,1,1,1,0,0,0,0,0,1,1,1,0,1,0,1,1,0,0,0,0,0,1,0,0,1,0,1,0,0,1,0,0,1,1,1,0,1,0,1,0,0,1,1,1,1,0,0,0,1,1,1,0,1,1,1,0,0,0,0,1,1,1,1,1,1,0,0,1,0,0,1,1,0,0,1,1,1,0,1,0,1,1,0,0,0,1,1,1,0,1,0,1,0,1,1,0,0,0,1,0,1,0,0,0,0,0,1,0,1,0,0,0,1,0,1,1,1,1,0,0,1,1,0,0,1,0,1,1,1,0,1,0,1,1,0,0,0,1,0,1,1,1,0,0,1,1,1,1,1,0,1,1,1,1,0,1,1,0,1,1,1,0,0,0,1,0,1,0,0,0.0,-4557.6,1
1,1,1,1,0,1,0,1,0,1,1,1,1,1,1,1,0,0,1,1,1,1,0,1,0,1,1,0,0,0,0,0,1,0,1,0,0,0,0,1,0,0,1,0,1,1,1,1,0,0,0,1,1,0,1,1,1,0,0,0,0,1,1,0,1,1,0,1,0,0,1,0,1,1,0,1,0,0,1,0,0,1,1,0,0,1,0,0,0,1,0,0,1,1,1,0,0,1,1,1,0,0,1,0,0,1,1,0,1,0,1,0,0,0,0,0,1,0,0,1,0,0,1,1,0,0,0,1,1,1,0,0,1,1,1,0,1,0,0,0,0,0,0,0,0,0,0,0,0,0,1,0,0,1,1,1,1,1,1,0,1,1,1,0,1,0,0,1,1,1,0,0,1,0,0,0,1,1,1,1,0.0,-4557.46,1
1,0,0,1,0,0,0,0,1,0,0,1,0,1,1,0,1,0,0,1,1,1,0,0,1,0,1,0,0,1,1,0,1,0,0,0,0,1,1,0,1,0,1,1,1,1,1,1,0,1,0,0,0,0,0,1,1,0,1,0,1,1,0,0,1,0,0,1,1,0,0,0,0,0,0,0,1,1,1,1,0,0,0,1,0,1,1,0,1,0,0,1,1,0,0,1,1,1,0,1,1,0,0,1,1,1,0,0,1,1,1,0,1,1,1,0,0,1,0,1,0,1,1,1,0,1,0,0,1,1,1,1,1,0,1,1,0,1,1,1,1,1,1,0,0,0,1,1,1,0,0,0,1,0,1,0,1,0,1,0,1,1,0,1,0,0,0,1,1,0,1,1,0,1,1,1,1,1,1,0,0.0,-4557.380000000001,1
0,1,1,0,1,1,1,0,1,0,0,0,0,1,0,1,1,1,1,0,0,0,1,0,1,0,1,0,1,1,1,1,0,0,1,0,0,1,1,0,0,1,0,1,0,0,0,0,1,0,1,1,0,1,0,0,0,1,1,1,0,0,1,1,0,1,1,0,0,1,0,1,0,0,0,0,1,1,0,0,0,0,0,1,1,1,0,1,1,1,1,1,0,0,1,1,0,1,1,0,0,1,0,1,0,0,1,1,0,1,0,0,1,1,1,1,1,0,1,0,0,0,0,1,1,0,1,0,0,0,1,1,0,1,0,0,1,0,0,0,1,0,1,1,1,1,0,0,0,1,1,1,0,1,0,1,0,0,0,1,1,0,0,0,0,0,1,1,0,0,0,0,1,1,1,0,0,0,0,1,0.0,-4557.369999999999,1
1,1,1,0,1,1,1,1,0,1,1,0,1,0,0,1,1,1,1,0,0,0,1,0,1,0,1,1,1,0,1,1,1,0,1,0,1,0,1,1,0,1,0,0,0,0,1,0,1,0,1,1,1,1,0,0,0,1,1,1,0,0,1,1,0,1,0,0,0,1,0,1,1,0,1,0,0,0,0,0,1,0,0,1,0,0,0,1,1,0,0,0,0,1,1,0,0,0,1,0,1,1,1,0,0,1,0,1,0,0,0,0,0,1,1,1,1,0,1,0,1,0,0,0,0,0,1,1,0,0,1,0,0,1,0,0,1,0,0,0,0,0,0,1,1,1,1,0,0,0,0,1,0,1,0,1,0,1,0,1,1,0,1,1,0,0,1,0,0,0,0,0,0,1,1,0,0,0,0,1,0.0,-4557.299999999999,1
1,1,1,0,0,1,0,0,1,0,0,1,0,1,0,0,1,0,0,1,1,1,0,1,0,0,1,0,0,0,0,0,0,0,0,1,0,1,0,0,0,0,1,1,1,0,1,0,1,0,0,1,1,1,1,1,0,0,1,1,0,0,0,1,1,1,1,0,0,0,0,1,0,0,1,0,1,1,1,0,0,0,0,1,1,0,0,0,0,1,0,0,1,0,1,1,0,0,1,0,1,1,0,1,0,0,1,0,0,0,0,0,0,0,0,0,0,0,1,1,1,0,0,1,0,1,1,0,0,0,1,1,1,1,0,1,0,0,0,1,1,0,1,0,1,0,0,0,0,1,0,0,1,1,0,0,0,0,1,1,1,1,0,0,1,1,1,0,0,0,1,1,0,1,0,0,0,1,0,1,0.0,-4557.27,1
0,1,1,1,0,0,0,0,1,0,0,0,0,1,1,1,1,0,1,1,1,0,0,0,1,0,1,0,0,1,1,0,1,0,1,0,0,0,1,1,0,1,1,0,0,1,0,1,0,0,0,1,0,0,0,1,1,0,1,0,0,1,1,0,1,0,1,1,0,0,0,0,0,0,0,0,1,1,1,1,0,0,0,1,0,0,0,0,1,1,1,0,0,1,1,0,0,1,0,1,1,0,1,1,0,1,1,1,1,0,1,1,1,1,1,0,1,0,0,1,1,1,1,1,0,0,0,0,1,1,1,0,0,1,1,0,1,0,0,0,1,1,1,0,0,1,0,1,0,0,1,1,0,1,1,0,1,1,0,0,0,1,0,1,0,0,0,1,1,0,0,0,0,1,1,0,1,0,1,1,0.0,-4557.090000000001,1
1,0,0,1,1,1,0,0,1,0,1,1,0,0,1,1,0,0,1,0,1,0,0,0,1,0,1,0,1,1,0,1,1,0,1,0,0,0,1,1,1,1,1,0,0,1,1,0,0,0,0,0,0,1,0,1,1,0,0,0,1,1,1,0,0,1,1,1,0,0,1,0,1,1,0,0,1,1,1,0,0,1,0,1,0,0,0,1,1,1,0,0,0,1,0,1,1,1,0,1,1,1,0,0,1,1,0,1,1,1,1,0,1,1,1,0,1,1,1,1,1,1,1,0,1,0,0,0,0,1,0,0,0,0,1,0,1,1,1,0,1,0,1,1,0,1,1,1,1,0,1,1,0,0,1,1,0,0,0,0,1,0,1,1,0,1,0,1,0,1,0,0,0,0,1,1,1,0,0,0,0.0,-4557.049999999999,1
1,1,1,1,0,1,1,0,1,0,0,0,0,0,1,0,1,1,0,1,0,1,1,0,0,1,0,0,0,1,1,0,1,1,0,0,0,1,1,0,0,0,1,1,1,0,1,0,1,1,1,1,0,0,1,0,1,1,1,0,0,0,0,0,1,1,1,1,0,1,0,0,0,0,0,1,1,1,0,0,0,0,1,0,0,0,1,1,0,1,1,0,1,0,1,0,0,0,1,1,1,1,1,1,0,1,1,0,1,0,1,1,1,0,1,1,0,0,1,0,1,0,1,0,0,1,0,0,0,1,1,1,0,1,1,1,0,0,0,1,1,1,1,1,0,0,0,0,0,0,1,1,1,1,1,0,0,1,1,0,0,1,0,1,1,1,0,0,0,0,1,1,0,1,1,0,1,1,0,1,0.0,-4557.0199999999995,1
1,1,0,0,0,1,0,1,0,1,1,1,1,1,0,1,0,0,1,1,1,0,0,1,1,1,1,0,0,0,0,0,0,0,1,0,0,0,1,1,0,1,0,0,0,0,0,0,1,0,0,0,1,0,0,1,0,0,0,1,0,0,1,1,1,1,1,0,0,0,1,1,1,1,1,1,0,0,1,0,0,1,1,0,1,0,0,0,1,1,0,0,0,1,0,1,0,0,1,0,0,1,0,0,1,0,0,1,0,0,0,1,0,1,0,0,1,1,1,1,1,0,0,1,1,0,1,1,0,0,0,0,1,0,0,0,1,1,1,0,0,0,0,0,1,1,0,0,0,1,1,0,0,1,0,1,0,0,0,1,0,1,1,1,0,1,1,0,1,1,0,0,1,0,0,0,0,0,0,1,0.0,-4556.909999999999,1
1,0,1,0,0,1,0,0,1,0,1,1,0,0,0,0,1,0,0,1,1,1,0,0,0,0,1,0,0,1,1,0,1,0,0,1,0,1,1,0,1,0,1,1,1,1,0,0,0,0,0,1,0,1,1,1,0,0,0,1,1,1,0,0,1,1,1,0,0,0,0,0,0,0,1,0,1,1,1,0,0,0,0,1,0,0,0,1,0,1,1,0,1,0,1,1,0,1,1,1,1,1,0,1,0,1,1,0,1,0,0,1,1,0,1,0,0,0,1,1,1,0,1,0,0,1,0,0,0,0,1,1,1,1,1,1,0,0,0,1,1,0,1,0,0,0,1,1,1,0,1,0,1,0,0,0,0,0,1,1,0,1,0,0,1,1,1,1,0,0,1,1,0,0,1,1,1,1,0,0,0.0,-4556.359999999999,1
1,0,0,0,0,0,1,0,1,0,1,0,0,0,0,0,0,1,0,1,0,1,1,0,0,0,1,1,0,1,1,0,0,0,0,1,1,0,0,1,1,0,0,0,1,0,0,0,1,0,1,0,0,0,1,0,0,1,1,1,1,0,0,1,1,0,0,0,1,1,1,1,1,0,1,0,1,1,0,0,1,0,0,1,1,1,0,1,0,0,1,1,1,1,0,1,1,1,1,0,1,1,0,0,1,1,0,0,0,1,0,0,1,0,1,1,0,1,1,0,0,0,0,0,0,1,1,0,0,0,0,0,1,0,0,1,0,1,1,1,1,1,1,1,1,0,1,0,1,0,0,0,1,0,0,0,0,0,1,1,1,1,0,1,1,1,1,1,1,0,1,1,0,1,1,1,0,1,0,0,0.0,-4556.320000000001,1
0,1,0,1,1,1,0,0,1,0,0,1,0,0,1,1,0,0,1,0,0,0,1,0,1,0,0,1,1,1,1,1,1,1,1,0,1,1,1,0,1,1,0,1,0,1,0,0,0,1,0,0,0,0,0,1,1,0,0,0,0,1,1,0,0,1,1,1,0,0,1,0,0,1,0,0,1,1,0,0,1,1,0,1,0,0,1,0,1,0,0,0,0,0,0,1,1,1,1,1,1,1,0,1,1,1,1,1,1,0,1,0,1,1,1,0,1,1,1,0,1,0,1,0,0,0,0,0,0,1,0,1,0,0,1,0,1,1,1,0,1,0,1,0,0,1,0,1,1,0,0,1,0,0,1,0,0,0,0,0,1,0,0,1,0,1,0,1,1,1,0,0,0,0,1,1,1,0,1,0,0.0,-4555.69,1
0,0,1,1,0,0,0,1,0,1,0,1,1,1,1,0,1,0,0,1,1,1,0,0,1,0,0,1,0,0,0,0,0,1,0,1,1,1,0,0,0,0,1,1,1,1,0,1,0,1,0,1,1,0,0,1,1,0,1,0,1,1,0,0,1,0,1,1,1,0,0,0,0,0,0,0,0,0,1,1,1,0,0,1,1,1,1,0,0,0,0,1,0,0,1,1,1,1,0,1,0,0,0,1,0,1,1,0,1,0,1,1,0,1,1,0,0,0,0,1,0,1,1,1,0,1,0,1,1,1,1,1,0,1,1,1,0,0,0,1,0,1,0,0,0,0,1,1,0,0,0,1,1,1,1,1,1,0,1,0,0,1,1,0,0,0,0,1,1,0,1,1,1,1,1,0,1,1,1,1,0.0,-4555.660000000001,1
1,0,0,1,1,1,0,1,0,1,0,1,1,0,1,1,0,0,1,0,1,0,0,1,1,1,1,0,1,0,1,1,0,0,1,0,0,1,0,0,1,1,1,1,0,1,0,0,0,1,0,0,1,0,0,1,1,0,0,0,1,1,1,0,0,1,1,1,0,0,1,0,0,1,0,1,0,0,0,0,0,1,1,0,1,0,1,0,1,1,0,0,0,0,0,0,0,0,1,1,0,1,1,1,1,1,1,1,1,1,1,0,0,1,0,0,1,1,1,1,1,0,1,0,1,0,0,1,0,1,0,1,0,0,1,0,1,1,1,0,0,0,0,0,0,1,1,1,1,0,1,1,0,0,0,1,0,1,0,0,1,0,1,1,0,1,0,0,1,1,0,0,1,0,0,1,1,0,1,0,0.0,-4555.5599999999995,1
0,1,1,0,1,0,0,1,0,0,1,1,1,1,1,1,1,0,1,0,1,0,0,1,1,0,0,1,1,0,0,1,1,1,1,0,1,0,0,1,0,1,1,0,0,1,0,0,0,0,0,1,1,1,0,1,0,0,1,1,0,1,1,0,0,0,0,1,1,0,0,0,1,0,1,0,0,0,1,0,1,0,0,1,0,0,0,1,1,0,0,1,0,1,1,1,0,0,1,1,1,1,0,0,0,0,1,1,1,0,0,1,0,1,0,0,1,0,1,1,1,0,1,1,0,0,0,0,0,0,1,0,0,1,1,0,1,0,0,0,0,0,1,1,0,1,1,1,0,1,0,1,0,1,0,1,0,0,0,0,0,0,1,0,0,1,1,0,0,0,0,0,0,1,0,0,1,0,1,1,0.0,-4555.549999999999,1
1,0,1,1,1,0,0,1,0,1,1,1,1,1,0,1,1,0,1,0,1,0,0,1,1,0,1,1,1,0,0,1,1,0,1,0,1,1,0,0,0,1,1,1,0,1,1,1,0,0,0,1,1,1,0,1,1,0,1,0,1,1,1,0,0,0,0,0,1,0,0,0,1,1,0,0,0,0,1,0,1,1,0,1,0,0,0,1,1,0,1,0,0,0,1,1,1,1,1,1,1,0,0,0,0,1,1,1,1,0,1,0,0,1,0,0,1,0,0,1,1,0,1,1,1,0,0,1,1,1,1,1,0,1,1,0,1,0,0,0,0,0,0,1,0,1,0,1,0,0,0,1,0,1,1,1,1,0,0,1,1,0,1,0,0,1,0,1,0,1,0,0,0,1,0,0,1,0,0,1,0.0,-4555.4800000000005,1
0,0,0,0,1,0,0,0,1,0,0,1,0,1,0,1,0,0,1,0,1,0,0,1,1,1,0,1,1,0,0,1,1,1,1,0,1,1,0,0,0,1,1,1,0,1,1,0,0,0,0,0,1,1,0,1,0,0,0,1,1,1,1,0,0,0,0,0,1,0,1,0,0,0,1,1,1,1,0,0,1,0,1,0,0,0,0,1,1,0,1,0,0,0,0,1,1,0,1,1,1,1,0,1,1,1,0,1,1,1,0,1,0,1,0,0,1,1,1,1,1,0,1,1,1,0,0,0,0,0,0,1,1,0,1,0,1,1,1,0,1,0,1,1,0,1,0,1,0,0,0,0,0,1,0,0,0,0,0,1,0,0,0,1,0,1,1,0,0,0,0,0,0,0,0,0,1,0,0,1,0.0,-4555.459999999998,1
0,1,1,1,1,1,0,0,1,0,0,0,0,1,1,1,1,0,1,0,1,0,0,0,1,0,1,1,1,1,1,1,0,0,1,0,1,0,0,1,0,1,1,0,0,1,0,1,0,1,0,1,0,0,0,1,1,0,1,0,0,1,1,0,0,1,0,1,0,0,0,0,1,0,0,0,1,1,1,0,1,0,0,1,1,0,1,1,1,0,0,0,0,1,1,0,0,1,1,1,1,0,1,0,0,1,1,1,1,1,1,0,1,1,1,0,1,0,0,1,1,0,1,1,1,0,0,0,1,1,1,0,0,1,1,0,1,0,0,0,1,0,1,1,0,1,0,1,0,0,0,1,0,1,1,1,1,1,0,0,1,0,0,0,0,0,0,1,0,0,0,0,0,1,1,0,1,0,1,1,0.0,-4555.36,1
0,1,1,1,0,1,1,1,0,1,0,1,1,0,1,0,1,1,0,1,0,1,1,0,0,1,0,0,0,1,1,0,0,1,0,1,0,1,1,0,1,1,1,1,1,0,0,0,1,0,1,1,0,1,1,0,1,1,1,0,0,0,0,0,1,1,0,1,0,1,0,0,0,1,0,1,0,0,1,0,0,1,1,0,1,0,0,1,0,1,1,0,1,0,1,0,0,0,1,1,0,1,1,1,0,1,1,1,1,0,1,1,1,0,1,1,0,0,1,0,1,0,1,0,0,1,0,1,0,1,1,1,1,1,1,1,0,0,0,1,1,0,0,1,0,0,1,1,1,0,1,0,1,0,1,1,0,1,0,0,0,1,1,0,1,0,0,0,0,1,1,1,1,1,1,1,1,1,1,0,0.0,-4555.2599999999975,1
0,0,1,1,0,0,0,0,1,0,1,1,0,1,1,0,1,0,0,1,1,1,0,0,0,0,1,0,0,1,0,0,1,0,0,1,0,0,1,1,1,0,1,0,1,1,1,1,0,1,0,1,0,1,1,1,1,0,1,0,1,1,1,0,1,0,1,1,1,0,0,0,1,0,0,0,1,1,1,0,0,0,0,1,0,1,1,1,0,1,0,1,1,1,1,0,0,0,1,1,1,0,1,0,0,1,1,0,1,0,1,0,1,0,1,0,0,0,0,1,0,0,1,1,0,1,0,0,1,1,1,0,1,1,1,0,0,0,0,0,1,1,1,1,0,0,1,1,1,0,1,0,1,0,1,0,1,1,1,0,1,0,0,0,1,0,0,0,0,0,0,1,0,1,1,1,1,1,1,0,0.0,-4555.14,1
1,1,0,0,1,1,0,0,1,0,1,1,0,1,0,1,0,0,1,0,1,0,0,1,1,0,0,1,1,1,0,1,1,1,0,0,1,0,1,1,1,1,1,0,0,1,1,0,0,1,0,0,0,0,0,1,0,0,0,1,0,1,1,0,0,1,0,0,0,0,1,0,1,0,1,0,1,1,1,0,1,0,0,1,0,0,1,1,1,0,0,0,0,1,0,0,1,0,1,1,0,1,1,0,1,1,0,1,1,1,0,1,1,1,0,0,1,1,1,1,1,0,1,1,1,0,0,0,0,0,0,0,1,0,1,0,1,1,1,0,1,1,1,1,0,1,0,1,1,0,0,0,0,0,0,0,0,1,0,1,0,0,0,0,0,1,1,0,0,0,0,0,1,0,0,1,1,0,0,0,0.0,-4555.089999999998,1
0,1,0,0,1,1,0,0,1,0,1,1,0,1,0,1,0,0,1,0,1,0,0,0,1,0,0,1,1,1,0,1,1,1,1,0,1,0,1,1,0,1,0,0,0,1,1,0,0,1,0,0,0,0,0,1,0,0,0,1,0,1,1,1,0,1,0,0,0,0,1,1,1,0,1,0,1,1,1,1,1,0,0,1,0,0,1,0,1,0,1,0,0,1,0,0,1,0,0,0,1,1,1,0,1,0,0,1,0,1,0,0,1,1,1,0,1,1,1,1,1,1,0,1,1,0,0,0,0,0,0,0,0,0,0,0,1,1,1,0,1,1,1,0,1,1,0,0,0,1,0,1,0,1,0,0,0,1,0,1,0,0,0,0,0,1,1,0,1,0,0,0,0,0,1,0,0,0,0,1,0.0,-4555.009999999998,1
0,1,0,0,0,1,0,1,0,1,0,0,1,1,0,1,0,0,1,1,1,1,0,0,1,0,1,0,0,0,0,0,1,0,1,0,0,1,0,0,1,0,1,1,0,1,0,1,0,0,0,0,1,0,0,1,0,0,0,1,0,1,1,0,1,1,0,0,0,0,1,0,0,1,1,0,0,0,1,0,0,1,0,1,0,1,0,1,1,1,1,1,0,0,0,1,1,1,1,1,0,0,0,1,1,1,0,0,1,1,0,0,0,1,1,0,1,1,0,1,0,0,1,1,0,0,0,1,1,0,0,1,0,0,1,0,1,1,1,0,0,0,1,1,0,1,1,1,1,0,1,1,0,0,0,1,1,0,1,1,1,1,1,1,0,1,1,1,0,1,0,0,1,0,1,1,1,0,0,0,0.0,-4554.820000000001,1
0,0,1,0,1,1,0,1,0,1,0,1,1,0,0,1,0,0,1,0,1,0,0,1,1,0,0,1,1,0,0,1,1,1,1,0,1,1,0,0,0,1,0,1,0,1,1,0,0,0,0,1,1,0,0,1,0,0,0,1,1,1,1,0,0,1,0,0,0,0,1,0,0,1,1,0,0,0,1,0,1,1,0,1,0,0,0,0,1,0,1,0,0,0,1,1,0,0,1,1,0,1,0,1,0,1,1,1,1,0,0,1,0,1,0,0,1,0,1,1,1,0,1,0,0,0,0,1,0,0,0,1,0,1,1,0,1,0,0,1,0,1,0,0,0,1,0,1,0,0,0,1,0,1,0,1,0,0,0,1,0,0,1,0,0,1,1,0,1,1,1,0,1,0,0,0,1,0,0,1,0.0,-4554.749999999999,1
1,1,1,1,1,0,0,0,1,0,0,1,0,0,1,1,1,0,1,0,1,0,0,0,1,1,0,1,1,1,1,1,1,1,1,0,1,1,1,0,0,1,0,1,0,1,0,0,0,1,0,1,0,1,0,1,1,0,1,0,0,1,1,1,0,0,1,1,1,0,0,1,0,0,0,1,1,1,1,0,1,0,1,0,0,0,1,0,1,1,0,0,0,0,1,0,0,1,1,0,1,1,1,1,0,1,1,1,1,0,1,0,1,1,1,0,1,0,1,1,1,0,0,0,0,0,1,0,0,1,1,1,0,1,0,0,1,0,0,0,1,0,1,0,1,1,0,0,0,0,1,1,0,1,1,0,0,1,0,0,1,0,0,0,0,1,0,1,1,0,0,0,0,1,1,0,0,0,1,1,0.0,-4554.359999999999,1
1,0,1,0,1,1,0,0,1,0,0,0,0,0,0,1,1,0,1,0,1,0,0,0,1,1,1,0,1,1,0,1,1,0,1,0,0,1,1,0,0,1,0,1,0,1,1,0,0,1,0,1,0,1,0,1,0,0,1,1,1,1,1,1,0,1,1,0,0,0,0,0,0,0,1,1,1,1,1,0,0,0,1,0,0,0,1,1,1,1,1,0,0,0,1,0,0,1,1,1,1,1,1,1,0,0,1,1,1,0,0,0,1,1,1,0,1,0,1,1,1,0,0,0,0,0,1,0,0,0,1,1,0,1,0,0,1,0,0,0,1,1,1,1,1,1,1,0,0,1,1,0,0,1,0,1,0,1,0,1,1,0,0,1,0,1,1,1,0,0,0,0,0,1,1,0,0,0,0,1,0.0,-4554.189999999997,1
1,0,0,0,1,0,1,1,0,1,0,0,1,0,0,1,0,1,1,0,0,0,1,0,1,1,0,1,1,0,1,1,0,1,1,0,1,1,0,0,1,1,1,1,0,0,0,1,1,1,1,0,1,1,0,0,0,1,0,1,1,0,1,0,0,0,0,0,1,1,1,0,0,1,1,1,0,0,0,0,1,1,1,0,1,0,1,0,1,0,1,1,0,0,0,1,0,0,1,1,1,0,0,1,1,1,1,1,1,1,0,1,0,1,1,1,1,1,0,0,1,0,1,0,0,0,0,1,1,0,0,1,0,0,1,0,1,1,1,0,0,0,0,0,1,1,0,1,1,0,0,1,0,0,0,1,1,0,0,1,0,0,1,1,0,0,1,0,1,1,0,0,0,0,1,1,1,0,0,0,0.0,-4554.150000000001,1
0,1,1,1,0,0,0,1,0,1,0,0,1,0,1,0,1,0,0,1,1,1,0,0,1,1,1,0,0,0,0,0,1,0,0,1,0,1,0,0,0,0,0,1,1,1,0,0,0,1,0,1,1,1,0,1,1,0,1,0,0,1,0,1,1,0,1,1,1,0,0,1,0,1,0,1,0,0,0,0,0,1,1,0,0,0,1,1,0,1,1,1,1,0,1,1,0,0,1,0,0,1,0,1,0,0,0,0,0,0,1,0,0,1,1,0,0,0,1,1,1,0,0,0,1,1,1,1,0,1,1,1,0,1,0,1,0,0,0,1,0,0,0,1,1,0,1,0,0,1,0,0,1,1,1,1,0,0,1,0,1,1,1,1,0,1,0,0,0,1,1,1,1,1,1,0,0,1,1,1,0.0,-4554.120000000001,1
1,1,0,1,1,1,1,0,1,0,1,1,0,1,1,0,0,1,0,0,0,1,1,1,0,0,0,1,1,1,1,1,1,1,0,1,1,0,1,1,1,0,0,0,1,1,0,1,0,1,1,0,0,0,1,0,1,1,0,0,0,0,0,1,0,1,0,1,0,1,1,1,1,0,0,0,1,1,0,0,1,0,0,1,0,0,1,0,0,0,0,0,1,1,0,0,1,1,1,0,1,0,1,0,1,0,0,0,0,1,1,0,1,0,0,1,0,1,0,0,1,0,0,1,0,1,1,0,1,1,0,0,1,0,0,1,0,1,1,1,1,0,1,0,1,0,1,0,1,1,0,1,1,0,1,0,1,1,1,0,1,0,0,0,1,0,0,1,1,0,1,1,0,0,0,1,0,1,1,0,0.0,-4553.890000000001,1
1,1,1,0,1,1,0,0,1,0,0,1,0,0,0,1,0,0,1,0,1,0,0,0,1,1,1,0,1,1,1,1,1,0,1,0,0,0,1,1,0,1,0,0,0,1,0,1,0,1,0,1,0,0,0,1,0,0,0,1,0,1,1,1,0,1,1,0,0,0,1,1,0,0,1,1,1,1,1,0,0,1,1,0,0,0,1,1,1,1,0,0,0,1,1,1,0,0,1,0,1,0,0,0,0,0,1,1,0,0,0,0,1,1,1,0,1,0,0,1,1,0,0,0,0,0,1,0,1,0,0,0,0,1,0,0,1,0,0,0,1,1,1,1,1,1,1,0,0,1,1,1,0,1,0,0,1,0,0,1,1,0,0,0,0,0,1,0,0,1,0,0,0,0,1,0,0,0,0,1,0.0,-4553.87,1
0,0,0,0,1,1,0,1,0,1,1,0,1,1,0,1,0,0,1,0,1,0,0,1,1,0,0,1,1,0,1,1,1,1,1,0,1,0,0,1,1,1,1,0,0,1,1,1,0,1,0,0,1,1,0,1,0,0,0,1,1,1,1,0,0,1,1,0,0,0,1,1,1,1,1,0,0,0,0,1,1,1,0,1,0,1,1,1,0,0,1,0,0,1,0,0,1,1,0,0,0,0,1,0,1,0,0,1,1,1,0,1,0,1,0,0,1,1,0,1,0,1,1,1,0,0,0,1,1,0,0,0,0,0,1,0,1,1,1,0,0,1,0,1,0,1,0,1,1,1,0,1,0,0,0,1,1,1,0,1,0,0,1,1,0,0,1,1,0,1,0,0,1,0,0,1,1,0,0,0,0.0,-4553.79,1
0,0,1,1,1,0,0,1,0,1,0,1,1,1,1,1,1,0,1,0,1,0,0,0,1,0,0,1,1,0,0,1,1,1,1,0,1,0,0,1,0,1,1,0,0,1,1,1,0,0,0,1,1,1,0,1,1,0,1,0,1,1,1,0,0,0,0,1,1,0,0,0,1,0,0,0,0,0,1,0,1,0,0,1,0,0,0,1,1,0,0,1,0,1,1,1,1,0,1,1,0,0,0,0,0,1,1,1,1,0,1,0,0,1,1,0,1,0,0,1,1,0,1,1,0,0,0,1,1,1,1,0,0,1,1,0,1,0,0,0,0,0,0,1,0,1,1,1,0,0,0,1,0,1,1,1,1,0,0,0,1,0,0,0,0,0,0,0,0,0,0,0,1,1,1,0,1,0,1,1,0.0,-4553.73,1
1,0,1,1,0,1,1,1,0,1,1,1,1,0,1,1,1,1,1,1,0,1,1,1,1,0,1,0,0,0,1,0,1,0,1,0,0,0,0,1,0,0,0,0,0,0,1,1,1,0,1,1,1,0,0,0,1,1,1,0,0,0,1,0,1,1,0,1,0,1,0,0,1,1,0,0,0,0,0,1,0,1,0,1,0,0,0,0,1,1,0,0,0,1,1,1,0,1,0,1,0,0,0,0,0,0,1,0,1,0,1,0,0,1,0,1,1,0,0,0,1,1,1,0,0,0,0,1,1,1,1,0,0,1,1,0,1,0,0,0,0,1,0,0,0,1,0,1,0,1,1,1,0,1,1,1,1,0,1,0,1,1,1,0,0,0,0,1,1,1,0,0,1,1,0,0,1,0,1,1,0.0,-4553.700000000002,1
0,0,0,1,0,0,0,1,0,1,1,1,1,0,1,0,0,0,0,0,1,1,0,0,0,1,0,1,0,0,0,1,1,1,0,1,1,0,0,1,1,0,1,0,1,1,0,0,0,0,0,0,1,0,1,1,1,0,0,0,1,1,0,0,1,0,0,1,1,0,1,1,1,1,0,1,0,0,1,0,1,1,1,0,0,1,0,0,0,0,0,1,1,1,0,0,1,0,1,1,0,1,1,0,1,1,0,0,1,1,1,1,0,0,1,0,0,1,1,1,0,0,1,0,0,1,0,1,0,1,0,0,1,0,1,1,0,1,1,1,0,1,0,0,0,0,1,1,1,0,1,0,1,0,1,1,0,1,1,0,0,1,1,1,1,1,0,0,1,1,1,1,1,0,1,1,1,1,1,0,0.0,-4553.59,1
0,1,0,1,0,1,0,1,0,1,1,0,1,1,1,0,1,0,0,1,1,1,0,0,0,1,1,1,0,0,1,0,1,0,0,1,1,1,0,0,0,0,1,1,1,1,1,1,0,1,0,0,1,0,1,1,1,0,1,0,0,1,0,0,1,1,0,1,0,0,0,0,1,1,0,1,0,0,0,1,1,1,1,0,0,0,1,1,0,1,0,0,1,0,0,1,1,0,1,1,0,0,0,0,1,1,0,0,1,1,1,0,0,0,1,0,0,1,0,1,1,0,1,1,0,1,0,1,1,1,1,1,1,0,1,1,0,1,1,1,0,0,0,1,0,0,1,1,0,0,1,0,1,1,1,1,1,0,1,0,1,1,1,1,1,0,0,0,0,1,1,1,1,1,1,0,1,1,1,1,0.0,-4553.58,1
1,1,0,1,0,1,0,1,0,1,0,1,1,0,1,0,0,0,0,1,1,1,0,1,0,0,0,0,0,0,0,0,1,1,0,1,0,0,1,0,1,0,1,1,1,0,0,1,1,0,0,0,1,0,1,1,1,0,0,0,0,1,0,0,1,1,1,1,0,0,1,0,0,1,0,0,0,0,1,1,0,1,0,1,0,0,0,0,0,1,0,0,1,0,0,1,1,1,0,1,0,0,0,1,1,1,0,0,1,1,1,0,0,0,0,0,0,1,0,1,1,1,1,0,1,1,0,1,1,1,0,1,1,0,1,1,0,1,1,1,0,1,0,0,0,0,0,1,1,0,1,0,1,0,1,1,1,0,1,0,1,1,1,1,1,0,0,1,1,1,1,1,1,0,0,1,1,1,1,0,0.0,-4553.520000000001,1
0,0,1,1,0,1,0,0,1,0,0,0,0,0,1,0,1,0,0,1,1,1,0,1,0,1,0,1,0,1,0,0,1,1,0,1,0,1,1,0,0,0,0,1,1,1,1,1,0,1,0,1,0,0,1,1,1,0,1,0,1,1,0,0,1,1,1,1,0,0,0,0,0,0,0,1,1,1,0,0,1,0,1,0,0,1,1,0,0,0,0,0,1,0,1,1,0,1,1,1,1,0,0,1,0,0,1,0,1,0,1,1,1,0,0,0,0,1,0,1,0,0,1,0,0,1,0,0,1,1,1,1,1,1,1,1,0,0,0,1,1,0,1,0,0,0,0,1,0,1,0,0,1,1,1,0,1,0,1,0,0,1,0,1,1,0,0,1,1,0,1,1,0,1,0,0,1,1,1,1,0.0,-4553.470000000002,1
1,1,1,1,1,1,1,1,0,1,1,1,1,0,1,1,1,1,1,0,0,0,1,1,1,1,0,1,1,0,1,1,1,1,1,0,1,0,0,1,1,1,0,0,0,1,1,0,0,0,1,1,1,1,0,0,1,1,0,0,0,1,1,1,0,0,0,1,0,1,0,1,1,1,0,1,0,0,0,0,1,1,1,0,0,0,0,1,1,0,1,0,0,1,1,0,0,0,1,0,0,1,1,0,0,0,1,1,0,0,1,0,0,1,0,1,1,0,1,0,1,0,0,0,1,0,1,1,0,1,1,0,0,1,0,0,1,0,0,0,0,0,0,1,1,1,0,0,1,1,0,1,0,0,1,1,0,1,0,0,1,0,1,1,0,1,0,0,0,1,0,0,1,0,0,1,0,0,1,0,0.0,-4553.409999999997,1
0,0,0,0,1,0,0,1,0,1,0,0,1,0,0,0,0,0,0,0,1,0,0,1,1,1,1,1,1,0,0,1,1,0,0,1,1,1,0,0,1,1,1,1,0,1,0,1,0,1,0,0,1,1,0,1,0,0,0,1,1,1,0,0,0,0,0,0,1,0,1,0,0,0,1,1,0,0,1,0,1,1,1,0,0,1,1,1,1,0,0,1,0,0,0,1,1,0,1,1,0,0,0,1,1,1,0,1,1,1,0,1,0,1,1,0,0,1,0,1,0,0,1,0,0,1,0,1,1,0,0,1,0,0,1,1,0,1,1,1,0,1,0,1,0,1,1,1,1,0,0,1,1,0,0,1,1,0,0,1,0,0,1,1,0,0,1,0,0,1,1,1,1,0,0,1,1,0,0,0,0.0,-4553.11,1
1,1,0,1,0,0,0,1,0,1,0,1,1,0,1,1,0,0,1,1,1,0,0,1,1,1,1,0,0,0,0,0,1,0,1,0,0,1,0,0,1,1,0,1,0,1,0,0,0,0,0,0,1,0,0,1,1,0,0,0,0,1,1,1,0,0,1,1,1,0,1,1,0,1,0,1,0,0,1,1,0,1,1,0,0,1,0,0,1,1,0,1,0,0,0,1,1,0,0,0,0,1,0,1,1,1,0,1,0,0,1,1,0,1,0,0,1,1,1,1,0,1,0,0,1,0,1,1,0,1,0,1,0,0,0,0,1,1,1,0,0,0,0,0,1,1,0,0,1,0,1,0,0,0,1,1,0,0,0,0,0,1,1,0,0,0,0,0,1,1,0,0,1,0,0,1,0,0,1,0,0.0,-4552.959999999999,1
0,1,1,1,1,0,1,1,0,1,0,1,1,0,1,1,1,1,1,0,0,0,1,0,1,1,1,1,1,0,1,1,0,0,1,0,1,0,0,0,0,1,0,1,0,0,1,0,1,0,1,1,1,1,0,0,1,1,1,0,0,0,1,1,0,0,0,1,1,1,0,1,0,0,0,1,0,0,0,0,1,0,1,0,1,1,0,1,1,0,1,1,0,0,1,1,0,0,1,0,1,1,0,1,0,0,1,1,0,0,1,0,0,1,1,0,1,0,1,0,0,0,0,0,0,0,1,1,0,1,1,0,0,1,0,0,1,0,0,0,0,1,0,1,1,1,0,0,0,1,0,1,0,1,1,1,0,0,0,0,1,0,1,1,0,1,0,0,0,0,0,0,0,1,1,0,0,0,1,1,0.0,-4552.909999999999,1
0,1,1,0,0,0,0,0,1,0,1,1,0,1,0,0,1,0,0,1,1,1,0,1,0,0,1,0,0,1,0,0,1,0,0,1,0,1,1,0,1,0,0,1,1,1,0,0,0,0,0,1,0,0,1,1,0,0,1,1,0,1,0,1,1,0,0,0,1,0,0,1,1,0,1,0,1,1,1,1,0,0,0,1,0,0,0,0,0,1,1,1,1,0,1,1,0,0,0,0,1,1,0,0,0,0,1,0,1,0,0,0,1,0,0,0,0,0,1,1,1,1,0,1,0,1,1,0,0,0,1,1,1,1,0,1,0,0,0,1,1,1,1,0,1,0,0,0,1,1,1,1,1,0,0,1,0,0,1,1,1,1,0,0,1,1,1,0,1,0,1,1,0,1,0,1,0,1,0,0,0.0,-4552.790000000001,1
0,0,1,0,1,1,0,0,1,0,0,1,0,0,1,1,0,0,1,0,0,0,1,0,1,1,0,1,1,1,0,1,1,1,1,0,1,1,1,0,1,1,1,1,0,1,0,0,0,0,0,1,0,1,0,1,0,0,0,1,1,1,1,0,0,1,1,0,0,0,1,0,0,0,1,1,1,1,0,0,1,0,1,0,0,1,0,1,1,0,1,0,0,0,1,1,0,1,1,1,1,1,0,1,0,1,1,1,1,0,0,0,1,1,1,0,1,0,1,0,0,0,1,0,0,0,0,0,0,0,0,1,0,1,1,0,1,0,0,0,1,0,1,1,0,1,1,1,1,0,0,1,0,0,0,0,0,0,0,1,1,0,0,0,0,1,1,1,0,0,0,0,0,0,1,1,1,0,0,0,0.0,-4552.659999999998,1
1,0,0,0,0,1,1,0,1,0,1,0,0,0,0,0,0,1,0,1,0,1,1,1,0,0,1,0,0,1,1,0,0,0,0,1,0,0,1,1,1,0,0,0,1,0,0,0,1,0,1,0,0,0,1,0,0,1,0,1,0,0,0,0,1,1,1,0,0,1,1,0,1,1,1,0,1,1,0,1,0,1,0,1,1,0,0,0,0,1,1,0,1,1,0,0,0,1,0,1,1,1,1,0,1,1,0,0,1,1,0,0,1,0,0,1,0,1,1,0,1,1,1,0,0,1,0,0,0,0,0,0,1,0,1,1,0,1,1,1,1,0,1,0,0,0,1,1,1,0,0,1,1,0,0,0,0,1,1,1,1,1,0,0,1,1,1,1,1,1,1,1,0,0,0,1,1,1,0,0,0.0,-4552.5700000000015,1
0,0,1,0,0,0,0,0,1,0,0,0,0,0,0,0,1,0,0,1,1,1,0,0,0,0,0,1,0,1,0,0,1,1,0,1,1,1,1,0,0,0,0,1,1,1,1,0,0,0,0,1,0,1,1,1,0,0,0,1,1,1,0,1,1,0,1,0,1,0,0,1,0,0,1,0,1,1,1,0,1,0,0,1,0,1,0,1,0,1,0,1,1,0,1,1,1,1,1,0,1,1,0,1,0,1,1,0,0,0,0,1,1,0,1,0,0,0,1,1,0,0,0,0,0,1,1,0,0,0,1,1,1,0,0,1,0,0,0,1,1,0,1,1,1,0,1,0,0,0,1,1,1,1,0,0,0,0,1,1,0,1,0,1,1,1,1,1,0,0,1,1,0,0,1,0,0,1,0,1,0.0,-4552.549999999999,1
0,1,0,1,0,1,1,1,0,1,1,0,1,1,1,0,0,1,0,1,0,1,1,0,0,0,1,1,0,0,1,0,0,0,0,1,1,0,0,1,1,0,1,0,1,0,0,1,1,0,1,0,1,0,1,0,1,1,1,0,0,0,0,0,1,1,0,1,0,1,1,0,1,1,0,0,0,0,0,0,1,1,0,1,1,0,0,1,0,0,0,0,1,1,0,0,0,1,1,1,0,0,1,0,1,0,0,0,0,1,1,1,0,0,1,1,0,1,0,0,1,0,1,1,1,1,1,1,1,1,0,0,1,0,0,1,0,1,1,1,0,1,0,1,1,0,1,1,1,1,0,0,1,0,1,1,1,1,1,0,0,1,1,1,1,0,0,1,0,1,1,1,1,1,1,1,0,1,1,0,0.0,-4552.440000000001,1
1,0,1,0,1,0,1,0,1,0,1,1,0,1,0,1,0,1,1,0,0,0,1,1,1,0,0,1,1,1,1,1,0,1,1,0,1,1,1,0,1,1,1,1,0,0,0,1,1,1,1,1,0,0,0,0,0,1,0,1,1,0,1,0,0,0,0,0,1,1,1,0,1,1,1,0,1,1,0,1,1,1,0,1,1,1,1,0,1,0,0,1,0,0,1,1,0,1,0,1,1,0,0,0,0,1,1,1,1,1,0,0,1,1,0,1,1,0,1,0,0,1,1,1,1,0,0,0,1,0,0,1,0,1,1,0,1,0,0,0,1,1,1,0,0,1,1,1,0,0,0,1,0,1,0,0,1,0,0,1,1,0,0,0,0,0,1,1,1,1,0,0,0,0,0,0,1,0,0,0,0.0,-4551.86,1
1,0,1,0,1,1,1,0,1,0,0,0,0,0,0,0,1,1,0,0,0,0,1,1,1,0,0,1,1,1,1,1,0,1,0,1,1,1,1,0,1,1,0,1,0,0,0,1,1,0,1,1,0,0,0,0,0,1,1,1,1,0,0,1,0,1,1,0,0,1,0,1,0,0,1,0,1,1,0,1,1,0,0,1,1,0,0,0,0,0,1,0,0,0,1,1,0,1,0,0,1,0,0,1,0,1,1,1,0,0,0,0,1,1,0,1,0,0,0,1,1,1,0,0,0,1,1,0,1,0,1,1,0,1,0,1,0,0,0,1,1,1,1,0,1,1,1,0,1,0,0,1,1,0,0,0,1,0,0,1,1,0,0,0,0,0,1,1,1,0,1,1,0,1,0,1,0,0,0,0,0.0,-4551.840000000001,1
0,1,0,0,0,0,0,1,0,1,1,0,1,0,0,0,0,0,0,1,1,1,0,1,0,1,1,1,0,0,0,0,1,0,0,0,1,1,0,1,1,0,1,0,1,1,1,0,0,0,0,0,1,0,1,1,0,0,0,1,0,1,0,0,1,0,0,0,1,0,1,0,1,1,1,1,0,0,1,0,1,1,1,0,0,1,0,0,0,0,0,1,1,1,0,0,1,0,1,1,0,1,1,0,1,1,0,0,1,0,0,1,0,0,0,0,0,1,1,1,0,0,1,0,1,1,0,1,0,0,0,1,1,0,1,1,0,1,1,1,0,0,0,0,0,0,1,1,1,0,1,0,1,0,0,0,0,1,1,1,0,1,1,1,1,1,1,0,1,1,1,1,1,0,0,1,1,1,0,0,0.0,-4551.78,1
1,0,0,0,1,1,0,1,0,1,0,0,1,0,1,1,0,0,1,0,1,0,0,1,1,0,1,1,1,0,0,1,0,0,1,0,1,0,0,1,1,1,1,0,0,0,0,0,1,0,0,0,1,0,0,1,0,0,0,1,1,1,1,0,0,1,0,1,0,0,1,0,0,1,1,0,0,0,0,1,1,1,0,1,1,0,0,0,1,0,1,0,0,1,0,1,1,1,0,1,0,1,0,0,1,1,0,0,1,1,0,0,0,1,0,0,1,1,1,1,1,1,1,0,0,0,0,1,0,0,0,0,0,0,1,0,1,1,1,0,0,1,0,0,0,1,0,1,1,0,0,1,0,0,0,1,0,0,0,0,1,0,1,0,0,1,1,1,1,1,0,0,1,0,0,1,1,0,1,0,0.0,-4551.749999999999,1
0,0,1,0,0,1,0,0,1,0,0,1,0,0,0,1,1,0,1,1,1,0,0,0,0,1,1,0,0,1,0,0,0,0,1,0,0,1,1,0,0,1,0,1,0,0,1,0,1,1,0,1,0,1,1,1,0,0,1,1,1,0,1,1,1,1,1,0,0,0,0,1,0,0,1,1,1,1,1,0,0,0,1,0,1,0,1,1,1,1,1,0,0,0,1,0,0,1,1,0,1,1,1,1,0,1,1,1,0,0,0,0,1,0,1,0,1,0,1,1,1,0,0,0,1,0,1,0,0,0,1,1,1,1,0,0,1,0,0,0,1,0,1,1,1,1,1,0,0,0,1,0,0,1,0,1,0,1,0,1,1,1,0,1,1,0,1,1,0,0,0,0,0,1,1,0,0,0,0,1,0.0,-4551.519999999999,1
0,1,0,1,1,1,1,0,0,0,0,0,1,0,1,1,0,1,1,0,0,0,1,0,1,0,0,1,1,1,0,1,0,1,1,0,1,1,1,0,1,1,1,1,0,0,1,0,1,0,1,0,0,1,0,0,1,1,0,0,0,0,1,1,0,1,0,1,0,1,1,1,0,0,0,0,1,1,0,1,0,0,0,1,1,0,0,1,1,1,1,0,0,0,0,1,1,1,0,0,1,1,0,1,1,0,0,1,0,1,1,0,1,1,1,1,1,1,1,0,1,1,0,0,0,0,1,0,0,1,0,1,0,0,0,0,1,1,1,0,1,1,1,1,1,1,1,0,1,1,1,1,0,0,1,0,0,0,0,0,1,0,0,1,0,1,0,1,0,0,0,0,0,0,1,1,0,0,1,0,0.0,-4551.039999999998,1
0,0,1,0,1,1,0,0,1,0,0,0,0,0,0,1,1,0,1,0,1,0,0,1,0,1,1,0,1,1,0,1,0,0,1,0,0,1,1,0,0,1,0,1,0,0,1,1,1,0,0,1,0,0,1,1,0,0,1,1,1,0,1,1,0,1,1,0,0,0,0,1,0,0,1,1,1,1,1,1,0,0,1,0,1,0,0,0,1,1,0,0,0,0,1,0,0,0,1,0,1,0,1,1,0,0,1,1,0,0,0,1,1,0,0,0,1,0,0,1,1,0,0,0,1,0,1,0,1,0,1,1,1,1,0,0,1,0,0,0,1,1,1,0,1,1,1,0,0,1,0,0,0,1,0,0,1,1,0,1,0,0,0,0,1,0,1,0,1,0,0,0,0,1,0,0,0,0,0,1,0.0,-4550.62,1
1,1,1,1,1,1,0,0,1,0,0,0,0,1,1,1,1,0,0,0,1,0,0,0,1,1,0,1,1,1,1,1,1,1,0,0,1,1,1,0,0,1,1,1,0,1,0,1,0,0,0,1,0,1,0,1,1,0,1,0,0,1,1,0,0,1,0,1,0,0,0,0,0,0,0,1,1,1,1,0,1,0,1,0,0,0,0,1,1,0,1,0,0,0,1,0,0,0,1,1,1,0,1,1,0,1,1,1,1,0,1,1,1,1,1,0,1,0,1,1,1,0,1,1,0,0,0,0,0,1,1,1,1,1,1,0,1,0,0,0,1,1,1,1,0,1,1,1,0,0,0,0,0,1,1,0,0,1,0,0,0,0,0,0,0,1,0,0,0,0,0,0,0,1,1,0,1,0,1,1,0.0,-4550.489999999998,1
1,0,1,0,0,1,0,0,1,0,1,1,0,1,0,1,1,0,1,1,1,0,0,1,1,1,1,0,0,1,0,0,1,0,1,0,0,0,1,1,0,1,1,0,0,1,0,1,0,1,0,1,0,1,0,1,0,0,1,1,1,1,1,0,1,1,1,0,0,0,0,0,1,0,1,1,1,1,1,0,0,0,1,0,0,0,1,0,1,1,1,0,0,1,1,1,1,0,1,1,1,0,0,0,0,1,0,1,1,0,0,1,1,1,0,0,1,0,0,1,1,0,1,1,1,0,0,0,1,0,1,0,0,1,1,0,1,0,0,0,1,0,1,0,0,1,0,0,0,0,0,1,0,1,0,1,1,0,0,1,0,1,0,1,0,1,1,0,0,0,0,0,0,1,0,0,1,0,0,1,0.0,-4550.4299999999985,1
0,1,1,1,1,1,1,1,0,1,1,0,1,1,1,1,1,1,1,0,0,0,1,0,1,1,1,1,1,0,1,1,0,0,0,0,1,0,0,1,0,1,1,0,0,0,1,1,1,1,1,1,1,1,0,0,1,1,1,0,0,0,1,0,0,1,1,1,0,1,0,0,1,0,0,1,0,0,0,1,1,0,1,0,1,1,1,1,1,0,0,0,0,1,1,0,0,0,0,1,0,0,1,0,0,1,1,1,1,0,1,0,0,1,1,1,1,0,1,0,0,1,1,1,0,0,0,1,0,1,1,0,0,1,1,0,1,0,0,0,0,1,0,1,0,1,0,1,0,0,0,1,0,1,1,1,0,1,0,0,1,0,1,0,0,1,0,0,0,0,0,0,1,1,1,0,1,0,1,1,0.0,-4550.419999999998,1
0,1,1,0,0,1,0,1,0,1,1,1,1,1,0,1,1,0,1,1,1,1,0,1,1,0,1,1,0,0,0,0,1,0,0,0,1,0,0,1,1,0,1,0,0,1,0,0,0,1,0,1,1,0,0,1,0,0,1,1,0,1,1,0,1,1,1,0,0,0,0,0,1,1,1,0,0,0,1,1,1,1,0,1,0,0,1,0,1,0,1,0,0,1,1,0,1,0,0,1,0,1,1,0,0,1,1,0,1,0,0,0,0,1,0,0,1,0,1,1,1,1,1,1,1,0,0,1,0,0,1,0,0,1,1,0,1,0,0,0,0,0,0,0,0,1,0,1,0,0,0,1,0,1,0,1,0,1,1,1,1,1,1,1,0,1,1,0,1,1,0,0,1,1,0,0,1,0,0,0,0.0,-4550.419999999999,1
1,0,1,0,1,1,0,0,1,0,1,0,0,0,1,1,0,0,1,0,1,0,0,0,1,1,1,1,1,1,0,1,1,0,1,0,1,0,1,1,0,1,1,0,0,1,1,0,0,1,0,1,0,1,0,1,0,0,0,1,1,1,1,0,0,1,0,1,0,0,1,0,1,0,1,1,1,1,1,0,1,0,1,0,0,0,1,1,1,0,1,0,0,1,1,1,0,0,1,1,1,1,0,0,0,1,1,1,1,1,0,1,1,1,1,0,1,0,1,1,1,0,1,0,0,0,0,0,0,0,0,0,0,1,1,0,1,0,0,0,1,0,0,1,0,1,1,1,0,0,0,0,0,1,0,1,0,0,0,0,0,0,0,1,0,1,1,0,0,0,0,0,0,0,1,0,1,0,1,1,0.0,-4550.389999999998,1
0,1,1,1,1,1,0,1,0,1,1,1,1,0,1,1,0,0,1,0,1,0,0,0,0,1,1,1,1,0,0,1,1,0,1,0,1,0,0,1,0,1,0,0,0,1,1,1,0,0,0,1,1,1,1,1,1,0,1,0,0,1,1,1,0,1,0,1,0,0,0,1,1,1,1,1,0,0,1,0,1,1,1,0,0,1,0,1,1,0,1,0,0,1,1,1,1,0,1,0,0,0,0,0,0,0,1,1,0,0,1,1,0,0,1,0,1,0,0,1,0,0,0,0,1,0,1,1,1,1,1,0,1,1,0,0,1,0,0,0,0,0,0,1,1,1,1,0,0,1,0,0,0,1,1,1,1,0,0,0,0,0,1,1,1,0,0,0,0,1,0,0,1,1,1,0,0,0,1,1,0.0,-4550.37,1
1,1,1,0,0,0,0,1,0,1,1,1,1,0,0,0,1,0,0,1,1,1,0,0,0,0,1,1,0,0,0,0,0,0,0,1,1,0,0,1,0,0,0,0,1,1,1,0,0,0,0,1,1,1,1,1,0,0,1,1,0,1,0,1,1,0,0,0,1,0,0,1,1,0,1,0,0,0,1,0,1,0,0,1,1,1,0,1,0,0,0,1,1,1,1,0,0,1,1,0,0,1,1,0,0,1,1,0,0,0,0,1,0,0,1,0,0,0,1,1,0,0,0,0,0,1,1,1,0,0,1,0,0,1,0,1,0,0,0,1,0,0,0,1,1,0,1,0,0,0,0,1,1,1,0,1,0,1,1,1,0,1,0,1,1,1,1,1,0,0,1,1,1,1,1,0,0,1,0,1,0.0,-4550.3099999999995,1
1,1,1,1,0,1,1,0,1,0,0,0,0,1,1,0,1,1,0,1,0,1,1,1,0,0,0,0,0,1,0,0,0,1,1,1,0,0,1,1,0,0,0,0,1,0,1,1,1,0,1,1,0,0,1,0,1,1,1,0,0,0,0,1,1,1,1,1,0,1,0,1,0,0,0,0,1,1,0,1,0,0,0,0,1,1,0,0,0,1,1,0,1,1,1,1,0,0,0,0,1,0,0,1,0,0,1,0,0,0,1,1,1,0,0,1,0,0,1,0,0,1,0,1,0,1,1,0,1,1,1,0,1,1,0,1,0,0,0,1,1,1,1,0,1,0,1,0,0,1,1,0,1,1,1,0,1,0,1,0,0,1,0,0,1,0,0,0,1,0,1,1,0,1,0,0,0,1,1,1,0.0,-4550.279999999999,1
0,0,0,0,1,1,1,0,1,0,0,0,0,1,1,1,0,1,1,0,0,0,1,1,1,1,0,1,1,1,0,1,0,1,1,0,1,1,1,0,1,1,0,1,0,0,0,1,1,1,1,0,0,0,0,0,0,1,0,1,1,0,1,1,0,1,1,1,0,1,1,1,0,0,1,1,1,1,0,0,1,0,1,0,1,0,1,0,1,0,1,1,0,0,0,0,1,0,1,0,1,0,1,1,1,1,0,1,0,1,0,1,1,1,0,1,1,1,0,0,1,0,0,1,1,0,1,0,1,0,0,1,0,0,0,0,1,1,1,0,1,0,1,0,1,1,1,0,0,0,0,1,0,1,0,0,1,1,0,0,0,0,0,0,0,0,1,0,1,0,0,0,0,0,0,0,0,0,1,0,0.0,-4550.249999999999,1
0,0,0,1,0,0,0,0,1,0,0,1,0,1,0,0,0,0,0,1,1,1,0,0,0,0,0,0,0,1,1,0,1,1,0,1,0,1,1,0,1,0,1,1,1,0,0,0,1,0,0,0,0,0,1,1,1,0,0,0,1,0,0,0,1,0,1,0,0,0,1,0,0,0,0,0,1,1,1,1,0,0,0,1,0,0,0,0,0,1,1,0,1,0,0,1,1,0,0,1,1,1,0,1,1,1,0,0,1,1,1,0,1,0,1,0,0,1,1,1,1,1,1,1,0,1,0,0,0,1,0,1,1,0,1,1,0,1,1,1,1,1,1,0,1,0,1,1,1,0,1,0,1,0,1,0,0,0,1,1,1,1,0,1,1,1,0,0,1,0,1,1,0,0,1,1,1,1,0,0,0.0,-4550.13,1
1,1,1,1,1,0,0,0,1,0,0,1,0,0,1,1,1,0,0,0,1,0,0,1,1,1,0,1,1,1,0,1,0,1,0,0,1,1,0,0,0,1,1,1,0,1,1,0,0,0,0,1,0,1,0,1,1,0,1,0,0,1,1,0,0,0,1,1,1,0,0,0,0,0,0,1,1,1,1,0,1,0,1,0,1,1,0,1,1,0,0,1,0,0,1,1,0,1,1,1,1,1,0,1,0,1,1,1,1,0,1,0,1,1,0,0,1,0,1,1,0,0,1,0,0,1,0,0,0,1,1,1,0,1,1,0,0,0,0,0,1,1,1,1,0,1,1,1,0,0,0,0,0,1,1,0,0,0,0,0,1,0,0,1,0,1,0,1,0,0,0,0,0,1,0,0,1,0,1,1,0.0,-4550.079999999999,1
1,0,0,0,1,0,0,1,0,1,1,1,1,1,0,1,0,0,1,0,1,0,0,1,1,0,0,0,1,0,0,1,0,1,1,0,0,1,0,1,1,1,0,0,0,1,0,0,0,0,0,0,1,1,0,1,0,0,0,1,1,1,1,1,0,0,0,0,1,0,1,1,1,1,1,0,0,0,1,0,0,1,0,1,1,0,0,1,1,1,1,1,0,1,0,0,1,1,1,0,0,1,1,0,1,0,0,1,0,0,0,0,0,1,0,0,1,1,1,1,1,0,0,1,0,0,1,1,0,0,0,1,0,0,0,0,1,1,1,0,0,0,0,1,1,1,0,0,1,1,1,1,0,0,0,1,0,1,0,1,1,0,1,1,0,1,1,1,0,1,0,0,1,0,0,1,0,0,1,0,0.0,-4550.009999999999,1
0,0,0,0,1,1,0,1,0,0,1,1,1,0,0,1,0,0,1,0,1,0,0,1,1,1,1,1,1,0,1,1,1,0,1,0,1,0,0,1,1,1,1,0,0,1,0,1,0,1,0,0,1,0,0,1,0,0,0,1,1,1,1,0,0,1,0,0,0,0,1,0,1,0,1,1,0,0,0,0,1,0,1,0,0,0,1,0,1,1,1,0,0,1,0,1,1,0,1,1,1,0,0,0,1,1,0,1,0,1,0,0,0,1,0,0,1,1,0,1,1,0,1,0,0,0,0,0,1,0,0,0,0,0,1,0,1,1,1,0,0,0,1,0,0,1,1,1,1,0,1,0,0,0,0,1,1,0,0,1,1,0,1,1,0,0,1,0,1,0,0,0,0,0,0,1,1,0,0,0,0.0,-4549.83,1
0,1,1,0,1,1,1,0,1,0,0,0,0,1,0,1,0,1,1,0,0,0,1,0,1,1,1,1,1,1,1,1,1,0,1,0,1,1,1,0,1,1,1,1,0,1,0,1,0,0,1,1,0,1,0,0,0,1,0,1,0,1,1,0,0,0,1,0,0,1,1,0,0,0,1,1,1,1,0,0,1,0,1,0,0,0,0,0,1,0,1,0,0,0,1,1,0,1,1,1,1,0,0,1,0,1,1,1,1,0,0,0,1,1,1,1,1,0,0,0,1,0,1,1,0,0,0,0,1,0,0,1,0,1,1,0,1,0,0,0,1,0,1,0,0,1,1,1,1,0,0,1,0,0,0,0,1,0,0,1,1,0,0,1,0,0,1,1,0,0,0,0,0,0,1,1,1,0,0,0,0.0,-4549.719999999999,1
1,0,0,0,0,1,0,1,1,1,1,0,0,1,0,0,0,0,0,1,1,1,0,0,0,1,1,0,0,0,0,0,0,0,0,1,0,0,0,1,1,0,1,0,1,1,0,0,0,0,0,0,1,0,1,1,0,0,0,1,1,1,0,0,1,1,0,0,0,0,1,0,1,1,1,1,0,0,1,0,0,1,1,0,1,0,0,0,0,1,1,0,1,1,0,1,1,0,1,1,1,1,0,0,1,0,0,0,0,1,0,1,0,0,1,0,0,1,1,1,1,0,1,1,1,1,0,1,0,0,0,0,1,0,0,1,0,1,1,1,0,0,0,0,1,0,1,1,1,1,1,0,1,0,0,1,0,0,1,1,0,1,1,1,1,0,1,0,1,1,1,1,0,0,1,1,1,1,0,0,0.0,-4549.52,1
0,1,1,0,1,0,0,0,1,0,0,0,0,0,0,0,0,0,0,0,1,1,0,1,0,1,1,1,1,1,0,1,1,0,0,1,1,1,1,0,0,0,0,1,1,1,1,0,0,0,0,1,0,1,1,1,0,0,0,1,0,1,0,1,0,0,0,0,1,0,1,1,0,1,1,1,1,1,1,1,1,1,1,0,0,1,0,0,0,0,1,1,1,0,1,1,0,1,1,0,1,1,0,1,0,0,1,0,1,0,0,1,1,0,0,0,0,0,1,1,0,0,0,0,0,1,1,0,0,0,0,1,1,1,0,1,0,0,0,1,1,1,1,0,1,0,0,0,0,1,0,0,1,1,0,0,0,0,1,1,0,0,0,0,1,1,1,1,1,1,1,1,0,0,0,0,0,1,0,1,0.0,-4549.479999999998,1
0,1,0,1,0,0,0,0,1,0,1,0,0,0,1,0,1,0,0,1,1,1,0,0,0,0,0,1,0,1,0,0,1,1,0,1,1,0,1,1,1,0,1,0,1,1,1,1,0,0,0,0,0,1,1,1,1,0,1,0,0,1,0,0,1,0,0,1,1,0,0,0,1,1,0,0,1,1,1,0,1,1,0,1,0,1,0,0,0,0,0,1,1,1,0,1,0,1,1,1,1,0,0,0,1,1,1,0,1,0,1,1,1,0,1,0,0,1,0,1,0,0,1,0,0,1,0,0,1,1,1,0,1,0,1,1,0,1,1,1,1,1,1,0,0,0,1,1,1,0,0,0,1,0,1,0,1,0,1,0,0,1,0,1,1,0,0,1,0,1,1,1,0,1,1,1,1,1,1,0,0.0,-4549.16,1
0,0,1,0,1,1,0,1,0,1,1,1,1,1,0,1,1,0,1,0,1,0,0,1,1,1,1,1,1,0,0,1,1,0,1,0,1,0,0,1,0,1,0,0,0,1,1,1,0,0,0,1,1,0,0,1,0,0,1,1,1,1,1,1,0,1,0,0,0,0,0,1,1,1,0,1,0,0,0,1,1,1,1,1,0,0,0,1,1,1,0,0,0,1,1,0,0,0,0,0,0,0,1,0,0,1,1,1,0,0,0,1,0,1,0,0,1,0,0,1,1,1,0,1,0,0,1,1,1,0,1,0,0,1,0,0,1,0,0,0,0,1,0,1,1,1,0,0,0,0,1,1,0,1,0,1,1,1,0,1,0,0,1,0,0,0,1,0,1,1,0,0,1,1,0,0,0,0,0,1,0.0,-4549.12,1
0,1,0,1,1,0,0,1,0,0,1,1,1,0,1,1,0,0,1,0,1,0,0,0,1,1,1,1,1,0,0,1,0,0,0,0,1,0,0,1,1,1,1,0,0,1,0,0,0,1,0,0,1,1,0,1,1,0,0,0,0,1,1,0,0,0,0,1,1,0,1,0,1,1,0,1,0,0,1,0,1,0,1,0,1,1,1,1,0,1,1,1,0,1,0,1,1,0,1,1,0,1,0,0,1,1,0,1,1,1,1,0,0,1,1,0,1,1,1,1,0,0,1,0,1,0,0,1,0,1,0,0,0,0,1,0,1,1,1,0,0,0,1,1,0,1,0,1,1,0,1,1,0,0,1,1,0,0,0,0,1,0,1,1,0,1,0,0,0,0,0,0,1,0,1,1,1,0,1,0,0.0,-4548.929999999998,1
0,1,1,1,0,1,0,0,1,0,0,0,0,1,1,0,1,0,0,1,1,1,0,0,0,0,1,0,0,1,0,0,1,0,0,0,0,1,1,0,0,0,0,1,1,1,0,1,0,0,0,1,0,0,1,1,1,0,1,0,0,1,0,1,1,1,1,1,0,0,0,1,0,1,0,0,1,1,0,1,0,0,0,1,0,1,0,0,0,1,1,0,1,0,1,0,0,1,0,0,1,0,1,1,0,0,1,0,0,0,1,0,1,0,1,0,0,0,0,1,0,1,0,1,1,1,1,0,1,1,1,1,0,1,0,1,0,0,0,1,1,1,1,0,0,0,1,0,0,1,1,1,1,1,1,0,1,1,1,0,1,1,0,0,1,1,0,1,1,0,1,1,0,1,1,0,0,1,1,1,0.0,-4548.890000000002,1
0,1,0,0,1,0,0,0,1,0,0,1,0,1,0,1,0,0,1,0,1,0,0,0,1,0,1,1,1,1,0,1,0,0,0,0,1,1,1,0,1,1,1,1,0,0,0,1,1,0,0,0,0,0,0,1,0,0,0,1,0,0,1,1,0,0,1,0,1,0,1,1,0,0,1,0,1,1,1,1,1,0,0,1,1,0,0,0,1,0,1,0,0,0,0,1,1,1,0,0,1,0,0,1,1,1,0,1,0,1,0,0,1,1,1,0,1,1,0,1,1,1,0,1,0,0,1,0,1,0,0,1,1,0,0,0,1,1,1,0,1,1,1,0,1,1,0,0,1,0,0,0,0,0,0,0,1,0,0,1,1,0,0,1,0,1,1,1,1,0,0,0,0,0,1,1,0,0,0,0,0.0,-4548.84,1
1,1,0,1,0,0,0,1,0,1,0,1,1,0,0,1,0,0,1,1,1,0,0,1,1,1,1,1,1,0,0,0,0,0,1,0,1,1,0,0,1,1,0,1,0,0,1,0,1,0,0,0,1,1,0,1,1,0,0,0,0,0,1,1,0,0,1,0,1,0,1,1,0,1,0,1,0,0,1,0,1,1,1,0,1,1,0,1,1,0,0,1,0,0,0,0,1,1,1,0,0,1,1,1,1,0,0,1,0,0,1,1,0,1,0,0,1,1,1,1,0,0,0,0,1,0,1,1,0,1,0,1,0,0,0,0,1,1,1,0,0,1,0,1,1,1,0,0,1,1,0,1,0,0,1,1,0,1,0,1,0,1,1,0,0,1,0,1,0,1,0,0,1,0,0,1,0,0,0,0,0.0,-4548.709999999998,1
0,1,0,0,0,1,0,1,1,1,0,1,0,1,0,0,0,0,0,1,1,1,0,0,0,1,0,0,0,0,0,0,1,1,0,1,0,1,0,0,1,0,1,1,1,1,0,1,0,0,0,0,1,1,1,1,0,0,0,1,0,1,0,0,1,0,1,0,0,0,1,0,0,0,0,1,0,0,1,0,0,1,1,0,0,0,0,1,0,1,1,0,1,0,0,0,1,0,1,1,0,0,1,1,1,1,1,0,1,1,0,0,0,0,1,0,0,1,0,1,1,0,1,1,0,1,0,1,1,0,0,1,1,0,1,1,0,1,1,1,0,0,0,1,0,0,1,1,1,0,1,0,1,0,0,1,1,1,1,1,1,1,1,1,1,1,1,0,0,1,1,1,1,0,1,1,1,1,0,0,0.0,-4548.57,1
1,1,0,0,0,1,0,1,0,1,1,1,1,0,0,0,0,0,0,1,1,1,0,0,0,1,0,0,0,0,0,0,0,1,0,1,0,0,0,1,1,0,1,0,1,1,1,1,0,0,0,0,1,1,1,1,0,0,0,1,0,1,0,0,1,1,0,0,0,0,1,0,1,1,1,1,0,0,0,0,0,0,1,0,1,0,0,1,0,1,1,0,1,1,0,1,1,1,1,1,0,0,0,0,1,0,1,0,1,1,0,0,0,0,1,0,0,1,0,1,1,0,1,0,0,1,0,1,1,0,0,0,1,0,1,1,0,1,1,1,0,0,0,1,0,0,1,1,1,1,1,0,1,0,0,1,1,0,1,1,1,0,1,0,1,0,1,1,0,0,1,1,1,0,1,1,1,1,0,0,0.0,-4548.249999999999,1
1,0,1,1,0,1,1,0,1,0,1,0,0,0,1,0,1,1,0,1,0,1,1,0,1,1,1,1,0,1,1,0,0,0,0,1,1,0,1,1,0,0,0,0,0,0,0,0,1,1,1,1,0,0,0,0,1,1,1,0,1,0,0,1,1,1,0,1,0,1,0,1,1,1,0,1,1,1,0,0,1,1,1,0,1,0,1,1,1,0,0,0,0,1,1,0,0,0,1,0,1,1,1,0,0,1,1,0,0,0,1,0,1,1,1,1,0,0,1,0,1,0,0,0,0,1,1,0,0,1,1,0,0,1,0,1,0,0,0,1,1,0,1,1,1,1,1,0,0,0,0,1,1,1,1,1,0,1,1,0,1,1,0,1,0,1,0,0,0,1,1,1,0,1,1,0,0,0,1,1,0.0,-4548.239999999999,1
1,0,1,0,1,1,0,0,1,0,1,1,0,0,1,1,0,0,1,0,1,0,0,1,1,0,1,1,1,1,0,1,1,0,1,0,1,0,1,1,0,1,1,0,0,1,1,0,0,0,0,1,0,0,0,1,0,0,0,1,1,1,1,0,0,1,0,1,0,0,1,0,1,0,1,0,1,1,1,0,1,1,0,1,0,0,0,0,1,0,0,0,0,1,1,1,0,0,1,1,1,1,0,0,0,0,1,1,1,1,0,0,1,1,0,0,1,0,1,1,1,0,1,0,0,0,0,0,0,0,0,0,0,1,1,0,1,0,0,0,1,1,1,0,0,1,0,1,0,1,0,1,0,1,0,1,0,0,0,0,1,0,0,0,0,1,1,0,1,1,0,0,0,0,0,0,1,0,1,1,0.0,-4548.229999999999,1
1,1,1,0,0,1,1,1,0,1,1,0,1,0,0,0,1,1,0,1,0,1,1,1,0,1,1,0,0,0,0,0,1,0,0,1,0,0,0,1,0,0,0,0,1,1,1,0,0,0,1,1,1,1,1,0,0,1,1,1,0,1,0,0,1,1,1,0,0,1,0,0,1,1,1,1,0,0,1,0,0,1,1,0,0,1,0,1,0,1,0,1,1,1,1,0,0,0,1,1,0,1,1,0,0,1,1,0,1,0,0,0,0,0,0,1,0,0,1,0,0,0,1,0,0,1,0,1,0,0,1,0,1,1,1,1,0,0,0,1,0,0,0,1,0,0,1,1,0,0,1,1,1,1,0,1,0,1,1,1,1,1,1,1,1,1,1,0,0,1,1,1,1,1,0,0,1,1,0,1,0.0,-4547.610000000001,1
1,1,1,1,1,0,0,1,0,1,1,1,1,1,1,1,1,0,1,0,1,0,0,1,1,1,0,1,1,0,0,1,1,1,1,0,1,0,1,1,0,1,1,0,0,1,0,1,0,1,0,1,1,1,0,1,1,0,1,0,0,1,1,0,0,0,1,1,1,0,0,0,1,1,0,1,0,0,1,1,0,1,1,0,0,1,1,1,1,0,1,1,0,1,1,1,0,0,1,1,1,0,0,0,0,1,1,1,1,0,1,0,0,1,0,0,1,0,0,1,0,0,1,1,0,0,0,1,1,1,1,0,0,1,1,0,1,0,0,0,0,1,0,1,0,1,0,1,0,0,0,1,0,1,1,1,1,0,0,0,1,0,1,0,0,0,0,0,0,1,0,0,0,1,0,0,1,0,1,1,0.0,-4547.419999999999,1
1,1,1,1,0,0,0,1,0,1,0,0,1,0,1,1,1,0,1,1,1,1,0,1,0,0,1,0,0,0,0,0,1,0,1,0,0,0,0,0,0,0,0,1,1,1,1,1,0,1,0,1,1,0,1,1,1,0,1,0,0,1,1,1,1,0,1,1,1,0,0,1,0,0,0,0,0,0,1,0,0,0,0,1,0,1,1,0,0,1,0,1,1,0,1,1,1,1,0,0,0,0,0,1,0,0,1,0,0,0,1,0,0,0,0,0,1,0,0,1,0,1,0,0,0,0,1,1,1,1,1,0,1,1,0,0,1,0,0,0,0,0,0,0,1,0,0,0,0,1,1,0,0,1,1,0,1,0,1,0,1,1,1,0,1,0,0,1,1,0,0,0,1,1,0,0,0,1,1,1,0.0,-4547.370000000002,1
0,0,0,0,1,0,1,1,0,1,0,0,1,1,0,1,0,1,1,0,0,0,1,0,1,0,0,1,1,0,0,1,0,1,1,0,1,1,0,0,1,1,1,1,0,0,1,1,1,1,1,0,1,0,0,0,0,1,1,1,1,0,1,0,0,0,1,0,1,1,1,0,0,1,1,0,0,0,0,1,1,1,0,1,1,1,1,0,1,0,1,1,0,0,0,1,1,1,0,1,0,0,0,1,1,0,0,1,0,1,0,1,0,1,1,1,1,0,0,0,0,1,1,1,0,0,0,1,1,0,0,1,0,0,0,0,1,1,1,0,0,1,0,0,1,1,1,1,1,1,0,0,0,0,0,0,1,0,0,1,0,0,1,1,0,0,1,1,1,1,0,0,1,1,1,1,1,0,0,0,0.0,-4547.330000000001,1
0,1,1,1,1,1,0,0,1,0,1,1,0,0,0,0,0,0,0,0,1,0,0,0,1,1,1,1,1,1,1,1,1,0,0,1,1,0,1,1,0,1,1,0,0,1,0,0,0,1,0,1,0,0,0,1,1,0,1,0,0,1,0,0,0,1,0,0,0,0,1,0,1,0,0,1,1,1,1,1,1,0,1,0,0,0,1,0,1,0,0,0,0,1,1,1,0,0,0,1,1,1,0,0,0,1,1,1,1,0,1,1,1,1,1,0,0,0,1,1,1,1,1,0,0,1,0,0,0,1,0,0,0,1,1,1,0,0,0,1,1,1,1,0,0,1,0,1,0,0,0,1,1,1,1,0,0,0,0,1,0,0,0,1,0,1,0,0,1,0,1,1,0,1,1,0,1,0,0,1,0.0,-4547.3,1
0,0,1,0,0,0,0,0,1,0,0,1,0,1,0,1,0,0,1,1,1,1,0,0,1,1,0,0,0,1,0,0,0,1,1,0,0,1,1,0,0,0,1,1,0,0,1,0,1,1,0,1,0,1,0,1,0,0,0,1,1,0,1,0,1,0,1,0,1,0,1,1,0,0,1,1,1,1,1,0,0,0,1,0,1,1,1,1,1,1,1,1,0,0,1,0,0,0,1,0,1,1,1,1,0,1,1,0,1,0,0,0,1,1,1,0,1,0,1,1,0,0,0,1,1,0,0,0,0,0,0,1,0,1,1,0,1,0,0,0,1,0,1,1,0,1,1,0,0,0,1,1,0,1,0,0,0,1,1,1,1,1,0,0,0,1,1,0,0,0,0,0,0,0,1,0,1,0,0,1,0.0,-4547.189999999997,1
0,0,1,0,1,0,0,0,1,0,1,1,0,0,0,1,0,0,1,0,1,0,0,1,1,1,0,0,1,1,1,1,1,1,1,0,0,1,1,0,1,1,1,1,0,1,1,0,0,0,0,1,0,0,0,1,0,0,0,1,1,1,0,0,0,0,0,0,1,0,1,0,1,0,1,1,1,1,1,0,0,0,1,0,0,1,0,0,1,1,1,1,0,0,1,1,0,0,1,1,1,1,0,0,0,1,1,1,1,0,0,1,1,1,0,0,1,0,1,1,0,0,1,0,0,0,0,0,0,0,0,1,0,1,1,1,1,0,0,1,1,1,1,0,0,1,0,1,1,0,1,1,0,0,0,0,0,0,0,1,0,0,0,0,0,1,1,0,1,0,1,0,0,0,0,1,1,0,0,0,0.0,-4547.129999999998,1
1,0,1,1,1,0,1,0,1,0,0,1,0,0,1,1,1,1,1,0,0,0,1,1,1,1,1,0,1,1,1,1,0,0,1,0,0,1,1,0,0,1,0,1,0,0,1,1,1,1,1,1,0,1,0,0,1,1,0,0,1,0,1,1,0,0,1,1,1,1,0,1,0,0,0,1,1,1,1,0,0,0,1,0,1,0,1,0,1,1,0,1,0,0,1,1,0,0,1,0,0,0,0,1,0,0,1,1,0,0,1,1,1,1,0,1,1,0,0,0,1,0,0,0,1,0,1,0,1,1,1,1,0,1,0,0,1,0,0,0,1,1,1,0,1,1,1,0,0,1,1,1,0,1,1,0,1,0,0,0,0,0,0,1,0,0,0,0,0,0,0,0,1,0,0,0,0,0,1,1,0.0,-4547.04,1
0,1,1,1,1,1,0,0,1,0,1,1,0,0,1,1,0,0,1,0,1,0,0,0,1,1,1,0,1,1,1,1,1,0,1,0,0,0,1,1,0,1,1,0,0,1,1,1,0,1,0,1,0,1,0,1,1,0,0,0,0,1,1,0,0,1,0,1,0,0,1,0,1,0,0,1,1,1,1,0,0,0,1,0,0,0,1,1,1,1,0,0,0,1,1,1,0,0,1,1,0,0,0,0,0,1,1,1,1,0,1,0,1,1,1,0,1,0,0,0,1,0,1,0,0,0,0,0,1,1,0,0,0,1,1,0,1,0,0,0,1,0,1,1,0,1,0,1,0,0,1,1,0,1,1,1,1,0,0,0,1,0,0,0,0,1,0,0,0,0,0,0,1,0,1,0,1,0,1,1,0.0,-4546.86,1
1,0,1,1,1,0,0,1,0,1,0,1,1,1,1,1,1,0,1,0,1,0,0,1,1,0,1,1,1,0,0,1,1,0,0,0,1,1,1,0,0,1,1,1,0,1,1,0,0,0,0,1,1,0,0,1,1,0,1,0,0,1,1,0,0,0,1,1,1,0,0,0,0,1,0,0,0,0,1,1,1,1,0,1,0,0,0,0,0,0,0,1,0,0,1,1,0,1,0,1,0,1,0,1,0,0,1,1,1,1,1,1,0,1,0,0,1,0,1,1,1,1,1,1,1,0,0,1,0,1,1,1,0,1,1,0,1,0,0,0,0,1,0,0,0,1,1,1,0,1,0,1,0,1,1,1,0,0,0,0,0,0,1,0,0,1,0,1,1,1,0,0,1,1,0,0,1,0,1,1,0.0,-4546.79,1
0,0,0,0,1,0,1,0,1,1,0,0,0,1,0,1,0,1,1,0,0,0,1,1,1,1,1,1,1,1,1,0,0,0,1,0,1,1,1,0,1,1,0,1,0,0,1,0,1,0,1,0,0,0,0,0,0,1,0,1,1,0,1,1,0,0,1,0,1,1,1,1,0,1,1,1,1,1,0,1,1,1,1,1,1,1,0,0,1,0,0,1,0,0,0,0,1,0,0,0,0,1,1,1,1,1,0,1,0,1,0,1,1,1,0,1,1,1,1,0,0,1,0,1,1,0,1,1,0,0,0,1,0,0,0,0,1,1,1,0,1,1,0,0,1,1,0,1,1,0,0,1,0,0,0,0,0,1,0,1,0,0,0,1,0,1,1,0,1,1,0,0,1,0,0,1,0,0,0,0,0.0,-4546.749999999999,1
0,0,1,1,0,1,0,1,0,1,0,0,1,1,0,0,0,0,0,1,1,1,0,0,0,1,1,0,0,0,0,0,1,0,0,1,0,0,0,1,1,0,0,0,1,1,0,1,0,0,0,1,1,0,1,1,1,0,0,0,1,1,0,0,1,1,0,0,0,0,1,0,0,1,0,1,0,0,0,0,0,1,1,0,0,0,0,1,0,1,1,0,1,1,1,1,0,1,1,1,0,0,0,0,0,0,1,0,1,0,1,0,0,0,1,0,0,0,0,1,1,0,1,1,0,1,0,1,1,1,0,0,1,1,1,1,0,0,0,1,0,0,0,1,0,0,1,1,1,1,1,0,1,0,1,1,1,0,1,1,1,1,1,0,1,0,0,1,0,1,1,1,1,0,1,1,1,1,0,0,0.0,-4546.71,1
1,1,1,1,0,1,1,0,1,0,0,0,0,1,1,0,1,1,0,1,1,1,0,1,0,1,1,0,0,1,1,0,0,0,0,1,0,0,1,1,0,0,1,0,1,0,1,0,1,1,1,1,0,1,1,0,1,1,1,0,0,0,0,0,1,1,0,1,0,1,0,0,0,1,0,1,1,1,1,0,0,1,1,0,1,0,1,1,0,1,1,0,1,1,1,0,0,0,1,1,1,1,1,1,0,1,1,0,1,0,1,1,1,0,0,1,0,0,1,1,1,0,1,1,0,1,0,0,0,1,1,0,1,1,1,1,0,0,0,1,1,0,1,1,0,0,1,1,0,0,1,1,1,1,1,1,0,1,1,0,0,1,0,0,1,1,0,0,0,1,1,1,0,1,0,0,1,1,0,1,0.0,-4546.679999999999,1
0,1,0,0,0,0,0,1,0,1,1,0,1,1,0,0,1,0,0,1,1,1,0,1,0,1,0,1,0,0,0,0,1,1,0,1,1,1,0,0,1,0,1,1,1,1,0,1,0,0,0,0,1,1,1,1,0,0,0,1,0,1,0,0,1,0,0,0,1,0,1,0,1,1,1,1,0,0,0,0,1,1,1,0,0,1,0,1,0,1,1,1,1,0,0,1,1,0,1,1,1,0,0,0,1,1,0,0,1,1,0,0,0,0,0,0,0,1,0,1,0,0,1,1,0,1,0,1,1,0,0,1,1,0,1,1,0,1,1,1,0,1,0,1,0,0,0,1,1,0,0,0,1,0,0,1,1,0,1,1,1,1,1,1,1,0,1,0,0,1,1,1,0,0,0,1,1,1,0,0,0.0,-4546.679999999999,1
0,0,1,0,0,0,1,0,1,0,1,0,0,1,0,1,1,1,1,1,0,0,1,1,1,1,1,1,1,1,0,0,0,0,1,0,1,0,1,1,0,1,0,0,0,0,1,1,1,1,1,1,0,0,0,0,0,1,1,1,1,0,1,1,0,0,0,0,1,1,0,1,1,0,0,1,1,1,0,0,1,0,1,0,1,1,1,1,1,0,0,1,0,1,1,0,0,1,1,0,1,0,1,0,0,0,1,1,0,0,0,0,1,1,0,1,1,0,0,0,0,0,0,1,0,0,1,0,1,0,1,0,0,1,0,0,1,0,0,0,1,1,1,1,1,1,1,0,0,1,0,1,0,1,0,1,1,1,0,1,1,1,0,1,0,1,1,1,0,0,0,0,0,1,0,0,0,0,0,1,0.0,-4546.589999999999,1
0,1,1,1,0,0,0,0,1,0,1,1,0,1,1,1,1,0,1,1,1,0,0,1,1,1,0,0,0,1,1,0,0,1,1,0,0,1,1,0,0,1,1,1,0,1,1,1,0,1,0,1,0,1,0,1,1,0,1,0,1,1,1,0,1,0,0,1,1,0,0,0,1,0,0,1,1,1,1,0,0,0,1,0,1,1,1,0,1,1,0,1,0,0,1,1,0,0,1,1,1,0,0,0,0,1,1,1,1,0,1,1,1,1,0,0,1,0,0,1,0,0,1,1,1,0,0,0,1,1,1,1,0,1,1,0,1,0,0,0,1,0,1,0,0,1,0,1,0,0,0,1,0,1,1,0,1,0,0,0,0,1,0,0,0,1,0,0,1,0,0,0,0,1,0,0,1,0,1,1,0.0,-4546.409999999999,1
1,0,0,0,0,0,1,1,0,1,0,0,1,1,0,0,1,1,0,1,0,1,1,0,0,1,1,0,0,0,1,0,0,0,1,1,0,0,0,0,1,0,1,1,1,0,1,0,1,0,1,0,1,1,1,0,0,1,1,1,1,0,0,0,1,0,1,0,1,1,0,0,0,1,1,1,0,0,0,1,0,1,1,0,1,1,0,1,0,1,1,1,1,0,0,1,1,1,1,1,0,1,0,1,1,1,0,0,1,1,0,1,0,0,1,1,0,1,1,0,0,0,1,1,0,1,0,1,0,0,1,0,1,0,1,1,0,1,1,1,0,0,0,1,0,0,1,1,1,0,1,0,1,0,0,1,0,0,1,1,0,0,1,1,1,1,1,1,0,1,1,1,1,1,1,1,1,1,0,0,0.0,-4546.1799999999985,1
0,1,1,1,0,1,0,0,1,0,0,1,0,1,1,1,1,0,1,1,1,1,0,1,1,0,1,0,0,1,0,0,0,0,1,0,0,0,1,1,0,0,1,0,0,0,1,1,1,1,0,1,0,1,0,1,1,0,1,0,0,0,1,0,1,1,1,1,0,0,0,0,0,0,0,0,1,1,1,0,0,0,0,1,1,0,1,0,1,1,0,0,0,1,1,1,0,1,0,1,1,0,0,1,0,1,1,0,1,0,1,0,1,1,0,0,1,1,0,1,1,1,1,1,0,0,0,0,1,1,1,0,0,1,1,0,1,0,0,0,1,0,1,0,0,1,0,1,0,0,1,1,0,1,1,0,1,0,1,0,1,1,0,1,0,0,0,1,1,0,0,0,0,1,0,0,1,0,1,1,0.0,-4546.040000000002,1
1,0,0,1,0,1,0,1,0,1,1,1,1,0,1,1,0,0,1,1,1,1,0,0,1,1,1,0,0,0,0,0,0,0,1,0,0,0,0,1,1,0,0,0,0,0,1,0,1,1,0,0,1,1,0,1,1,0,0,0,1,0,1,1,1,0,1,1,0,0,1,1,1,1,0,1,0,0,1,0,0,1,1,0,1,0,1,1,1,1,0,0,0,1,0,1,1,0,1,0,0,1,0,0,1,1,0,0,0,1,1,1,0,1,1,0,1,1,1,1,1,0,0,0,0,0,1,1,0,1,0,0,0,0,0,0,1,1,1,0,0,1,0,1,0,1,0,0,1,0,1,1,0,0,1,1,0,0,1,0,0,1,1,1,0,1,0,0,0,1,0,0,1,0,1,1,0,0,1,0,0.0,-4545.799999999998,1
0,0,0,0,1,0,0,1,0,1,1,1,1,1,0,1,0,0,1,0,1,0,0,1,1,1,1,1,1,0,0,1,1,0,1,0,1,0,0,1,1,1,1,0,0,1,0,1,0,0,0,0,1,1,0,1,0,0,0,1,0,1,1,0,0,0,0,0,1,0,1,0,1,0,1,1,0,0,1,1,1,0,1,0,0,1,0,0,1,0,1,1,0,1,0,1,1,0,0,1,0,0,0,0,1,1,1,1,1,0,0,0,0,1,0,0,1,1,0,1,0,1,1,1,1,0,0,1,1,0,0,0,0,0,1,0,1,1,1,0,0,1,0,0,0,1,0,1,0,0,0,0,0,1,0,1,1,0,0,1,1,0,1,1,0,0,1,0,1,0,0,0,1,0,0,0,1,0,0,0,0.0,-4545.749999999999,1
0,0,1,1,1,0,0,1,0,1,1,1,1,0,1,1,1,0,1,1,1,0,0,1,1,1,1,1,1,0,0,0,1,0,1,0,1,0,0,1,0,1,1,0,0,1,1,1,0,0,0,1,1,1,0,1,1,0,1,0,0,1,1,0,0,0,0,1,1,0,0,0,1,1,0,1,0,0,0,0,1,1,1,0,0,1,0,0,0,0,1,1,0,1,1,0,0,0,1,1,0,0,1,0,0,1,1,1,1,0,1,1,0,1,0,0,1,0,0,1,0,0,1,0,1,0,0,1,1,1,1,0,1,1,1,0,1,0,0,0,0,0,0,0,0,1,0,1,0,0,0,0,0,1,1,1,1,1,0,0,0,0,1,0,0,0,0,0,1,1,0,0,1,1,0,0,1,0,1,1,0.0,-4545.709999999999,1
0,1,1,0,1,0,0,0,1,0,0,0,0,0,0,1,1,0,1,0,1,0,0,1,1,0,1,0,1,0,0,1,1,0,1,0,0,1,0,0,0,1,1,1,0,1,0,0,0,0,0,1,1,1,0,1,0,0,1,1,0,1,1,1,0,0,1,0,1,0,0,1,0,0,1,0,1,1,1,0,0,0,0,1,0,0,0,1,1,1,0,0,0,0,1,1,0,1,1,0,1,1,0,1,0,0,1,1,0,0,0,0,0,1,0,0,1,0,1,1,1,0,0,0,0,0,1,0,0,0,1,1,0,1,0,0,1,0,0,0,1,1,1,1,1,1,0,0,0,1,1,1,0,1,0,0,0,0,0,1,1,0,0,1,0,1,1,1,0,0,0,0,0,1,0,0,0,0,0,1,0.0,-4545.61,1
0,0,1,0,0,1,0,1,0,1,1,0,1,1,0,1,1,1,1,1,1,0,0,1,1,0,0,0,0,0,0,0,1,1,1,0,0,0,0,1,0,1,1,0,0,1,1,0,0,0,0,1,1,0,0,1,0,0,0,1,1,1,1,0,1,1,0,0,0,0,0,0,1,1,1,0,0,0,0,1,0,1,0,1,0,0,0,0,1,1,1,0,0,1,1,1,0,1,0,1,0,1,0,0,0,0,1,1,1,0,0,0,0,1,0,0,1,0,1,1,1,1,1,1,1,0,0,1,0,0,1,0,0,1,1,0,1,0,0,0,0,1,0,0,0,1,0,1,0,1,1,0,0,1,0,1,0,0,0,1,1,1,1,0,0,1,1,1,1,1,0,0,1,0,0,0,1,0,0,1,0.0,-4545.609999999997,1
1,1,1,0,0,1,0,0,1,0,1,1,0,0,0,1,0,0,1,1,1,0,0,1,1,0,1,0,0,1,0,0,0,0,1,0,0,0,1,1,0,1,1,0,0,1,0,0,0,0,0,1,0,1,0,1,0,0,0,1,0,1,1,0,1,1,1,0,0,0,1,0,1,0,1,0,1,1,1,0,0,0,0,1,1,0,0,1,1,1,1,0,0,1,1,1,0,1,1,1,1,1,0,0,0,0,1,1,1,0,0,0,1,1,0,0,1,0,1,1,1,0,1,0,1,0,0,0,0,0,0,0,0,1,1,0,1,0,0,0,1,0,1,1,0,1,0,1,0,1,1,1,0,0,0,0,0,0,0,1,1,1,0,0,0,1,1,1,0,0,0,0,0,0,0,0,1,0,0,1,0.0,-4545.519999999998,1
0,1,1,0,1,1,0,0,1,0,1,0,0,1,1,1,1,0,1,0,1,0,0,1,1,1,1,1,1,1,1,1,0,0,1,0,1,1,1,0,0,1,0,1,0,0,1,1,1,0,0,1,0,0,0,1,0,0,1,1,0,1,1,1,0,1,0,1,0,0,0,1,1,0,0,1,1,1,0,1,1,0,1,0,1,0,0,0,1,0,0,0,0,0,1,1,0,0,0,0,1,0,0,0,0,0,1,1,0,0,0,1,1,1,0,0,1,0,0,1,1,1,0,1,0,0,1,0,1,0,1,1,0,1,0,0,1,0,0,0,1,0,1,0,1,1,0,0,0,1,0,1,0,1,0,0,1,0,0,0,0,0,0,0,0,1,1,0,1,0,0,0,0,1,0,0,0,0,1,1,0.0,-4545.370000000001,1
1,0,0,0,0,1,1,0,1,0,0,0,0,1,0,0,0,1,0,1,0,1,1,1,0,1,1,0,0,1,1,0,0,0,0,1,0,0,1,1,0,0,0,0,1,0,0,0,1,0,1,0,0,1,1,0,0,1,0,1,1,0,0,1,1,1,0,1,0,1,1,1,0,0,1,1,1,1,0,0,0,0,1,0,1,0,0,1,0,1,0,0,1,1,0,1,0,0,1,0,1,1,0,0,1,0,0,0,0,1,0,1,1,0,0,1,0,1,1,0,1,0,0,1,0,1,1,0,0,0,0,0,1,0,0,1,0,1,1,1,1,1,1,1,1,0,1,1,0,1,1,0,1,1,0,0,0,0,1,0,0,1,0,1,1,1,1,0,0,0,1,1,0,0,0,0,0,1,1,1,0.0,-4545.21,1
0,1,1,1,1,1,1,0,1,0,1,0,0,1,1,0,0,1,0,0,0,0,1,1,1,0,1,1,1,1,1,1,0,0,0,1,1,1,1,0,0,1,1,1,0,0,0,1,1,1,1,1,0,0,0,0,1,1,0,0,0,0,0,0,0,1,1,1,0,1,1,0,1,0,0,0,1,1,0,1,1,0,0,1,1,1,1,0,1,0,1,0,0,0,1,1,0,1,0,1,1,0,0,0,0,1,1,1,1,0,1,1,1,1,0,1,0,0,0,0,0,1,1,1,0,1,0,0,1,1,0,1,0,1,1,1,0,0,0,1,1,1,1,0,0,1,1,0,0,0,0,1,1,1,1,0,1,0,0,0,0,0,0,1,0,0,0,1,1,0,1,1,0,0,0,0,1,0,1,1,0.0,-4545.120000000001,1
0,1,1,0,1,1,1,1,0,1,1,1,1,0,0,1,1,1,1,0,0,0,1,1,1,1,1,1,1,0,1,1,1,0,1,0,1,0,0,1,0,1,1,0,0,0,1,0,1,0,1,1,1,1,0,0,0,1,1,1,0,0,1,0,0,1,0,0,0,1,0,0,1,0,1,1,0,0,0,0,1,1,1,0,0,0,0,0,1,0,1,0,0,1,1,1,0,1,1,1,0,1,0,0,0,0,1,0,1,0,0,1,0,1,0,1,1,0,1,0,1,0,1,0,0,0,0,1,0,0,1,0,0,1,1,0,1,0,0,0,0,0,0,0,0,1,0,1,0,1,0,1,0,1,0,0,0,0,0,1,0,0,1,0,0,0,1,1,1,1,0,0,1,1,0,0,1,0,0,1,0.0,-4545.049999999999,1
0,0,0,1,0,0,0,1,0,1,1,1,1,1,1,0,0,0,0,1,1,1,0,0,0,0,1,1,0,0,0,1,1,0,0,1,1,1,0,0,1,0,1,1,1,1,1,1,0,1,0,0,1,1,1,1,1,0,0,0,1,1,0,0,1,0,0,1,1,0,1,0,1,0,0,0,0,0,1,1,1,0,0,1,0,1,1,1,0,0,1,1,1,0,0,0,1,0,0,1,0,0,1,1,1,1,1,0,1,1,1,1,0,0,1,0,0,0,0,1,0,1,1,1,1,1,0,1,1,1,0,1,1,0,1,1,0,1,1,1,0,1,0,1,0,0,1,1,1,0,0,0,1,0,1,1,1,1,1,0,0,1,1,1,1,0,0,0,0,0,1,1,1,0,1,1,1,1,1,0,0.0,-4544.83,1
0,0,0,1,0,0,1,1,0,1,0,1,1,1,1,1,0,1,1,1,0,0,1,1,1,1,1,1,1,0,1,0,0,0,1,0,1,1,1,0,1,1,1,1,0,0,0,1,1,1,1,0,0,1,0,0,1,1,1,0,1,0,1,0,0,0,1,1,1,1,1,0,0,1,0,1,0,0,0,0,1,1,1,0,1,1,1,1,1,0,1,1,0,0,0,0,1,0,1,1,0,0,1,1,1,1,0,1,1,1,1,0,0,1,0,1,1,1,0,0,0,0,1,1,0,0,0,1,1,1,0,1,0,0,1,0,1,1,1,0,0,0,0,1,0,1,0,1,1,0,1,1,0,0,1,0,1,1,0,0,1,1,1,1,0,0,0,0,0,1,0,0,1,1,0,1,1,0,1,0,0.0,-4544.5199999999995,1
1,1,1,0,0,1,0,0,1,0,1,0,0,0,1,0,1,0,0,1,1,1,0,1,0,1,0,0,0,1,1,0,1,1,1,1,0,1,1,0,1,0,1,1,1,1,1,0,0,0,0,1,0,1,1,1,0,0,1,1,0,1,0,0,1,1,0,1,0,0,0,0,1,0,1,1,1,1,1,0,0,0,1,0,0,0,0,1,0,1,1,0,1,0,1,0,0,0,1,1,1,1,1,0,0,1,1,0,1,1,0,0,1,0,0,1,0,0,1,1,1,0,1,0,0,1,0,0,0,0,1,1,1,1,1,1,0,0,0,1,1,1,1,1,0,0,0,1,1,0,1,0,1,0,0,0,0,1,1,0,1,1,0,0,1,1,1,0,0,0,1,1,0,1,0,1,1,1,1,0,0.0,-4544.479999999999,1
1,1,1,0,0,0,1,1,0,1,1,1,1,1,1,0,1,1,0,1,0,1,1,0,0,1,0,0,0,0,1,0,0,1,0,1,0,0,0,1,0,0,0,0,1,0,1,0,1,0,1,1,1,1,1,0,0,1,1,1,0,0,0,1,1,0,1,1,1,1,0,1,1,1,1,1,0,0,0,0,0,0,1,0,1,1,0,1,0,1,1,1,1,1,1,0,0,1,1,0,0,1,1,0,0,0,1,1,0,0,0,1,0,0,1,1,0,0,1,0,0,0,0,1,1,1,1,1,0,0,1,0,1,1,0,1,0,0,0,1,0,0,0,1,1,0,1,1,0,1,1,1,1,1,0,1,0,1,1,0,0,1,1,1,1,1,1,1,0,0,1,1,1,1,1,0,0,1,1,1,0.0,-4544.439999999999,1
0,1,0,0,1,1,0,1,0,1,1,1,1,1,0,1,0,0,1,0,1,0,0,1,0,0,1,1,1,0,0,1,0,0,1,0,1,0,0,1,0,1,1,0,0,0,0,1,1,0,0,0,1,0,1,1,0,0,0,1,0,0,1,0,0,1,0,1,0,0,1,0,1,1,1,0,0,0,1,1,1,1,0,1,1,1,0,0,1,0,0,0,0,1,0,1,0,1,0,1,0,0,0,0,1,1,0,1,1,1,0,0,0,0,0,0,1,1,0,1,0,1,1,1,0,0,0,1,1,0,0,0,1,0,1,0,1,1,1,0,0,1,0,0,0,1,0,1,0,0,0,0,0,1,0,1,1,0,0,0,1,0,1,1,1,0,1,1,1,1,0,0,1,0,0,0,1,0,1,1,0.0,-4544.35,1
0,0,1,0,0,1,0,0,1,0,0,1,0,1,1,0,1,0,0,1,1,1,0,0,0,0,1,0,0,1,0,0,0,0,0,1,0,1,1,0,1,0,0,1,1,0,1,1,1,1,0,1,0,0,1,1,0,0,1,1,1,0,0,1,1,1,1,1,0,0,0,1,0,0,1,0,1,1,1,1,0,0,0,1,1,0,1,1,0,1,0,0,1,0,1,1,0,0,0,0,1,0,0,1,0,1,1,0,1,0,0,0,1,0,1,0,0,0,0,0,1,1,0,1,0,1,1,0,1,0,1,1,1,1,1,1,0,0,0,1,1,1,1,1,0,0,1,0,1,0,1,0,1,0,0,0,1,0,1,0,1,1,0,0,1,0,1,0,1,0,1,1,0,1,1,1,0,1,1,0,0.0,-4544.3099999999995,1
0,1,0,1,0,0,0,0,1,0,0,1,0,1,1,0,0,0,0,1,1,1,0,0,0,0,0,0,0,0,1,0,1,1,0,1,0,1,0,0,1,0,1,1,1,1,0,1,0,1,0,0,1,0,1,1,1,0,0,0,0,1,0,0,1,0,1,1,1,0,1,0,0,1,0,0,1,1,1,1,0,0,0,1,0,0,1,1,0,0,0,0,1,0,0,0,1,1,0,1,1,0,1,1,1,1,0,0,1,1,1,1,0,0,1,0,0,1,0,1,1,1,1,1,0,1,0,0,1,1,0,1,1,0,1,1,0,1,1,1,0,1,1,1,0,0,1,1,1,0,1,0,1,0,1,0,1,1,1,0,0,1,0,1,1,0,0,1,0,0,1,1,0,0,1,1,1,1,1,0,0.0,-4544.26,1
1,0,0,0,0,0,0,1,0,1,1,0,1,0,0,1,0,0,1,1,1,1,0,0,1,1,0,0,0,0,0,1,0,1,1,0,0,0,0,1,1,0,1,0,0,1,0,1,0,1,0,0,1,1,0,1,1,0,0,0,1,1,1,0,1,0,0,0,1,0,1,0,1,1,1,1,0,0,0,0,0,1,1,0,1,0,1,1,1,1,0,0,0,1,0,1,1,1,1,1,0,0,0,0,1,1,0,0,1,1,0,0,0,1,1,0,1,1,0,1,1,0,1,0,1,0,0,1,1,0,0,0,0,0,1,0,1,1,1,0,0,0,0,1,0,1,1,1,1,0,1,1,0,0,0,1,1,0,1,1,1,1,1,1,0,0,1,1,0,1,0,0,1,0,1,1,1,0,0,0,0.0,-4543.820000000001,1
0,0,1,1,1,0,0,0,1,0,1,1,0,0,1,1,0,0,1,0,1,0,0,1,1,0,0,1,1,0,0,1,0,1,1,0,1,0,0,1,0,1,1,0,0,1,0,0,0,1,0,1,1,1,0,1,1,0,0,0,1,1,1,0,0,0,1,1,1,0,1,0,1,1,0,0,1,1,1,0,1,1,0,1,1,1,1,1,1,0,1,1,0,1,1,1,0,1,1,1,1,1,0,0,0,1,1,1,1,0,1,0,0,1,0,0,1,0,1,1,0,0,1,0,1,0,0,0,0,1,0,0,0,1,1,0,1,0,0,0,0,0,1,0,0,1,0,0,0,0,0,1,0,1,1,0,0,0,0,0,1,0,0,1,0,1,0,1,0,1,0,0,0,0,0,0,1,0,1,1,0.0,-4543.759999999998,1
0,0,1,0,1,0,0,0,1,0,1,0,0,1,1,0,1,0,0,0,1,1,0,0,0,1,1,1,1,1,1,1,1,0,0,1,1,0,1,1,1,0,1,0,1,1,1,0,0,0,0,1,0,1,1,1,0,0,1,1,1,1,0,0,0,0,0,1,1,0,0,0,1,0,1,1,1,1,1,0,1,0,1,0,0,1,0,1,0,0,0,1,1,1,1,1,0,0,1,1,1,1,0,0,0,1,0,0,1,0,0,1,1,0,1,0,0,0,0,1,0,0,1,1,0,1,0,0,0,0,1,0,1,1,1,1,0,0,0,1,1,0,1,1,0,0,1,1,1,0,0,0,1,0,0,0,0,0,1,0,0,0,0,0,1,0,1,0,0,0,1,1,0,1,1,1,1,1,1,0,0.0,-4543.689999999999,1
1,0,1,1,1,1,1,0,1,0,0,0,0,1,1,0,1,1,0,0,0,0,1,0,1,1,1,1,1,1,0,1,0,0,0,1,1,0,1,0,0,1,1,1,0,0,1,1,1,0,1,1,0,0,0,0,1,1,1,0,1,0,0,0,0,1,1,1,0,1,0,0,0,0,0,1,1,1,0,0,1,0,1,0,1,0,0,0,1,0,1,0,0,0,1,0,1,0,1,1,0,0,1,1,0,1,1,1,1,0,1,1,1,1,1,1,0,0,0,0,1,0,1,1,1,1,0,0,1,1,1,0,1,1,1,1,0,0,0,1,1,0,1,0,0,1,1,1,0,0,0,0,1,1,1,0,1,1,0,0,0,0,0,0,0,0,0,0,1,0,1,1,1,1,1,0,1,0,1,1,0.0,-4543.38,1
0,0,1,0,0,1,0,0,1,0,0,0,0,1,0,0,1,0,0,1,1,1,0,1,0,1,1,0,0,1,0,0,1,0,0,1,0,1,1,0,0,0,1,1,1,1,1,0,0,1,0,1,0,1,1,1,0,0,1,1,1,1,0,0,1,0,1,0,0,0,0,0,0,1,1,1,1,1,1,0,0,1,1,0,0,0,1,1,0,1,0,0,1,0,1,0,0,0,1,1,0,1,1,1,0,1,1,0,1,0,0,0,1,0,0,0,0,0,1,1,1,0,1,1,0,1,0,0,0,0,1,1,0,1,1,1,0,0,0,1,1,0,1,1,0,0,0,1,0,0,1,1,1,1,0,0,0,1,1,1,0,1,0,0,1,1,1,0,0,1,1,1,1,1,0,0,1,1,0,1,0.0,-4542.72,1
0,1,0,0,1,0,0,1,0,1,0,1,1,0,1,1,0,0,1,0,1,0,0,0,1,0,1,1,1,0,0,1,1,0,1,1,1,1,0,0,1,1,0,1,0,1,0,0,0,0,0,0,1,0,0,1,0,0,0,1,0,1,1,1,0,0,0,1,1,0,1,1,0,1,1,0,0,0,1,0,1,1,0,1,0,1,0,1,0,0,0,1,0,0,0,1,1,0,1,0,0,1,0,1,1,0,0,0,0,1,0,0,0,1,1,0,1,1,1,1,0,0,0,0,1,0,1,1,0,0,0,1,0,0,0,0,1,1,1,0,0,0,0,1,1,1,0,0,1,1,0,1,0,0,0,1,0,0,0,0,1,0,1,0,0,1,1,0,1,1,0,0,1,0,1,1,0,0,1,0,0.0,-4542.659999999999,1
0,0,1,1,0,1,0,0,1,0,1,0,0,0,1,0,1,0,0,1,1,1,0,0,0,1,0,0,0,1,1,0,1,1,0,1,0,0,1,1,0,0,1,0,1,1,1,0,0,0,0,1,0,1,1,1,1,0,0,0,1,1,0,0,1,1,1,1,0,0,0,0,1,0,0,1,1,1,1,0,0,0,1,0,0,0,0,1,0,1,1,0,1,1,1,1,0,1,1,1,1,1,0,0,0,1,0,0,0,0,1,0,1,0,1,0,0,0,1,1,1,0,1,0,1,1,0,0,0,1,1,0,1,1,1,1,0,0,0,1,1,0,1,1,1,0,0,1,0,0,1,0,1,1,1,1,0,0,1,0,1,1,0,1,1,1,0,1,0,0,1,1,0,0,1,0,1,1,1,1,0.0,-4542.620000000001,1
1,1,0,0,1,0,0,1,0,1,1,1,1,0,0,1,0,0,1,0,1,0,0,1,1,1,1,1,1,1,0,1,1,0,1,0,1,0,1,1,1,1,1,0,0,1,0,0,0,0,0,1,0,0,0,1,1,0,0,0,0,1,1,0,0,0,0,0,1,0,1,0,1,1,1,1,0,0,1,1,1,1,1,0,0,1,0,0,1,0,1,1,0,1,1,1,1,0,0,1,0,1,0,0,0,1,1,1,1,0,0,1,1,1,0,0,1,1,1,1,0,1,1,0,1,0,0,1,0,0,0,0,0,1,1,0,1,1,1,0,1,1,0,0,0,1,0,1,1,0,0,0,0,0,0,1,0,0,0,1,0,0,1,0,0,1,1,0,1,1,0,0,1,0,0,1,1,0,0,0,0.0,-4542.309999999998,1
1,0,0,0,0,1,1,0,1,1,1,1,0,0,0,0,0,1,0,1,0,1,1,0,0,1,1,0,0,0,0,0,0,0,0,1,0,0,0,1,1,0,1,0,1,0,0,1,1,1,1,0,1,1,1,0,1,1,0,0,1,0,0,0,1,1,0,0,0,1,1,0,1,0,1,1,0,0,0,0,0,0,1,0,1,0,1,1,0,1,1,0,1,1,0,0,1,0,1,1,0,0,1,0,1,1,1,0,1,1,0,1,0,0,1,1,0,1,0,0,1,0,1,0,0,1,0,1,1,0,0,0,1,0,1,1,0,1,1,1,0,0,1,1,0,0,1,1,1,0,1,0,1,0,0,0,1,1,1,1,0,1,0,1,1,0,1,0,0,0,1,1,1,0,1,1,1,1,0,0,0.0,-4542.299999999998,1
0,0,1,1,0,1,0,0,1,0,1,0,0,0,1,0,0,0,0,1,1,1,0,0,0,0,0,0,0,1,0,0,0,1,0,1,0,0,1,1,0,0,1,0,1,1,0,1,0,0,0,1,0,1,1,1,1,0,1,0,1,1,0,0,1,1,0,1,0,0,1,0,1,1,0,0,1,1,0,1,0,1,0,1,1,0,0,1,0,0,0,0,1,1,1,1,1,1,1,1,1,0,0,0,0,1,1,0,1,0,1,0,1,0,1,0,0,0,0,1,1,0,1,0,0,1,0,0,1,1,0,0,0,1,1,1,0,0,0,1,1,1,1,1,0,0,1,1,0,0,0,1,1,1,1,0,1,0,1,0,1,1,0,0,1,0,0,1,0,1,1,1,0,1,1,0,1,1,1,1,0.0,-4542.060000000001,1
1,0,0,1,1,0,1,1,0,1,1,0,1,1,1,1,0,1,1,0,0,0,1,0,1,1,1,0,1,0,0,1,0,0,1,0,0,0,0,1,0,1,0,0,0,0,0,1,1,0,1,0,1,0,0,0,1,1,0,0,1,0,1,1,0,0,1,1,1,1,1,1,1,1,0,1,0,0,0,0,0,1,1,0,1,1,0,0,1,0,0,1,0,1,0,0,1,0,1,0,1,0,1,0,1,1,0,1,0,1,1,0,0,1,1,1,1,1,0,0,0,0,0,1,0,0,1,1,1,1,0,0,1,0,0,0,1,1,1,0,0,0,0,0,1,1,1,0,0,0,0,0,0,1,1,0,1,1,0,0,1,0,1,1,0,0,0,0,1,1,0,0,0,0,1,0,0,0,1,1,0.0,-4541.87,1
1,1,1,0,0,1,0,0,1,0,1,0,0,0,0,0,1,0,0,1,1,1,0,1,0,0,1,0,0,1,0,0,1,0,1,1,0,0,1,1,1,0,0,0,1,1,1,0,0,1,0,1,0,1,1,1,0,0,0,1,0,1,0,1,1,1,0,0,0,0,0,1,1,0,1,0,1,1,0,1,0,0,0,1,0,0,1,0,0,1,1,0,1,1,1,0,0,1,0,0,1,1,1,0,0,0,1,0,0,0,0,0,1,0,0,1,0,0,1,1,1,1,0,0,0,1,1,0,0,0,1,0,1,1,0,1,0,0,0,1,1,0,1,0,1,0,1,0,1,1,1,0,1,0,0,0,0,1,1,1,1,1,0,0,1,1,1,1,0,0,1,1,0,0,0,1,0,1,0,0,0.0,-4541.779999999998,1
0,1,0,0,1,1,0,0,1,0,1,0,0,1,0,1,0,0,1,0,1,0,0,0,1,0,0,1,1,1,1,1,0,1,1,1,1,0,1,1,1,1,0,0,0,1,0,0,0,1,0,0,0,0,0,1,0,0,0,1,0,1,1,1,0,1,0,0,0,0,1,1,1,0,1,0,1,1,0,1,1,0,0,1,1,0,1,1,1,0,0,0,0,1,0,1,0,1,0,0,1,1,0,0,1,1,0,1,1,0,0,0,1,1,1,0,1,1,1,1,1,1,0,1,1,0,1,0,0,0,0,0,0,0,1,0,1,1,1,0,1,1,1,1,0,1,1,0,1,0,0,1,0,0,0,0,0,0,0,1,1,0,0,1,0,1,1,1,1,0,0,0,0,0,1,1,0,0,0,0,0.0,-4541.629999999998,1
0,0,1,0,0,1,0,1,0,1,1,1,1,0,1,0,1,0,0,1,1,1,0,0,0,1,1,0,0,0,0,0,0,0,0,1,0,0,0,1,1,0,0,0,1,0,1,0,1,0,0,1,1,1,1,1,0,0,1,1,1,0,0,1,1,1,0,1,0,0,0,1,1,1,1,1,0,0,1,0,0,1,1,0,1,0,0,1,0,1,1,0,1,1,1,0,0,1,1,0,0,1,1,0,0,0,1,0,0,0,0,0,0,0,1,0,0,1,1,1,1,0,0,0,1,1,1,1,0,0,1,0,1,1,0,1,0,0,0,1,0,0,0,1,1,0,1,0,0,1,1,0,1,1,0,1,0,1,1,0,1,1,1,0,1,1,1,1,0,1,1,1,1,1,1,0,0,1,0,1,0.0,-4540.839999999999,1
0,0,1,0,0,0,0,1,0,1,0,1,1,1,0,0,0,0,0,1,1,1,0,0,0,0,1,0,0,0,0,0,1,0,0,1,0,1,0,0,0,0,0,1,1,1,1,1,0,0,0,1,1,0,1,1,0,0,0,1,1,1,0,1,1,0,1,0,1,0,1,1,0,1,1,0,0,0,1,1,0,1,0,1,0,1,0,1,0,1,1,1,1,0,1,0,1,0,0,0,0,0,1,1,0,0,1,0,0,0,0,0,0,0,1,0,0,0,0,1,0,1,0,1,1,1,1,1,1,0,0,1,0,1,0,1,0,0,0,1,0,1,0,0,1,0,1,0,0,1,1,1,1,1,0,1,1,1,1,1,1,1,1,0,1,1,1,0,0,1,1,1,1,0,1,0,0,1,0,1,0.0,-4540.740000000001,1
0,0,0,0,1,0,0,1,0,1,1,0,1,0,0,1,1,0,1,0,1,0,0,1,1,1,0,1,1,0,0,1,1,1,1,0,1,0,0,1,1,1,0,0,0,1,1,0,0,0,0,0,1,1,0,1,0,0,1,1,1,1,1,1,0,0,0,0,1,0,0,1,1,0,1,1,0,0,0,0,1,0,1,0,0,1,0,0,0,1,1,1,0,1,0,0,1,0,1,0,0,1,1,0,1,1,0,1,1,1,0,1,0,1,0,0,1,1,1,1,0,0,0,0,0,0,1,1,0,0,1,0,0,0,1,0,1,1,1,0,0,1,0,0,0,1,0,0,1,0,1,0,0,0,0,1,0,1,0,1,0,0,1,1,0,1,1,0,0,0,0,0,1,1,0,1,0,0,0,0,0.0,-4540.659999999998,1
1,0,1,0,1,1,0,0,1,0,0,1,0,0,0,1,0,0,1,0,1,0,0,0,1,1,1,1,1,1,0,1,1,0,0,0,1,0,1,1,0,1,0,0,0,1,1,1,0,1,0,1,0,1,0,1,0,0,0,1,1,1,1,1,0,1,1,0,0,0,1,1,0,1,1,1,1,1,1,1,1,0,1,0,0,1,1,1,1,0,1,1,0,1,1,0,0,0,0,0,1,0,1,1,0,0,1,1,0,0,0,1,1,1,1,0,1,0,0,1,0,1,0,0,0,0,1,0,1,0,0,0,0,1,0,0,1,0,0,0,1,1,1,1,1,1,0,0,0,1,0,1,0,1,0,1,1,1,0,1,0,0,0,0,0,0,1,0,0,0,0,0,0,0,1,0,0,0,0,1,0.0,-4540.379999999998,1
0,1,1,1,0,0,0,1,0,1,0,1,1,0,1,0,1,0,0,1,1,1,0,0,0,0,1,0,0,0,0,0,1,0,0,1,0,1,1,0,0,0,1,1,1,1,1,0,0,1,0,1,1,1,1,1,1,0,1,0,0,1,0,0,1,0,1,1,1,0,0,0,0,0,0,0,0,0,1,1,0,0,0,1,0,1,1,1,1,1,0,1,1,0,1,0,0,0,0,1,0,1,1,1,0,1,1,0,1,0,1,0,0,0,1,0,0,0,0,1,0,1,1,0,0,1,0,1,1,1,1,1,0,1,1,1,0,0,0,1,0,0,0,1,0,0,1,1,0,0,0,1,1,1,1,1,1,1,1,0,1,1,1,1,1,0,0,0,0,0,1,1,1,1,1,0,1,1,1,1,0.0,-4540.170000000001,1
0,1,0,0,0,0,0,0,1,0,0,1,0,0,0,0,0,0,0,1,1,1,0,1,0,0,0,1,0,1,0,0,1,1,0,1,1,1,1,0,1,0,1,1,1,1,0,1,0,1,0,0,0,0,1,1,0,0,1,1,0,1,0,0,1,0,1,0,1,0,0,0,0,0,1,0,1,1,1,1,1,0,0,1,0,0,1,0,0,0,0,1,1,0,0,0,1,1,0,1,0,0,1,1,1,1,0,0,1,1,0,0,1,0,0,0,0,1,0,1,1,1,1,0,1,1,0,0,1,0,1,1,1,0,1,1,0,1,1,1,1,0,1,0,0,0,1,1,1,0,0,0,1,0,0,0,1,1,1,1,1,1,0,1,1,0,1,1,1,0,1,1,1,1,0,1,1,1,0,0,0.0,-4540.07,1
1,1,0,1,0,0,0,1,0,1,1,0,1,1,1,1,1,0,1,1,1,0,0,0,1,1,1,0,0,0,0,0,1,0,1,0,1,0,0,1,1,1,1,0,0,1,1,1,0,1,0,0,1,0,0,1,1,0,1,0,0,1,1,0,1,0,0,1,1,0,0,0,1,0,0,1,0,0,1,0,0,0,1,0,0,1,1,1,1,1,0,1,0,1,0,0,1,0,1,1,0,0,1,0,1,1,0,0,1,1,1,1,0,1,1,0,1,1,0,1,0,0,1,1,0,0,0,1,1,1,1,0,0,0,1,0,1,1,1,0,0,0,0,1,0,1,1,1,1,0,1,1,0,0,1,1,1,1,0,0,0,1,1,1,0,0,0,0,0,0,0,0,1,1,1,1,1,0,1,0,0.0,-4539.95,1
0,0,1,0,0,1,0,0,1,0,1,1,0,0,0,1,0,0,1,1,1,0,0,1,1,1,1,0,0,0,0,0,1,0,1,0,0,0,0,1,0,1,1,0,0,1,0,0,0,1,0,1,1,1,0,1,0,0,0,1,1,1,1,0,1,1,0,0,0,0,1,0,1,0,1,1,1,1,1,0,0,0,1,0,0,1,1,0,1,1,1,1,0,1,1,1,0,0,1,1,0,1,0,0,0,1,1,1,1,0,0,0,0,1,0,0,1,0,1,1,0,0,1,0,0,0,0,0,0,0,0,0,0,1,1,0,1,0,0,0,1,0,1,0,0,1,0,1,0,0,1,1,0,1,0,0,0,0,0,1,1,1,0,0,0,0,1,0,0,0,0,0,1,0,0,0,1,0,0,1,0.0,-4539.949999999998,1
0,0,0,0,1,0,0,1,0,1,1,0,1,0,0,1,0,0,1,0,1,0,0,0,0,0,1,1,1,0,1,1,1,0,1,0,1,0,1,1,1,1,0,0,0,1,1,0,0,0,0,0,1,1,1,1,0,0,0,1,1,1,1,1,0,0,0,0,1,0,1,1,1,0,1,0,0,0,0,0,1,0,0,1,0,1,0,1,0,0,1,1,0,1,0,0,1,1,1,0,0,1,1,0,1,0,0,1,0,1,0,1,0,0,1,0,1,1,1,1,0,0,0,0,1,0,1,1,0,0,0,0,1,0,0,0,1,1,1,0,0,0,1,1,1,1,1,0,1,1,0,0,0,0,0,1,0,1,0,1,0,0,1,1,1,1,1,1,0,0,0,0,1,0,1,1,0,0,0,0,0.0,-4539.629999999998,1
1,1,1,1,0,0,0,0,1,0,1,1,0,0,1,0,1,0,0,1,1,1,0,1,0,1,1,0,0,1,0,0,0,0,0,1,0,0,0,1,1,0,0,0,1,0,0,1,1,0,0,1,1,1,1,1,1,0,1,0,0,0,0,1,1,0,0,1,1,0,0,1,1,1,0,1,1,1,1,0,0,0,1,0,1,1,0,0,0,1,0,1,1,1,1,1,0,0,1,0,1,0,0,0,0,1,1,0,0,0,1,1,1,0,0,0,0,0,0,1,0,0,0,0,1,1,1,0,1,1,1,0,1,1,0,1,0,0,0,1,1,0,1,0,1,0,1,0,0,0,1,0,1,1,1,1,1,0,1,0,0,1,0,0,1,0,0,0,1,0,1,1,0,1,0,0,0,1,1,1,0.0,-4539.620000000001,1
0,1,0,1,1,1,0,1,0,1,1,1,1,1,1,1,1,0,1,0,1,0,0,1,1,1,0,1,1,0,1,1,0,1,1,0,1,0,0,1,1,1,1,0,0,1,0,0,0,0,0,0,1,1,0,1,1,0,1,0,0,1,1,0,0,1,0,1,0,0,0,0,1,1,0,1,0,0,1,0,1,1,1,0,1,0,0,1,1,0,0,0,0,1,0,0,1,0,1,1,1,1,1,0,1,1,0,1,0,0,1,0,0,1,0,0,1,1,1,1,1,0,1,0,0,0,0,1,0,1,1,0,0,0,1,0,1,1,1,0,0,0,0,1,0,1,0,1,1,0,0,1,0,0,1,1,0,1,0,0,1,0,1,1,0,1,0,0,0,1,0,0,0,1,0,1,1,0,1,0,0.0,-4539.5999999999985,1
1,0,0,1,0,0,0,1,0,1,0,1,1,1,1,0,0,0,0,1,1,1,0,1,0,0,1,0,0,0,0,0,1,0,0,1,0,1,0,0,1,0,0,1,1,1,0,0,0,0,0,0,1,0,1,1,1,0,0,0,1,1,0,1,1,0,0,1,1,1,1,1,0,1,0,0,0,0,1,1,1,1,0,1,0,1,0,0,0,0,1,1,1,0,0,0,1,1,0,0,0,1,1,1,1,0,0,0,0,1,1,1,0,0,0,0,0,1,1,1,0,1,0,1,1,1,1,1,0,1,0,1,1,0,0,1,0,1,1,1,0,0,0,0,1,0,1,0,1,1,0,0,1,0,1,0,0,1,1,0,0,1,1,0,1,1,0,1,1,1,1,1,1,0,0,1,0,1,1,0,0.0,-4539.580000000001,1
0,0,0,1,1,1,0,0,1,0,0,1,0,1,1,0,0,0,0,0,1,0,0,0,1,1,1,1,1,1,0,1,1,0,0,1,1,1,1,0,1,1,0,1,0,1,0,0,0,1,0,0,0,0,0,1,1,0,0,0,1,1,0,1,0,1,1,1,0,0,1,1,0,1,0,1,1,1,0,0,1,0,1,0,0,0,1,0,1,0,0,0,0,0,0,1,1,0,1,0,0,1,0,1,1,0,0,1,0,1,1,0,1,1,1,0,0,1,1,1,1,0,0,1,0,1,1,0,0,1,0,1,0,0,0,1,0,1,1,1,1,0,1,0,1,1,0,0,1,1,0,1,1,0,1,0,0,0,0,0,1,0,0,1,0,0,0,0,1,0,1,1,1,0,1,1,0,0,1,0,0.0,-4539.47,1
0,1,1,1,0,1,0,0,1,0,0,0,0,1,1,0,1,0,0,1,1,1,0,0,0,1,1,0,0,1,0,0,0,0,0,1,0,1,0,0,0,0,0,1,1,1,1,1,0,0,0,1,0,0,1,1,1,0,1,0,0,1,0,1,1,1,0,1,0,0,0,1,0,0,0,1,1,1,1,0,0,0,1,0,1,1,0,0,0,1,0,1,0,0,1,1,0,1,1,0,1,0,0,1,0,1,1,0,0,0,1,0,1,0,1,0,0,0,0,1,0,0,0,1,0,1,1,0,1,1,1,1,1,1,0,1,0,0,0,1,1,0,1,0,1,0,1,0,0,0,1,0,1,1,1,1,1,0,1,0,1,1,0,1,1,0,0,1,1,0,1,1,0,1,1,0,0,1,1,1,0.0,-4539.38,1
0,1,0,1,0,0,0,1,0,1,1,0,1,0,1,0,0,0,0,1,1,1,0,0,0,1,0,0,0,0,0,0,1,1,0,1,0,0,0,1,1,0,1,0,1,1,0,0,0,0,0,0,1,0,1,1,1,0,0,0,0,1,0,0,1,0,0,1,1,0,1,0,1,0,0,1,0,0,0,1,0,0,1,0,0,1,0,0,0,1,1,1,1,1,0,0,1,1,0,1,1,1,1,0,1,1,0,0,0,1,1,1,0,0,1,0,0,1,1,1,0,1,1,0,0,1,0,1,0,1,0,0,1,0,1,1,0,1,1,1,0,0,0,0,0,0,1,1,1,0,1,0,1,0,1,1,0,1,1,0,0,1,1,1,1,1,0,1,1,0,1,1,0,1,1,1,1,1,1,0,0.0,-4539.36,1
0,1,1,0,1,0,1,0,1,0,0,0,0,0,0,1,1,0,1,0,0,0,1,0,1,0,1,1,1,1,0,1,0,0,1,0,1,0,1,1,0,1,0,0,0,0,1,0,1,0,1,1,0,1,0,0,0,0,1,1,0,0,1,1,0,0,0,0,1,1,0,1,0,0,1,0,1,1,0,1,1,0,0,1,1,1,0,1,1,0,0,1,0,1,1,1,0,0,0,0,1,1,0,0,0,0,1,1,0,0,0,0,1,1,1,0,1,0,1,0,0,1,0,0,1,0,1,0,0,0,1,0,1,1,0,0,1,0,0,1,1,1,1,1,1,1,1,0,0,1,0,1,0,1,0,0,0,0,0,1,1,0,0,1,0,1,1,0,0,0,1,0,0,1,1,0,0,0,0,1,0.0,-4539.329999999999,1
1,1,0,0,0,1,0,1,0,1,0,0,1,1,0,0,1,0,0,1,1,1,0,0,0,0,1,0,0,0,0,0,1,0,0,1,0,1,0,0,1,0,0,1,1,1,0,1,0,1,0,0,1,1,1,1,0,0,0,1,0,1,0,1,1,1,1,0,0,0,1,1,0,0,1,0,0,0,1,0,0,0,0,1,0,0,1,1,0,1,0,0,1,0,0,0,1,1,1,0,0,0,1,1,1,0,0,0,0,1,0,0,0,0,1,0,0,1,0,1,0,0,0,1,1,1,1,1,1,0,0,1,1,0,0,1,0,1,1,1,0,0,0,1,1,0,1,0,1,1,0,0,1,0,0,1,1,1,1,1,1,1,1,1,1,0,1,1,0,0,1,1,1,0,1,1,0,1,0,0,0.0,-4539.06,1
0,1,1,0,1,0,0,1,0,0,1,1,1,1,0,1,1,0,1,0,1,0,0,0,1,0,0,1,1,0,0,1,1,1,1,0,1,0,0,1,0,1,1,0,0,1,1,0,0,0,0,1,1,0,0,1,0,0,1,1,0,1,1,1,0,0,1,0,0,0,0,1,1,0,1,0,0,0,1,1,1,0,0,1,0,0,0,0,1,0,1,0,0,1,1,1,0,1,0,0,1,1,0,0,0,0,1,1,1,0,0,0,0,1,1,0,1,0,1,1,1,1,0,1,1,0,1,0,0,0,1,0,0,1,0,0,1,0,0,0,0,1,1,0,1,1,0,1,0,1,0,1,0,1,0,1,0,0,0,1,1,0,1,1,0,1,1,1,1,0,0,0,0,1,1,0,0,0,0,1,0.0,-4539.029999999999,1
0,1,1,0,1,1,0,0,1,0,1,1,0,0,0,1,1,0,1,0,1,0,0,0,1,0,1,0,1,1,0,1,0,0,0,0,0,0,1,1,1,1,0,0,0,1,1,1,0,1,0,1,0,1,0,1,0,0,1,1,0,1,1,1,0,1,0,0,0,0,0,1,1,0,1,0,1,1,1,0,0,0,0,1,1,0,1,1,1,1,1,0,0,1,1,0,0,0,1,0,1,0,1,0,0,1,1,1,0,0,0,1,1,1,1,0,1,1,0,1,1,0,0,0,1,0,1,0,1,0,1,0,0,1,0,0,1,0,0,0,1,1,1,1,1,1,1,0,1,0,1,1,0,0,0,0,1,1,0,1,0,0,0,0,0,0,1,0,0,0,0,0,0,1,1,1,0,0,0,0,0.0,-4538.8099999999995,1
0,1,1,1,1,1,0,1,0,1,1,0,1,0,0,0,0,0,0,0,1,1,0,0,0,0,0,1,1,0,0,1,1,1,0,1,1,0,0,1,0,0,1,0,1,1,0,0,0,0,0,1,1,1,1,1,1,0,0,0,0,1,0,0,0,1,0,0,0,0,1,0,1,1,0,0,0,0,0,0,1,1,0,1,0,1,0,1,0,0,1,1,1,1,1,1,0,0,1,1,0,1,0,0,0,0,1,0,1,0,1,1,0,0,1,0,0,0,1,1,0,0,1,0,0,1,0,1,0,1,0,0,0,1,1,1,0,0,0,1,0,0,0,1,0,0,1,1,0,1,0,1,1,1,1,1,0,0,1,1,0,0,1,0,1,1,0,0,0,1,1,1,1,0,1,0,1,1,0,1,0.0,-4538.780000000001,1
1,0,1,0,0,1,0,0,1,0,1,0,0,0,0,1,1,0,1,1,1,0,0,0,1,1,1,1,0,1,0,0,0,0,1,0,1,0,1,1,1,1,1,0,0,1,1,0,0,1,0,1,0,0,0,1,0,0,1,1,0,1,1,0,1,1,0,0,0,0,0,0,1,0,1,1,1,1,1,1,1,0,1,0,1,0,1,0,1,0,0,0,0,1,1,0,0,0,0,1,0,1,1,0,0,1,1,1,1,0,0,1,1,1,1,0,1,0,1,1,1,1,1,0,1,0,0,0,0,0,1,0,0,1,1,0,1,0,0,0,1,1,1,0,0,1,1,1,1,0,0,1,0,0,0,0,0,1,0,1,0,1,0,0,0,1,1,0,1,0,0,0,1,1,1,1,1,0,0,0,0.0,-4538.709999999998,1
0,0,1,1,1,0,1,0,1,0,0,1,0,0,1,1,0,1,1,0,0,0,1,1,1,1,0,1,1,1,1,1,0,1,0,1,1,1,1,0,1,1,0,1,0,0,0,0,1,0,1,1,0,1,0,0,1,1,0,0,1,0,1,1,0,0,0,1,1,1,1,1,0,0,0,1,1,1,0,0,1,0,1,0,1,1,0,0,1,0,0,1,0,0,1,0,0,1,1,0,1,1,1,1,0,1,1,1,0,0,1,1,1,1,0,1,1,0,1,0,0,0,0,0,1,0,1,0,0,1,0,1,1,1,0,0,1,0,0,0,1,1,1,0,1,1,0,0,1,0,0,0,0,0,1,0,0,1,0,0,0,0,0,0,0,1,0,1,0,0,0,0,0,0,0,1,0,0,1,0,0.0,-4538.649999999997,1
0,0,0,0,0,0,1,0,1,0,1,0,0,1,1,1,0,1,1,1,0,0,1,1,1,0,1,1,1,1,1,0,0,0,1,0,1,0,1,1,0,1,0,0,0,0,0,0,1,0,1,0,0,0,0,0,0,1,0,1,1,0,1,1,0,0,0,1,1,1,1,1,1,0,1,0,1,1,0,1,1,0,0,1,1,0,0,0,1,0,1,0,0,1,0,1,1,1,0,0,1,1,0,0,1,1,0,1,1,1,0,0,1,1,0,1,1,1,1,0,1,1,0,1,1,0,1,0,0,0,0,0,0,0,0,0,1,1,1,0,1,1,1,0,1,1,0,0,0,0,0,1,0,1,0,1,0,0,0,0,1,1,0,1,0,1,1,1,1,0,0,0,0,0,0,0,0,0,1,1,0.0,-4538.5599999999995,1
0,0,1,0,0,0,1,1,0,1,1,0,1,0,0,1,1,1,1,1,0,0,1,1,1,1,1,1,1,0,1,0,0,0,1,0,1,1,0,0,0,1,0,1,0,0,0,0,1,0,1,1,1,0,0,0,0,1,1,1,1,0,1,1,0,0,0,0,1,1,0,1,1,0,1,1,0,0,0,0,1,0,1,0,1,1,0,0,1,0,1,1,0,0,1,0,0,1,1,0,1,1,1,1,0,0,1,1,0,0,0,1,0,1,0,1,1,0,1,0,0,0,0,0,1,0,1,1,0,0,1,1,0,1,0,0,1,0,0,0,0,1,0,0,1,1,0,0,0,1,0,0,0,1,0,1,0,1,0,1,0,1,1,1,0,1,1,1,1,0,0,0,0,1,0,0,0,0,0,1,0.0,-4538.549999999997,1
0,1,0,1,0,0,1,1,0,1,1,1,1,0,1,1,0,1,1,1,0,0,1,0,1,0,1,0,0,0,1,0,0,0,1,0,0,0,0,1,1,1,1,0,0,1,0,0,0,0,1,0,1,1,0,0,1,1,0,0,0,1,1,0,1,0,0,1,1,1,1,0,1,1,0,0,0,0,0,1,0,1,0,1,1,1,0,1,1,1,1,1,0,1,0,0,1,0,1,1,0,1,1,0,1,1,0,1,1,0,1,0,0,1,1,1,1,1,1,0,0,0,1,0,1,0,0,1,0,1,0,0,1,0,1,0,1,1,1,0,0,1,0,1,0,1,1,1,1,0,1,0,0,0,1,0,0,1,0,0,1,1,1,1,0,1,0,0,0,1,0,0,1,0,1,1,1,0,1,0,0.0,-4538.399999999998,1
1,1,0,0,0,1,1,1,0,1,1,0,1,1,0,0,1,1,0,1,0,1,1,1,0,1,0,0,0,0,1,0,0,1,1,1,0,0,0,1,1,0,1,0,1,0,1,0,1,0,1,0,1,0,1,0,0,1,1,1,0,0,0,0,1,1,0,0,0,1,0,0,1,0,1,1,0,0,1,0,0,0,1,0,1,0,0,0,0,1,0,0,0,1,0,1,1,1,1,1,0,1,0,0,1,0,0,0,1,1,0,0,0,0,0,1,0,1,1,0,1,0,1,1,1,1,0,1,0,0,1,0,1,0,1,1,0,1,1,1,0,0,0,0,0,0,0,1,1,1,1,0,1,0,0,1,0,0,1,1,1,1,1,1,1,1,1,1,1,0,1,1,1,1,0,1,1,1,0,0,0.0,-4538.040000000001,1
1,0,0,1,1,0,0,1,0,1,1,0,1,1,1,0,0,0,0,0,1,1,0,1,0,1,0,1,1,0,0,1,1,1,0,1,1,0,0,1,1,0,0,0,1,1,0,0,0,0,0,0,1,0,1,1,1,0,0,0,1,1,0,1,0,0,0,1,1,0,1,1,1,1,0,1,0,0,1,0,1,1,1,0,0,1,0,0,0,0,0,1,1,1,0,1,1,1,1,0,1,1,0,0,1,1,0,0,1,1,1,1,0,0,0,0,0,0,1,1,0,0,0,1,1,1,0,1,0,1,0,0,1,0,1,1,0,1,1,1,0,0,0,0,0,0,0,0,1,0,1,0,1,0,1,1,0,0,1,0,0,0,1,1,1,1,0,1,1,1,1,1,0,0,0,1,1,1,1,0,0.0,-4538.040000000001,1
0,1,1,1,0,1,1,0,1,0,0,0,0,0,1,1,1,1,1,1,0,1,1,0,1,1,0,1,0,1,1,0,0,1,1,0,1,1,1,0,0,0,1,1,0,0,1,0,1,0,1,1,0,1,0,0,1,1,0,0,0,0,1,0,1,1,1,1,0,1,0,0,0,0,0,1,1,1,0,0,1,0,1,0,1,0,0,1,0,0,0,0,0,0,1,0,0,0,1,1,0,1,1,1,0,1,1,0,1,0,1,1,1,1,1,1,1,0,1,0,1,0,1,0,1,0,0,0,0,1,1,1,1,1,1,0,1,0,0,0,1,0,1,1,0,1,0,1,0,0,0,0,0,1,1,1,0,1,1,0,0,1,0,1,0,1,0,0,0,0,0,0,1,0,1,0,1,0,1,1,0.0,-4537.789999999997,1
0,0,0,0,1,1,1,1,0,1,1,1,1,1,0,1,0,1,1,0,0,0,1,1,0,0,1,1,1,0,1,0,0,0,1,0,1,0,0,1,1,1,1,0,0,0,1,0,1,0,1,0,1,1,1,0,0,1,0,1,1,0,1,0,0,1,0,0,0,1,1,0,1,1,1,0,0,0,0,1,1,1,0,1,1,0,0,1,1,0,0,0,0,1,0,1,1,1,0,1,0,1,0,0,1,1,0,1,1,1,0,1,0,0,0,1,1,0,1,0,1,1,1,1,0,0,0,1,0,0,0,0,1,0,1,0,1,1,1,0,0,1,0,1,0,1,0,1,1,0,0,0,0,0,0,0,0,0,0,1,0,0,1,1,1,1,1,1,0,1,0,0,1,0,0,1,1,0,0,0,0.0,-4537.789999999999,1
1,1,0,0,1,0,0,0,1,0,0,0,0,1,0,1,0,0,1,0,1,0,0,1,1,1,1,1,1,1,0,1,1,0,0,0,1,1,1,0,1,1,1,1,0,1,0,1,0,0,0,0,0,1,0,1,0,0,0,1,0,1,1,0,0,0,1,0,1,0,1,0,0,1,1,1,1,1,0,0,1,0,1,0,0,0,0,0,1,1,0,0,0,0,0,1,0,0,1,1,1,0,0,1,1,1,0,1,1,0,0,1,1,1,0,0,1,1,0,1,1,0,1,1,1,0,0,0,1,0,0,1,1,0,1,0,1,1,1,0,1,0,1,0,0,1,0,1,1,0,1,0,0,0,0,0,1,0,0,1,0,0,0,1,0,1,1,0,0,0,0,0,0,0,0,1,1,0,0,0,0.0,-4537.71,1
1,1,0,0,0,1,1,0,1,0,0,0,0,1,1,1,0,1,1,1,0,1,1,0,1,1,1,0,0,1,1,0,1,0,1,0,0,1,1,0,1,0,0,1,0,1,0,1,0,1,1,0,0,1,0,0,0,1,0,1,0,1,1,0,1,1,1,1,0,1,1,0,0,0,1,1,1,1,0,0,0,0,1,0,0,1,1,1,0,1,0,0,0,0,0,0,1,1,1,1,1,0,1,1,1,0,0,0,1,1,0,1,1,1,1,1,1,1,0,0,0,0,1,1,0,0,0,0,1,0,0,1,0,0,1,0,1,1,1,0,1,0,1,1,0,1,1,1,1,1,1,1,0,0,0,0,1,1,1,0,0,1,0,1,0,0,1,1,0,0,0,0,0,0,1,1,1,0,1,0,0.0,-4537.699999999999,1
1,1,1,1,0,1,0,1,0,1,1,1,1,0,1,1,1,0,1,1,1,0,0,1,1,0,1,0,0,1,1,0,1,0,0,0,0,0,1,1,0,1,1,0,0,1,1,1,0,0,0,1,0,0,0,1,1,0,1,0,0,1,1,0,1,0,0,1,0,0,0,0,1,1,0,0,0,0,1,1,0,1,0,1,0,0,0,0,1,1,0,0,0,1,1,1,0,0,0,1,0,0,0,0,0,1,1,1,1,0,1,1,1,1,0,0,1,0,0,1,1,1,1,0,1,0,0,1,1,1,1,0,0,1,1,0,1,0,0,0,0,1,0,0,0,1,0,1,0,0,1,1,0,1,1,1,1,0,0,0,0,1,1,0,0,1,0,0,1,1,0,0,1,1,0,0,1,0,1,1,0.0,-4537.450000000001,1
0,0,0,1,1,1,0,1,0,1,1,0,1,1,1,0,0,0,0,0,1,1,0,1,0,0,0,1,1,0,1,1,1,1,0,1,1,0,0,1,1,0,0,0,1,1,1,0,0,1,0,0,1,1,1,1,1,0,0,0,1,1,0,1,0,1,0,1,0,0,1,1,1,1,0,0,0,0,1,0,1,1,0,1,0,0,1,1,0,1,0,0,1,1,0,0,1,1,1,0,0,1,1,0,1,1,1,0,0,1,1,0,0,0,0,0,0,1,1,1,1,0,0,1,0,1,1,1,0,1,0,0,1,0,0,1,0,1,1,1,0,1,0,1,1,0,0,0,1,0,1,0,1,0,1,1,0,1,1,0,1,0,1,1,1,0,0,1,0,1,1,1,1,0,0,1,0,1,1,0,0.0,-4536.839999999999,1
0,0,0,0,1,0,0,1,0,1,1,0,1,1,0,1,0,0,1,0,1,0,0,1,1,1,1,1,1,0,0,1,1,0,1,1,1,0,0,1,1,1,1,0,0,1,0,1,0,1,0,0,1,1,0,1,0,0,0,1,1,1,1,0,0,0,1,0,0,0,1,0,1,0,1,1,0,0,0,0,1,0,1,0,0,0,1,0,1,0,1,0,0,1,0,1,1,0,1,1,0,0,0,0,1,1,0,1,1,0,0,0,0,1,0,0,1,1,0,1,1,0,1,1,0,0,0,1,1,0,0,0,0,0,1,0,1,1,1,1,0,0,0,0,0,1,0,1,1,0,0,1,0,0,0,1,1,0,0,1,1,0,1,0,0,0,1,0,1,0,1,0,1,0,0,1,1,0,0,0,0.0,-4536.83,1
0,0,0,0,1,1,0,1,0,1,1,1,1,1,0,0,0,0,0,0,1,1,0,1,0,1,0,1,1,0,1,1,1,1,0,1,1,0,0,1,1,0,0,0,1,1,0,1,0,0,0,0,1,1,1,1,0,0,0,1,1,1,0,1,0,1,0,1,0,0,1,1,1,1,1,1,0,0,1,0,1,1,1,0,0,0,0,1,0,1,0,0,1,1,0,0,1,0,1,0,0,0,1,0,1,0,0,0,1,1,0,1,0,0,0,0,0,0,0,1,1,0,0,1,1,1,1,1,1,0,0,0,1,0,0,1,0,1,1,1,0,0,0,1,1,0,1,0,1,1,1,0,1,0,0,1,1,1,1,0,0,0,1,1,1,0,1,0,0,1,1,1,1,0,0,1,0,1,1,0,0.0,-4536.75,1
1,0,1,1,1,0,0,0,1,0,1,1,0,0,0,1,0,0,1,0,1,0,0,1,1,0,1,0,1,1,0,1,1,0,1,1,0,0,1,1,0,1,0,0,0,1,0,0,0,1,0,1,0,0,0,1,1,0,0,0,1,1,1,1,0,0,1,0,1,0,1,1,1,1,0,0,1,1,1,1,0,0,0,1,0,1,1,0,1,1,0,1,0,1,1,0,0,1,0,0,1,1,1,0,0,1,1,1,0,0,1,0,1,1,0,0,1,1,1,1,0,1,0,0,1,0,1,0,0,1,0,0,0,1,0,0,1,0,0,0,1,1,1,0,1,1,0,0,0,0,1,1,0,1,1,0,0,1,0,1,1,0,0,1,0,1,0,1,1,0,0,0,0,0,0,0,0,0,0,1,0.0,-4536.459999999999,1
0,0,1,0,0,1,1,0,1,0,0,1,0,1,1,1,1,1,1,1,0,1,1,0,1,0,0,0,0,1,1,0,0,1,1,0,0,1,1,0,0,0,0,1,0,0,1,1,1,0,1,1,0,0,0,0,0,1,1,1,1,0,1,1,1,1,1,1,0,1,0,1,0,0,1,0,1,1,0,1,0,0,0,1,1,1,0,0,1,1,0,0,0,0,1,1,0,1,1,0,1,0,0,1,0,0,1,0,0,1,0,0,1,1,1,1,1,0,0,0,0,0,0,1,1,0,1,0,1,0,1,1,0,1,0,0,1,0,0,0,1,1,1,0,1,1,1,0,0,1,1,1,0,1,0,0,1,0,1,0,1,1,0,1,0,1,1,1,1,0,0,0,0,1,1,0,0,0,1,1,0.0,-4536.290000000001,1
1,1,1,0,1,0,0,0,1,0,0,0,0,0,0,1,1,0,1,0,1,0,0,1,1,1,1,0,1,1,0,1,1,0,1,0,0,1,1,0,1,1,1,1,0,1,0,0,0,0,0,1,0,1,0,1,0,0,1,1,0,1,1,0,0,0,1,0,1,0,0,0,0,0,1,1,1,1,0,0,0,0,1,0,0,1,0,0,1,1,1,1,0,0,1,0,0,0,1,1,1,1,1,1,0,1,1,1,1,0,0,0,1,1,0,0,1,1,1,1,0,0,1,0,0,0,0,0,0,0,1,1,0,1,1,0,1,0,0,0,1,0,1,0,0,1,1,0,1,0,1,1,0,0,0,0,0,0,0,1,1,0,0,0,0,1,1,0,1,0,0,0,0,1,0,1,1,0,0,0,0.0,-4536.289999999999,1
0,1,0,1,0,1,0,0,1,0,1,1,0,0,1,0,0,0,0,1,1,1,0,1,0,1,1,1,0,1,0,0,1,0,0,1,1,0,1,1,1,0,0,0,1,1,1,0,0,0,0,0,0,0,1,1,1,0,0,0,0,1,0,1,1,1,1,1,0,0,1,0,1,0,0,1,1,1,1,0,1,0,1,0,0,0,0,1,0,1,0,0,1,1,0,1,0,1,1,1,1,1,0,0,1,0,1,0,0,1,1,0,1,0,0,0,0,1,1,1,1,0,1,0,0,1,1,0,0,1,0,0,1,0,0,1,0,1,1,1,1,0,1,1,1,0,1,1,1,1,1,0,1,0,1,0,0,0,1,0,1,1,0,1,1,1,0,1,0,0,1,1,0,0,0,1,0,1,1,0,0.0,-4536.280000000001,1
0,1,0,0,0,1,0,1,0,1,1,0,1,0,1,1,0,0,1,1,1,0,0,1,1,0,0,0,0,0,0,0,1,1,0,0,0,0,0,1,1,1,1,0,0,0,1,0,1,1,0,0,1,0,0,1,0,0,0,1,0,0,1,0,1,1,1,1,0,0,1,0,1,0,1,0,0,0,1,1,0,0,0,1,0,0,1,0,1,1,0,0,0,1,0,1,1,1,0,1,0,1,0,0,1,1,1,1,1,1,0,1,0,1,0,0,1,1,1,1,1,1,1,0,0,0,0,1,0,0,0,0,0,0,1,0,1,1,1,0,0,1,0,0,0,1,0,1,1,0,1,1,0,0,0,1,0,0,0,0,0,1,1,1,0,1,1,1,1,0,0,0,1,0,0,1,1,0,1,0,0.0,-4535.99,1
1,0,1,0,0,0,0,1,0,1,1,0,1,1,0,1,1,0,1,1,1,1,0,0,1,0,0,0,0,0,0,0,0,1,0,0,0,0,0,1,0,0,1,0,0,1,0,0,0,0,0,1,1,1,0,1,0,0,1,1,0,1,1,0,1,0,0,0,1,0,0,0,1,1,1,0,0,0,1,0,0,1,0,1,1,1,0,1,1,1,1,1,0,1,1,1,0,1,1,1,0,1,0,0,0,0,1,0,1,0,0,0,0,1,1,0,1,0,1,1,0,0,1,1,0,0,0,1,0,0,1,0,0,1,1,0,1,0,0,0,0,0,0,1,0,1,0,1,0,1,1,1,0,1,0,1,0,0,1,1,1,1,1,0,0,0,1,1,0,1,0,0,1,1,1,0,1,0,0,1,0.0,-4535.719999999998,1
0,1,1,0,1,0,0,0,1,0,1,0,0,0,0,1,1,0,1,0,1,0,0,0,1,1,0,1,1,1,0,1,0,1,1,0,1,0,1,1,1,1,1,0,0,1,1,1,0,0,0,1,0,1,0,1,1,0,1,0,0,1,1,0,0,0,1,0,1,0,0,0,1,1,1,1,1,1,1,0,1,0,1,0,1,1,0,1,1,0,1,1,1,1,1,1,0,1,1,1,1,0,0,0,0,1,1,1,1,0,0,1,1,1,1,0,1,0,0,1,0,0,1,0,0,0,0,0,1,0,1,0,0,1,1,0,1,0,0,0,1,0,1,1,0,1,0,1,1,0,0,1,0,0,0,0,1,0,0,1,0,0,0,1,0,1,1,1,0,0,0,0,0,1,1,1,1,0,0,0,0.0,-4535.65,1
0,0,0,0,1,1,1,1,0,1,0,0,1,0,0,1,0,1,1,0,0,0,1,1,1,1,1,1,1,0,1,1,0,0,1,0,1,1,0,0,1,1,0,1,0,0,1,1,1,0,1,0,1,1,0,0,0,1,0,1,1,0,1,1,0,1,1,0,0,1,1,1,0,1,0,1,0,0,0,0,1,1,1,0,1,0,0,0,1,0,0,0,0,0,0,0,1,1,1,0,1,0,1,1,1,1,1,1,0,1,0,1,0,1,0,1,1,1,0,0,1,0,0,0,1,0,1,1,1,0,0,1,1,0,0,0,1,1,1,0,0,0,0,0,1,1,0,1,1,0,0,0,0,0,0,0,1,1,0,1,0,0,1,0,0,0,1,1,0,1,0,0,0,0,0,1,0,0,0,0,0.0,-4535.429999999999,1
0,1,0,0,0,1,0,1,0,1,0,1,1,1,0,1,0,0,1,1,1,0,0,0,1,0,1,0,0,0,1,0,0,0,1,0,0,0,1,0,1,1,1,1,0,1,0,1,0,0,0,0,1,0,0,1,0,0,0,1,0,1,1,0,1,1,1,0,0,0,1,0,0,1,1,0,0,0,1,0,0,1,0,1,1,1,0,1,1,1,1,1,0,0,0,1,1,1,1,1,0,0,0,1,1,1,0,1,1,1,0,0,0,1,1,0,1,0,0,1,0,0,1,1,1,0,0,1,1,0,0,0,0,0,1,0,1,1,1,0,0,0,0,1,0,1,1,1,1,0,1,1,0,0,0,1,1,0,0,1,1,1,1,1,0,0,1,1,0,1,0,0,1,0,1,1,1,0,0,0,0.0,-4535.300000000001,1
1,0,0,1,1,1,1,0,1,0,1,0,0,1,1,1,1,1,1,0,0,0,1,1,1,0,1,1,1,1,1,1,0,0,1,0,1,0,1,1,1,1,0,0,0,0,1,0,1,0,1,0,0,0,0,0,1,1,1,0,1,0,1,1,0,1,1,1,0,1,0,1,1,0,0,0,1,1,0,1,1,0,0,1,1,0,0,1,1,0,1,0,0,1,0,0,0,1,0,0,1,1,1,0,1,0,0,1,0,1,1,0,1,1,0,1,1,0,1,0,1,1,0,1,0,0,1,0,0,1,1,0,0,0,0,0,1,1,1,1,1,1,1,1,1,1,0,0,1,1,0,1,0,0,1,1,0,1,0,0,1,0,0,1,0,1,0,1,1,0,1,0,0,1,0,1,0,0,1,0,0.0,-4535.24,1
0,0,1,1,0,1,0,1,0,1,0,1,1,0,1,1,1,0,1,1,1,0,0,1,1,0,0,0,0,0,1,0,1,1,1,0,0,1,0,0,0,1,0,1,0,1,1,1,0,1,0,1,1,0,0,1,1,0,1,0,1,1,1,1,1,1,1,1,0,0,0,1,0,1,0,0,0,0,0,0,0,1,0,1,0,0,1,0,0,1,0,0,0,0,1,0,0,1,0,0,0,0,1,1,0,0,1,1,0,0,1,0,0,1,0,0,1,0,0,1,1,1,0,0,1,0,1,1,1,1,1,1,0,1,0,0,1,0,0,0,0,0,0,0,1,1,1,0,0,1,1,1,0,1,1,1,1,1,0,0,1,0,1,0,0,0,0,1,1,1,0,0,1,1,0,0,0,0,1,1,0.0,-4534.910000000002,1
0,1,1,1,0,0,0,0,0,0,1,0,1,0,1,0,1,0,0,1,1,1,0,0,0,0,1,1,0,1,0,0,1,0,0,1,1,0,1,1,0,0,1,0,1,1,1,0,0,1,0,1,0,1,1,1,1,0,1,0,0,1,0,0,1,0,0,0,1,0,0,0,1,0,0,0,1,1,0,0,1,0,0,1,0,1,1,1,0,0,1,1,1,1,1,1,0,0,1,1,0,1,0,0,0,0,1,0,1,0,1,0,1,0,1,0,0,0,1,1,0,0,1,0,0,1,0,0,0,1,1,0,1,1,1,1,0,0,0,1,1,0,1,1,0,0,1,1,0,1,0,0,1,1,1,1,0,0,1,1,1,1,0,1,1,1,0,0,0,0,1,1,1,1,1,0,1,1,0,1,0.0,-4534.72,1
0,0,1,1,1,1,1,0,1,0,0,1,0,0,1,0,0,1,0,0,0,1,1,0,0,1,0,1,1,1,1,1,0,1,0,1,1,1,1,0,1,0,1,1,1,0,1,0,1,1,1,1,0,0,1,0,1,1,0,0,0,0,0,0,0,1,0,1,0,1,1,0,0,0,0,1,1,1,1,0,1,0,1,0,1,0,1,1,0,0,1,0,1,0,1,0,0,1,1,1,1,1,1,1,0,1,1,0,1,0,1,0,1,0,1,1,0,0,1,0,1,0,1,0,0,1,0,0,0,1,0,1,1,1,1,1,0,0,0,1,1,1,1,1,0,0,1,1,1,0,0,0,1,0,1,0,0,1,1,0,1,0,0,1,1,1,0,1,0,0,1,1,0,0,1,1,1,1,1,0,0.0,-4534.319999999998,1
1,0,0,0,0,1,1,1,0,1,0,0,1,1,0,1,0,1,1,1,0,1,1,0,0,1,0,0,0,0,1,0,0,1,1,0,0,1,0,0,1,0,1,1,1,0,0,0,1,0,1,0,1,0,1,0,0,1,0,1,0,0,1,0,1,1,1,0,0,1,1,0,0,1,1,1,0,0,0,0,0,1,1,1,1,0,0,0,0,1,0,0,1,0,0,1,1,0,1,1,0,1,0,1,1,1,0,0,1,1,0,0,0,0,1,1,1,1,1,0,1,0,1,1,1,0,0,1,0,0,0,1,0,0,1,0,1,1,1,0,0,0,0,0,0,0,1,1,1,0,1,1,0,0,0,1,0,0,1,1,1,1,1,1,1,1,1,0,1,1,0,0,1,0,1,1,1,1,0,0,0.0,-4534.0599999999995,1
1,1,0,0,0,1,0,1,0,1,0,0,1,1,0,0,0,0,0,1,1,1,0,0,0,0,0,1,0,0,0,0,0,1,0,1,1,1,0,0,1,0,1,1,1,1,0,0,0,0,0,0,1,1,1,1,0,0,0,1,0,1,0,0,1,1,0,0,0,0,1,0,0,0,1,0,0,0,1,0,1,0,0,1,1,0,0,1,1,1,1,0,1,0,0,1,1,1,1,1,0,1,0,1,1,1,0,1,1,0,0,0,0,0,1,0,0,1,1,1,1,0,1,1,1,1,0,1,0,0,0,1,1,0,1,1,0,1,1,1,0,0,0,1,0,0,1,1,1,0,0,0,1,0,0,1,0,0,1,1,1,1,1,1,1,1,1,1,0,0,1,1,1,0,1,1,1,1,0,0,0.0,-4533.329999999999,1
0,1,1,1,1,0,0,1,0,1,0,1,1,1,1,1,1,0,1,0,1,0,0,0,1,1,0,1,1,0,0,0,1,1,1,0,1,1,0,0,0,1,1,1,0,1,1,0,0,1,0,1,1,1,0,1,1,0,1,0,0,1,1,0,0,0,0,1,1,0,0,0,0,0,0,1,0,0,1,0,1,0,1,0,0,1,1,1,1,0,1,1,0,0,1,1,0,0,1,1,1,1,0,0,0,1,1,1,1,0,1,1,0,1,1,0,1,0,1,1,0,0,1,1,1,0,0,1,0,1,1,1,1,1,1,0,1,0,0,0,0,1,0,1,0,1,1,1,0,0,0,0,0,1,1,1,0,0,0,0,0,0,1,0,0,1,0,0,0,0,0,0,0,1,1,0,1,0,1,1,0.0,-4533.309999999997,1
1,0,1,0,0,0,0,0,1,0,1,1,0,0,1,1,1,0,1,1,1,1,0,1,1,0,1,0,0,1,1,0,1,0,1,0,0,0,1,1,0,0,1,0,0,1,0,1,0,0,0,1,0,0,0,1,0,0,1,1,1,1,1,0,1,0,0,1,1,0,0,0,1,0,1,0,1,1,1,1,0,0,0,1,0,1,0,0,1,0,1,1,0,1,1,1,0,1,0,1,1,0,0,0,0,0,1,0,1,0,0,0,1,1,0,1,1,1,0,1,0,1,1,0,1,0,0,0,1,0,1,0,0,1,1,0,1,0,0,0,1,0,1,0,0,1,0,1,0,1,0,1,0,1,0,0,1,0,1,0,1,1,0,0,0,0,1,1,1,0,0,0,0,1,0,0,1,0,1,1,0.0,-4533.190000000001,1
0,1,0,0,0,0,0,1,0,1,0,0,1,1,0,1,1,0,1,1,1,0,0,1,1,1,1,0,0,0,0,0,1,0,1,0,0,1,0,0,1,1,1,1,0,1,1,1,0,0,0,0,1,0,0,1,0,0,1,1,0,1,1,0,1,0,1,1,1,0,0,0,0,0,1,1,0,0,1,0,0,0,1,0,0,1,0,0,1,1,1,1,0,0,0,1,1,0,1,1,1,0,0,1,1,1,0,1,1,1,0,1,0,1,0,0,1,1,0,1,0,0,1,1,0,0,0,1,1,0,1,1,0,0,1,0,1,1,1,0,0,1,0,0,0,1,0,0,1,0,1,1,0,0,0,1,1,0,0,0,0,1,1,1,0,1,1,0,1,0,0,0,0,1,0,1,1,0,1,0,0.0,-4533.06,1
0,0,1,0,1,1,0,0,1,0,0,1,0,0,0,1,1,0,1,0,1,0,0,0,1,1,0,1,1,1,1,1,1,1,1,0,1,1,1,0,1,1,0,1,0,1,1,0,0,0,0,1,0,1,0,1,0,0,1,1,1,1,1,1,0,1,1,1,0,0,0,0,0,0,1,1,1,1,1,0,1,1,1,0,0,0,0,1,0,0,0,0,0,0,1,1,0,1,1,1,1,1,0,1,0,1,1,1,0,0,0,1,1,1,1,0,1,0,1,1,1,0,1,0,0,0,1,0,0,0,1,1,0,1,0,0,1,0,0,0,1,0,1,1,1,1,1,1,1,0,0,1,0,0,0,0,0,0,0,0,0,0,0,0,0,1,1,1,0,1,0,0,0,1,1,1,0,0,1,0,0.0,-4532.939999999998,1
1,0,1,1,0,0,1,1,0,1,1,0,1,1,1,0,1,1,0,1,0,1,1,1,0,1,1,0,0,1,1,0,0,0,0,1,0,0,1,1,0,0,0,0,1,0,0,1,1,1,1,1,0,1,1,0,0,1,1,1,1,0,0,1,1,0,0,1,1,1,0,1,1,0,0,1,0,0,0,0,0,0,1,0,1,1,1,1,0,1,0,1,1,1,1,1,0,0,1,0,0,0,0,0,0,1,1,0,1,1,1,1,1,0,0,1,0,0,0,0,0,0,0,1,0,1,1,1,1,1,1,0,1,1,1,1,0,0,0,1,0,0,0,1,0,0,0,0,0,0,1,0,1,1,1,1,1,0,1,0,0,1,1,1,1,0,0,0,0,0,1,1,1,1,0,0,0,1,1,1,0.0,-4532.27,1
0,0,1,1,0,0,1,1,0,1,1,0,1,0,1,0,1,1,0,1,0,1,1,1,0,1,1,1,0,0,0,0,0,0,0,1,1,0,0,1,0,0,0,0,1,0,0,0,1,0,1,1,1,1,1,0,0,1,1,1,1,0,0,1,1,0,0,1,1,1,0,1,1,1,0,1,0,0,0,0,1,1,1,0,1,1,0,1,0,0,0,0,1,1,1,0,0,1,1,0,0,1,1,0,0,1,1,0,0,0,1,1,0,0,0,1,0,0,1,0,0,0,0,0,0,1,1,1,0,1,1,0,1,1,0,1,0,0,0,1,0,0,0,1,1,0,0,0,0,0,0,0,1,1,1,1,0,1,1,0,0,1,0,0,1,1,0,1,0,1,1,1,1,1,0,0,0,1,1,1,0.0,-4532.259999999999,1
1,1,1,1,0,1,0,0,1,0,1,0,0,0,1,0,1,0,0,1,1,1,0,0,0,1,0,0,0,1,0,0,0,1,0,0,0,0,1,1,1,0,1,0,1,1,1,0,0,1,0,1,0,1,1,1,1,0,0,0,0,1,0,0,1,1,0,1,0,0,0,0,1,0,0,1,1,1,0,0,0,0,1,0,1,1,1,0,0,1,1,1,1,1,1,1,1,1,1,1,1,1,0,0,0,1,1,0,1,0,1,1,1,0,1,0,0,0,1,1,0,0,1,0,0,1,0,0,0,1,1,0,1,1,1,1,0,0,0,1,1,1,1,0,0,0,1,1,1,0,1,0,1,0,1,0,0,0,1,0,0,1,0,0,1,1,0,1,0,0,1,1,0,0,1,1,1,1,1,0,0.0,-4532.039999999998,1
0,0,0,0,0,1,1,0,1,0,1,1,0,0,0,0,0,1,0,1,0,1,1,0,0,0,1,0,0,1,1,0,0,0,0,1,0,0,1,1,1,0,1,0,1,0,0,0,1,0,1,0,0,1,1,0,0,1,0,1,1,0,0,0,1,1,0,0,0,1,1,0,1,0,1,0,1,1,0,1,0,0,0,1,1,0,0,0,1,0,1,0,1,1,0,0,1,0,0,1,1,1,1,0,1,1,1,0,1,0,0,0,1,0,1,1,0,1,1,0,1,1,1,0,0,1,0,0,0,0,0,0,1,0,1,1,0,1,1,1,1,1,1,0,0,0,1,0,1,0,1,0,1,0,0,0,0,1,1,1,1,1,0,1,1,0,1,0,0,0,1,1,0,0,1,1,1,1,0,0,0.0,-4532.039999999999,1
1,0,1,1,0,0,1,1,0,1,1,1,1,1,1,0,1,1,0,1,1,1,0,0,0,0,1,0,0,0,0,1,0,0,0,1,0,0,0,1,0,0,1,0,1,0,1,1,1,0,1,1,1,0,0,0,1,1,1,0,1,0,0,0,1,0,0,1,1,1,0,1,1,1,0,0,0,0,1,1,0,1,0,1,1,1,0,0,0,1,0,1,1,1,1,1,0,1,0,0,0,0,0,0,0,1,1,0,1,0,1,0,0,0,1,1,0,0,0,1,0,1,1,1,0,1,0,1,1,1,1,0,1,1,1,1,0,0,0,1,0,1,0,0,0,0,1,1,0,0,1,0,1,1,1,1,1,0,1,0,1,1,1,1,1,0,0,1,1,1,1,1,1,1,1,0,1,1,1,1,0.0,-4531.980000000002,1
0,1,0,0,0,0,0,1,1,1,1,0,0,0,0,0,0,0,0,1,1,1,0,0,0,1,1,0,0,0,0,0,0,0,0,1,0,0,0,1,1,0,1,0,1,1,0,1,0,0,0,0,1,1,1,1,0,0,0,1,0,1,0,0,1,0,0,0,0,0,1,0,1,0,1,1,0,0,1,0,0,0,1,0,1,1,0,1,0,1,1,0,1,1,0,1,1,0,1,1,0,0,0,0,1,0,0,0,1,1,0,1,0,0,1,0,0,1,0,1,0,0,1,0,0,1,0,1,1,0,0,0,1,0,1,1,0,1,1,1,0,1,0,1,0,0,1,1,1,1,0,0,1,0,0,1,1,0,1,1,0,1,1,1,1,0,1,0,0,0,1,1,1,0,1,1,1,1,0,0,0.0,-4531.89,1
1,0,0,0,1,0,0,0,1,0,0,0,0,1,1,1,0,0,1,0,1,0,0,0,1,0,1,1,1,1,0,1,0,0,1,0,1,1,1,0,1,1,0,1,0,0,0,1,1,0,0,0,0,0,0,1,0,0,0,1,1,0,1,1,0,1,1,1,1,0,1,1,0,1,1,0,1,1,1,0,1,1,0,1,1,1,0,0,1,0,1,1,0,0,0,1,0,0,1,0,1,0,0,1,1,0,0,1,0,0,0,0,1,1,1,0,1,1,0,1,0,0,0,1,0,0,1,0,1,0,0,1,0,0,0,0,1,1,1,0,1,0,1,0,1,1,1,0,1,1,0,1,0,0,0,0,1,0,0,0,1,0,0,1,0,0,1,0,1,1,0,0,0,0,1,1,0,0,1,0,0.0,-4531.810000000001,1
1,0,1,1,1,0,0,1,0,0,0,0,1,0,1,1,0,0,1,0,1,0,0,0,1,0,0,1,1,0,0,1,1,1,1,0,1,1,0,0,0,1,1,1,0,1,1,1,0,1,0,1,1,1,0,1,1,0,1,0,1,1,1,0,0,0,1,1,1,0,1,0,0,0,0,0,0,0,1,0,1,0,0,1,0,1,1,1,1,1,0,1,0,0,1,1,0,0,1,1,1,0,0,1,0,1,1,1,1,0,1,0,0,1,1,0,1,0,0,1,0,0,1,0,1,0,0,0,1,1,1,1,0,1,1,0,1,0,0,0,0,0,1,1,0,1,0,1,0,0,1,0,0,1,1,1,1,0,0,0,1,0,1,1,0,0,0,0,0,0,0,0,0,1,1,0,1,0,1,1,0.0,-4531.719999999999,1
1,0,0,1,1,0,0,1,0,1,1,0,1,1,1,1,0,0,1,0,1,0,0,1,1,1,1,0,1,1,0,1,1,0,1,0,0,0,1,1,1,1,0,0,0,1,1,0,0,0,0,0,0,1,0,1,1,0,0,0,1,1,1,1,0,0,0,1,1,0,1,1,1,1,0,1,0,0,1,0,0,1,1,0,0,1,0,1,0,1,1,1,0,1,0,1,1,0,1,0,1,1,0,0,1,1,0,1,0,1,1,1,1,1,0,0,1,1,1,1,0,0,0,1,0,0,1,1,0,1,0,0,0,0,0,0,1,1,1,0,0,0,0,0,1,1,0,0,1,0,1,1,0,0,1,1,0,0,0,0,0,0,1,1,0,1,0,0,0,1,0,0,0,0,0,1,0,0,1,0,0.0,-4531.699999999999,1
0,0,0,1,1,1,0,0,1,0,0,0,0,0,1,1,0,0,1,0,1,0,0,1,1,0,1,1,1,1,0,1,0,0,0,0,1,1,1,0,1,1,0,1,0,1,1,1,0,1,0,0,0,0,0,1,1,0,1,0,1,1,1,1,0,1,1,1,0,0,1,1,0,0,0,0,1,1,0,1,1,0,0,1,1,0,1,0,1,0,0,0,0,0,0,1,0,1,0,0,1,0,0,1,1,0,0,1,0,1,1,0,1,1,0,0,1,1,0,1,1,1,0,0,0,0,1,0,1,1,0,1,0,1,0,0,1,1,1,0,1,1,1,0,1,1,1,0,1,1,0,1,0,0,1,1,1,0,0,0,1,0,0,0,0,0,0,1,1,0,0,0,0,1,0,1,0,0,1,0,0.0,-4531.44,1
0,1,1,1,1,0,0,0,1,0,1,1,0,1,1,1,1,0,1,0,1,0,0,0,1,0,0,0,1,1,0,1,0,1,1,0,0,0,1,1,0,1,1,0,0,1,1,1,0,1,0,1,0,1,0,1,0,0,1,1,0,1,1,0,0,1,1,1,1,0,0,0,1,0,0,0,1,1,1,1,0,0,0,1,1,1,1,1,1,1,0,1,0,1,1,1,0,1,0,1,1,0,0,1,0,1,1,1,1,0,1,0,1,1,1,0,1,0,0,1,0,1,1,1,1,0,0,0,1,1,1,0,0,1,1,0,1,0,0,0,1,1,1,1,0,1,1,1,0,0,1,1,0,1,1,0,1,0,0,0,1,0,0,1,0,0,0,1,0,0,0,0,0,1,1,0,1,0,1,1,0.0,-4531.439999999999,1
0,1,1,0,1,0,0,0,1,0,0,0,0,1,0,1,1,0,1,0,1,0,0,1,1,0,1,1,1,1,0,1,1,0,1,0,1,1,0,0,0,1,1,1,0,1,1,1,0,1,0,1,0,0,0,1,0,0,1,1,0,1,1,1,0,0,1,0,1,0,0,1,0,1,1,0,1,1,1,0,1,0,0,1,0,1,1,0,1,0,1,1,0,0,1,1,0,0,1,0,1,0,0,1,0,1,1,1,0,0,0,0,1,1,0,0,1,0,1,1,0,0,0,1,1,0,1,0,0,0,1,1,1,1,0,0,1,0,0,0,1,0,1,0,1,1,0,0,0,0,0,0,0,1,0,0,0,0,0,1,1,0,0,1,0,1,1,0,1,0,0,0,0,1,0,0,0,0,0,1,0.0,-4531.299999999998,1
0,0,1,1,1,1,1,0,1,0,1,0,0,0,1,1,1,1,1,0,0,0,1,1,1,1,1,1,1,1,0,1,1,0,1,0,1,0,1,1,0,1,1,0,0,1,0,0,0,0,1,1,0,0,0,0,1,1,1,0,1,1,1,1,0,1,0,1,0,1,0,1,1,0,0,1,1,1,0,1,1,0,1,0,0,0,0,1,1,0,0,0,0,1,1,0,1,0,0,0,1,1,1,0,0,0,1,1,0,0,1,1,1,1,0,1,1,0,1,0,1,1,0,0,0,0,1,0,0,1,1,0,0,1,0,0,1,0,0,1,1,1,1,1,1,1,0,0,0,1,0,1,0,1,1,0,0,1,0,0,0,0,0,0,0,1,0,0,0,0,1,0,0,1,0,0,0,0,1,1,0.0,-4531.139999999999,1
1,0,1,0,0,1,0,1,0,1,1,1,1,0,0,1,1,0,1,1,1,1,0,1,1,0,0,0,0,0,0,0,1,1,1,0,0,0,0,1,0,0,1,0,0,1,1,0,0,1,0,1,1,1,0,1,0,0,1,1,1,1,1,0,1,1,0,0,0,0,0,0,1,1,1,0,0,0,1,0,0,1,0,1,0,0,1,0,1,1,1,0,0,1,1,0,0,0,1,1,0,1,1,0,0,1,1,0,0,0,0,1,0,1,0,0,1,0,1,1,1,0,1,0,1,0,1,1,0,0,1,0,0,1,1,0,1,0,0,0,0,0,0,0,0,1,0,1,0,0,1,1,0,1,0,1,0,1,1,1,0,1,1,0,0,0,1,0,1,1,0,0,1,1,0,0,1,0,0,1,0.0,-4530.979999999998,1
0,1,1,0,0,1,1,1,0,1,0,0,1,1,0,0,1,1,1,1,0,1,1,0,0,1,1,0,0,0,0,0,0,0,1,0,0,1,0,0,1,0,1,1,1,0,1,1,1,0,1,1,1,1,1,0,0,1,1,1,0,0,0,0,1,1,1,0,0,1,0,0,0,1,1,1,0,0,0,0,0,1,1,0,1,0,0,0,0,1,1,0,1,0,1,0,0,1,1,1,0,0,1,1,0,1,1,0,1,0,0,1,0,0,1,1,0,0,0,0,1,0,1,1,0,1,0,1,1,0,1,1,1,1,1,1,0,0,0,1,0,0,0,0,0,0,1,1,1,0,1,0,1,0,0,0,1,1,1,1,0,1,1,1,1,0,1,1,0,1,1,1,1,1,1,1,1,1,0,0,0.0,-4530.949999999999,1
0,1,1,0,0,0,1,0,1,0,1,1,0,0,0,0,1,1,0,1,0,1,1,0,0,1,1,0,0,0,0,0,0,0,0,1,0,1,0,0,0,0,1,1,1,0,0,0,1,1,1,1,1,1,1,0,0,1,1,1,0,0,0,0,1,0,1,0,1,1,0,0,1,1,1,1,1,1,0,0,0,1,1,0,1,1,1,1,0,1,0,1,1,0,1,1,0,0,1,1,1,1,0,1,0,1,0,0,1,0,0,1,0,0,1,1,0,0,1,0,0,0,1,0,1,1,0,0,0,0,1,1,0,1,1,1,0,0,0,1,1,1,1,1,0,0,1,1,0,0,1,1,1,1,0,0,0,0,1,1,0,1,0,0,1,1,1,0,0,1,1,1,0,1,1,0,1,1,0,1,0.0,-4530.8499999999985,1
0,1,0,0,1,0,1,0,1,0,0,0,0,1,0,1,0,1,1,0,0,0,1,1,1,0,1,1,1,1,0,1,0,0,1,0,1,0,1,0,1,1,1,0,0,0,0,1,1,0,1,0,0,1,1,0,0,1,0,1,0,0,1,0,0,0,0,0,1,1,1,0,0,0,1,0,1,1,0,1,1,0,0,1,1,1,0,0,1,0,0,1,0,0,0,0,1,0,0,1,1,0,1,1,1,1,0,1,1,1,0,1,1,1,0,1,1,1,0,0,0,1,1,1,0,0,0,0,1,0,0,0,0,0,1,0,1,1,1,0,1,1,1,0,0,1,1,1,1,0,0,1,0,0,0,1,1,1,0,1,0,0,0,1,0,0,1,0,1,0,0,0,0,0,0,1,1,0,0,0,0.0,-4530.7699999999995,1
1,1,1,0,0,1,0,0,1,0,0,0,0,0,0,0,1,0,0,1,1,1,0,1,0,0,1,0,0,1,0,0,1,0,0,1,0,1,1,0,1,0,0,1,1,1,0,0,0,0,0,1,0,1,1,1,0,0,1,1,0,1,0,1,1,1,0,1,0,0,0,1,0,1,1,0,1,1,0,1,0,1,0,1,0,0,0,0,1,1,1,0,1,0,1,1,1,1,0,0,1,1,0,1,0,0,1,0,1,0,0,0,1,0,0,0,0,0,1,1,1,1,0,0,0,1,1,0,0,0,1,1,1,1,0,1,0,0,0,1,1,1,1,0,1,0,0,0,0,1,1,0,1,1,0,0,0,0,1,0,1,1,0,0,1,1,1,1,1,1,1,1,0,1,0,0,0,1,1,0,0.0,-4530.7699999999995,1
1,1,1,1,1,0,1,1,0,1,1,1,1,1,1,1,1,1,1,0,0,0,1,1,0,0,0,1,1,0,0,1,0,1,1,0,1,0,0,1,0,1,1,0,0,0,1,1,1,0,1,1,1,1,1,0,1,1,1,0,0,0,1,0,0,0,1,1,1,1,0,0,1,0,0,0,0,0,0,0,1,0,0,1,1,1,0,1,1,0,1,1,0,1,1,1,0,0,1,1,0,0,0,0,0,1,1,1,1,0,1,1,0,0,0,1,1,0,0,0,0,0,1,1,0,0,0,1,1,1,1,0,1,1,1,0,1,0,0,0,0,1,0,1,0,1,0,1,0,0,1,0,0,1,1,1,1,0,0,0,0,0,1,0,1,0,0,0,0,0,0,0,1,1,0,0,1,0,1,1,0.0,-4530.72,1
1,0,1,0,0,0,0,0,1,0,1,1,0,0,0,1,0,0,1,1,1,1,0,1,0,0,1,0,0,1,0,0,1,0,1,0,0,1,1,0,0,0,1,1,0,1,0,0,0,1,0,1,0,1,0,1,0,0,0,1,1,1,1,0,1,0,0,0,1,0,1,0,1,0,1,0,1,1,1,1,0,0,0,1,0,1,1,0,1,1,0,1,0,0,1,1,0,1,0,1,1,1,0,0,0,1,1,0,1,0,0,0,1,1,0,0,1,0,1,1,0,1,1,0,1,0,0,0,0,0,0,1,0,1,1,0,1,0,0,0,1,1,1,0,1,1,0,1,0,0,1,1,0,1,0,0,0,0,1,1,1,1,0,0,0,1,1,1,1,0,0,0,0,0,0,0,1,0,0,1,0.0,-4530.649999999999,1
0,1,1,1,0,1,1,0,1,0,1,1,0,1,1,0,1,1,0,1,0,1,1,0,0,0,0,1,0,1,1,0,0,1,0,1,1,0,1,1,0,0,0,0,1,0,1,1,1,0,1,1,0,0,1,0,1,1,1,0,0,0,0,1,1,1,0,1,0,1,0,1,1,0,0,0,1,1,0,1,1,0,0,0,1,0,0,1,0,1,0,0,0,1,1,1,0,0,0,0,1,0,0,0,0,0,1,0,0,0,1,0,1,0,1,0,0,0,0,0,1,1,0,1,1,1,1,0,1,1,1,0,1,1,0,1,0,0,0,1,1,1,1,1,1,0,1,0,0,1,1,0,1,1,1,1,1,0,1,0,1,1,0,0,1,0,0,0,1,0,1,1,0,1,1,0,0,1,1,1,0.0,-4530.54,1
0,1,1,1,0,1,0,0,1,0,1,0,0,1,1,0,1,0,0,1,1,1,0,0,0,1,1,0,0,1,0,0,0,0,0,1,0,0,1,1,0,0,0,0,1,1,1,1,0,1,0,1,0,0,1,1,1,0,0,0,0,1,0,1,1,1,1,1,0,0,0,1,1,0,0,1,1,1,0,0,0,0,1,0,1,0,1,1,0,1,1,0,1,1,1,1,0,0,0,0,0,0,0,0,0,0,1,0,0,0,1,0,1,0,1,0,0,0,0,1,1,1,0,1,1,1,1,0,1,1,1,0,1,1,0,1,0,0,0,1,1,0,1,1,1,0,0,0,0,1,0,0,1,1,1,0,1,0,1,0,1,1,0,0,1,0,0,0,1,0,1,1,1,0,1,0,0,1,1,1,0.0,-4530.509999999999,1
0,1,0,0,1,1,1,1,0,1,0,1,1,0,0,1,0,1,1,0,0,0,1,0,1,1,1,1,1,0,0,1,1,0,1,0,1,1,0,0,1,1,1,1,0,1,0,0,0,0,1,0,1,1,0,0,0,1,0,1,0,1,1,0,0,1,1,0,0,1,1,0,0,1,1,1,0,0,0,0,1,1,1,0,0,0,0,1,1,0,1,0,0,0,0,0,1,0,1,1,0,1,1,1,1,1,0,1,1,0,0,1,0,1,1,1,1,1,1,0,1,0,1,0,1,0,0,1,0,0,0,1,0,0,1,0,1,1,1,0,0,0,0,1,0,1,1,0,1,0,1,1,0,0,0,1,0,1,0,1,0,0,1,1,0,1,1,0,0,1,0,0,1,0,1,1,1,0,1,1,0.0,-4530.399999999999,1
0,1,0,1,0,1,0,1,0,1,1,0,1,0,1,0,0,0,0,1,1,1,0,1,1,0,1,0,0,0,0,0,1,0,0,1,0,0,0,1,1,0,1,0,1,1,1,0,0,1,0,0,1,1,0,1,1,0,0,0,0,1,0,0,1,1,0,1,0,0,1,0,1,0,0,0,0,0,0,0,0,0,0,1,0,0,1,0,1,1,0,0,1,1,0,0,1,0,1,1,0,1,1,0,1,1,0,0,1,1,1,0,0,1,0,0,0,1,1,1,1,0,1,0,0,1,0,1,0,1,0,0,0,0,1,1,0,1,1,1,0,1,1,0,0,0,0,1,1,0,1,1,1,0,1,1,0,1,1,0,1,1,1,0,0,1,0,0,1,0,1,1,1,0,0,1,1,1,1,0,0.0,-4529.999999999999,1
0,0,1,1,1,0,0,0,1,0,1,0,0,0,1,1,0,0,1,0,1,0,0,0,1,1,0,1,1,1,0,1,0,1,1,0,1,0,1,1,1,1,0,0,0,1,0,0,0,1,0,1,0,1,0,1,1,0,1,0,1,1,1,1,0,0,0,1,1,0,0,1,1,0,0,1,1,1,1,0,1,0,1,0,1,1,1,1,0,1,0,1,0,1,1,1,0,0,1,0,1,1,0,0,0,0,1,1,0,0,1,1,1,1,1,0,1,0,1,1,0,0,0,0,0,0,1,0,0,1,1,0,0,1,0,0,1,0,0,0,1,1,1,1,1,1,1,0,1,1,1,1,0,0,1,0,0,0,0,0,0,1,0,1,0,1,0,0,0,0,0,0,0,1,1,1,0,0,1,0,0.0,-4529.959999999998,1
0,1,0,1,1,0,0,1,0,1,0,0,1,1,0,1,0,0,1,0,1,0,0,1,1,0,0,1,1,0,0,1,1,1,1,0,1,1,0,0,1,1,0,1,0,1,0,1,0,0,0,0,1,0,0,1,1,0,0,0,0,1,1,1,0,0,1,0,1,0,1,1,0,1,0,0,0,0,0,1,1,1,0,1,0,1,0,0,1,1,1,0,0,0,0,0,1,0,0,0,1,0,1,1,1,0,0,1,0,0,1,0,0,1,0,0,1,1,0,1,0,1,0,1,0,0,1,1,1,1,0,1,0,0,0,0,1,1,1,0,0,1,0,0,1,1,1,0,1,1,1,1,0,0,1,1,1,1,0,1,1,0,1,1,0,1,0,0,1,1,0,0,0,0,0,1,0,0,0,0,0.0,-4529.78,1
1,1,1,0,0,1,1,0,1,0,1,0,0,0,0,0,1,1,0,1,0,1,1,0,0,0,1,0,0,1,1,0,0,0,0,1,0,0,1,1,1,0,1,0,1,0,1,0,1,0,1,1,0,1,1,0,0,1,1,1,0,0,0,0,1,1,0,0,0,1,0,0,1,1,1,1,1,1,0,0,0,1,1,0,1,0,0,1,1,1,0,0,1,1,1,1,0,0,1,1,1,1,0,0,0,1,1,0,1,0,0,0,1,0,1,1,0,0,1,0,1,0,1,0,0,1,0,0,0,0,1,0,1,1,1,1,0,0,0,1,1,0,1,1,1,0,1,1,1,0,1,1,1,0,0,1,0,0,1,1,1,1,0,0,1,1,1,0,0,1,1,1,0,1,1,1,1,1,0,0,0.0,-4529.759999999999,1
1,1,0,1,0,1,0,1,0,1,1,0,1,0,1,1,0,0,1,1,1,0,0,1,1,1,0,0,0,0,1,0,1,1,1,0,0,1,0,0,0,1,0,1,0,1,0,0,0,0,0,0,1,0,0,1,1,0,0,0,0,1,1,1,1,1,0,1,0,0,1,1,1,0,0,1,0,0,1,1,0,0,1,0,0,1,0,0,1,0,1,0,0,0,0,1,1,0,0,0,0,1,0,0,1,1,0,1,0,1,1,1,0,1,0,0,1,1,1,1,0,1,0,0,1,0,1,1,0,1,0,1,0,0,0,0,1,1,1,0,0,1,0,0,1,1,0,0,0,0,0,1,0,1,1,1,0,0,0,0,0,1,1,0,0,1,0,0,1,0,0,0,1,0,0,0,0,0,1,1,0.0,-4529.719999999999,1
1,0,1,0,0,0,0,0,1,0,0,0,0,1,1,0,1,0,0,1,1,1,0,0,0,1,0,0,0,1,0,0,1,1,0,1,0,1,1,0,1,0,1,1,1,1,1,1,0,0,0,1,0,1,1,1,0,0,1,1,1,1,0,0,1,0,0,1,0,0,0,0,0,1,1,1,1,1,1,0,0,1,1,0,0,1,0,1,0,1,0,0,1,0,1,1,0,0,1,1,0,0,0,1,0,1,1,0,1,1,0,1,1,0,1,0,0,0,0,1,0,0,1,1,0,1,0,0,1,0,1,1,1,1,1,1,0,0,0,1,1,0,1,1,0,0,1,1,0,0,1,0,1,1,0,0,1,0,1,0,0,1,0,0,1,1,1,0,0,1,1,1,1,1,1,0,1,1,1,0,0.0,-4529.669999999999,1
0,0,1,0,1,0,1,0,1,0,1,0,0,0,0,1,1,1,1,0,0,0,1,1,1,0,0,1,1,1,1,1,0,1,1,0,1,0,1,1,0,1,0,0,0,0,1,1,1,0,1,1,0,1,0,0,0,1,1,1,1,0,1,1,0,0,1,0,1,1,0,1,1,0,1,0,1,1,0,0,1,0,0,1,1,0,0,1,1,1,1,0,0,1,1,0,1,1,1,0,1,0,1,0,0,0,0,1,0,0,0,0,1,1,0,1,1,0,1,1,1,0,0,0,1,0,1,0,0,0,1,0,0,1,0,0,1,0,0,0,1,0,1,1,1,1,0,0,0,1,1,1,0,1,0,1,0,1,0,1,1,0,0,0,0,1,1,1,0,0,0,0,0,1,0,0,0,0,0,1,0.0,-4529.529999999999,1
0,0,1,0,1,0,0,0,1,0,1,0,0,1,0,1,1,0,1,0,1,0,0,1,1,0,1,1,1,1,0,0,1,0,1,0,1,0,0,1,0,1,0,0,0,1,1,1,0,1,0,1,1,1,0,1,0,0,1,1,1,1,1,1,0,0,0,0,1,0,0,1,1,1,1,0,1,1,1,1,1,1,0,1,0,1,1,0,1,0,1,1,0,1,1,1,0,1,0,0,1,0,0,0,0,0,1,1,1,0,0,0,1,1,0,0,1,0,0,0,0,1,0,1,1,0,1,0,1,0,1,0,0,1,0,0,1,0,0,0,1,1,1,0,1,1,0,0,0,1,1,1,0,1,0,0,1,0,0,1,1,0,0,0,0,0,1,1,0,1,0,0,0,1,0,0,0,0,0,1,0.0,-4528.99,1
0,1,1,1,1,0,1,0,1,0,1,0,0,1,0,1,0,1,1,0,0,0,1,1,1,0,1,1,1,1,1,1,0,0,1,0,1,0,1,1,0,1,1,0,0,0,0,1,1,0,1,1,0,1,0,0,1,1,0,0,0,0,1,0,0,0,0,0,1,1,1,0,1,0,0,0,1,1,0,1,1,0,0,1,1,0,0,1,1,0,0,1,0,1,1,0,0,1,0,1,1,0,1,0,0,1,1,1,1,1,1,0,1,1,0,1,1,0,1,0,1,1,1,1,0,0,0,0,1,1,0,0,0,1,1,0,1,0,0,0,1,1,1,0,0,1,0,1,0,0,0,1,0,1,1,0,1,1,0,1,1,0,0,0,0,0,0,1,0,0,0,0,0,0,0,0,1,0,0,1,0.0,-4528.96,1
0,1,1,1,0,1,0,1,0,0,0,1,1,0,0,0,1,0,0,1,1,1,0,1,0,1,1,1,0,0,0,0,0,0,0,1,1,1,0,0,1,0,0,1,1,0,0,0,1,1,0,1,1,1,1,1,1,0,1,0,0,0,0,1,1,1,0,0,0,0,0,1,0,0,0,1,0,0,1,0,1,0,1,0,1,0,1,1,0,0,1,0,1,0,1,1,0,0,1,0,1,1,0,1,0,1,1,0,0,0,1,1,0,0,0,0,0,0,1,1,1,0,0,0,0,1,1,0,0,1,1,1,1,1,0,1,0,0,0,1,0,1,1,1,1,0,1,0,1,0,0,0,1,0,1,1,0,0,1,1,0,1,1,0,1,1,0,0,0,0,1,1,0,1,0,1,0,1,0,0,0.0,-4528.889999999998,1
1,1,0,0,0,0,1,1,0,1,1,1,1,1,0,0,0,1,0,1,0,1,1,0,0,0,1,0,0,0,0,0,0,0,0,1,0,0,0,1,1,0,0,0,1,0,0,1,1,0,1,0,1,1,1,0,0,1,0,1,0,0,0,1,1,0,0,0,1,1,1,1,1,1,0,0,0,0,0,0,0,1,0,0,1,1,0,1,0,1,1,1,1,1,0,1,0,0,1,0,0,0,0,0,1,1,1,0,0,1,0,0,0,0,1,1,0,1,0,0,0,0,0,1,1,1,1,1,1,0,0,0,1,0,0,1,0,1,1,1,0,1,0,1,1,0,1,1,1,0,1,0,1,0,0,1,1,0,1,1,1,1,1,1,1,0,1,0,0,1,1,1,1,0,1,1,0,1,0,0,0.0,-4528.669999999999,1
0,0,0,0,1,0,0,1,0,1,1,1,1,1,0,1,1,0,1,0,1,0,0,0,1,0,1,0,1,0,1,1,1,0,1,0,0,0,0,1,1,1,1,0,0,1,0,1,0,1,0,0,1,0,0,1,1,0,1,0,1,1,1,0,0,0,0,0,1,0,0,1,1,1,0,0,0,0,1,1,0,1,0,1,0,1,1,0,1,1,0,1,0,1,0,1,1,1,0,0,0,0,0,0,1,1,0,1,1,1,0,1,0,1,1,0,1,1,0,1,0,1,1,1,1,0,0,1,1,0,1,0,0,0,1,0,1,1,1,0,0,1,0,0,0,1,1,1,1,0,1,1,0,0,0,1,1,0,0,1,0,0,1,1,0,0,1,1,1,1,0,0,1,1,1,1,1,0,0,0,0.0,-4528.580000000001,1
0,1,0,0,1,0,1,0,1,0,1,1,0,0,0,1,0,1,1,0,1,0,0,1,1,1,1,1,1,1,0,1,0,0,1,0,0,0,1,1,1,1,1,0,0,0,0,0,1,0,1,0,0,1,0,0,0,1,0,1,0,0,1,0,0,0,1,0,1,1,1,0,1,0,1,1,1,1,1,0,1,0,1,0,1,1,0,0,1,1,0,1,0,1,0,0,1,1,1,1,1,1,1,0,1,1,0,1,1,0,0,0,1,1,0,1,1,1,1,1,0,0,1,0,0,0,0,0,0,0,0,0,0,0,1,0,1,1,1,0,1,0,1,0,0,1,0,1,1,0,1,1,0,0,0,0,0,1,0,1,1,0,0,1,0,1,1,1,1,0,0,0,0,0,0,1,1,0,0,0,0.0,-4528.319999999999,1
1,0,1,1,0,0,0,0,1,0,1,0,0,0,1,0,1,0,0,1,1,1,0,1,0,1,1,0,0,1,0,0,1,0,0,1,0,1,1,0,0,0,0,1,1,1,0,1,0,1,0,1,0,1,1,1,1,0,1,0,1,1,1,1,1,0,0,1,1,0,0,0,1,1,0,1,1,1,0,0,0,1,1,0,0,1,1,0,0,1,0,1,1,0,1,0,0,0,1,1,1,0,1,0,0,0,1,0,0,0,1,1,1,0,0,0,0,0,0,1,0,0,0,0,1,1,1,0,1,1,1,1,1,1,0,0,0,0,0,0,1,0,1,0,1,0,1,0,0,1,1,0,1,1,1,0,1,1,1,0,0,1,0,0,1,0,0,0,0,1,0,1,0,1,0,0,0,1,1,1,0.0,-4528.22,1
0,1,1,0,0,1,0,0,1,0,1,1,0,0,0,1,1,0,1,1,1,1,0,0,0,1,0,1,0,1,0,0,1,1,1,0,1,0,1,1,0,0,1,0,0,1,0,0,0,0,0,1,0,0,1,1,0,0,0,1,0,1,1,0,1,1,0,0,0,0,1,0,1,0,1,1,1,1,1,0,1,0,1,0,0,0,0,0,1,0,1,0,0,1,1,0,0,0,1,1,1,1,1,0,0,1,1,0,1,1,0,1,1,0,1,0,1,0,1,1,1,0,1,0,1,0,0,0,0,0,0,0,1,1,1,0,1,0,0,0,1,0,1,0,0,1,1,1,0,0,0,0,0,1,0,0,0,1,1,1,0,1,0,0,1,1,1,0,1,0,0,0,0,0,1,0,1,0,0,1,0.0,-4528.159999999998,1
0,0,0,0,1,1,0,1,0,1,1,1,1,0,0,1,0,0,1,0,1,0,0,1,1,1,0,1,1,0,1,1,1,1,0,0,1,0,0,1,0,1,0,0,0,1,0,1,0,1,0,0,1,1,0,1,0,0,0,1,1,1,1,1,0,1,0,0,0,0,0,1,1,1,1,1,0,0,1,0,1,1,1,0,0,0,1,0,1,0,1,0,0,1,0,0,1,0,1,0,0,0,1,0,1,0,0,1,0,1,0,1,0,1,0,0,1,1,0,1,1,0,0,0,1,0,1,1,1,0,0,0,0,0,0,0,1,1,1,0,0,0,0,0,0,1,0,0,0,1,0,1,0,1,0,1,1,1,0,1,0,0,1,1,0,0,1,0,0,1,0,0,1,0,0,0,0,0,0,1,0.0,-4528.139999999999,1
1,1,1,0,0,0,0,0,1,0,1,0,0,0,0,1,1,0,1,1,1,1,0,0,1,1,1,1,0,1,0,0,1,0,1,0,1,1,1,0,0,0,0,1,0,1,1,1,0,0,0,1,0,1,0,1,0,0,1,1,0,1,1,1,1,0,0,0,1,0,0,1,1,0,1,1,1,1,0,0,1,0,1,0,0,1,0,1,1,1,1,1,0,0,1,0,0,1,1,0,1,0,1,0,0,0,1,0,0,0,0,1,1,1,1,0,1,0,0,1,0,0,0,0,1,0,0,0,1,0,1,1,0,1,0,0,1,0,0,0,1,0,1,1,1,1,1,0,0,1,1,1,0,1,0,1,1,1,1,1,0,1,0,0,0,0,1,1,0,0,0,0,0,1,1,0,0,0,0,1,0.0,-4528.05,1
1,1,1,1,0,0,0,1,0,1,1,0,1,0,0,1,1,0,1,1,1,1,0,0,0,0,1,0,0,0,0,0,1,0,1,0,0,0,0,1,0,0,0,0,1,1,1,1,0,1,0,1,1,1,1,1,1,0,1,0,0,1,1,1,1,0,1,0,1,0,0,1,1,0,0,0,0,0,1,0,0,0,0,1,0,1,1,1,0,1,1,1,1,1,1,0,0,1,1,0,0,0,1,0,0,0,1,0,0,0,1,0,0,0,1,0,1,1,0,1,0,0,0,0,0,0,1,1,1,1,1,0,1,1,0,0,1,0,0,0,0,0,0,1,1,0,0,0,0,1,1,1,0,1,1,1,1,1,1,1,1,1,1,0,1,0,0,1,0,0,0,0,1,1,1,0,0,1,0,1,0.0,-4527.670000000001,1
1,0,0,1,0,1,1,0,1,0,1,1,0,0,1,0,0,1,0,1,0,1,1,0,0,0,1,0,0,1,1,0,0,0,0,1,0,0,0,1,1,0,0,0,1,0,1,0,1,0,1,0,1,0,1,0,1,1,0,0,1,0,0,1,1,1,0,1,0,1,1,1,1,0,0,0,1,1,1,1,0,0,0,1,1,0,0,1,0,1,1,0,1,1,0,1,1,0,0,0,1,1,0,0,1,0,1,0,0,1,1,0,1,0,1,1,0,0,1,0,1,1,0,0,1,1,1,0,0,1,0,0,1,0,0,1,0,1,1,1,1,1,1,1,1,0,1,0,1,1,1,0,1,0,1,0,0,0,1,0,1,0,0,0,1,1,0,0,0,0,1,1,0,0,1,1,0,1,1,0,0.0,-4527.61,1
0,0,1,0,0,1,0,0,1,0,0,0,0,1,1,0,1,0,0,1,1,1,0,0,0,0,1,1,0,1,0,0,1,0,0,1,1,0,1,1,0,0,1,0,1,1,1,0,0,0,0,1,0,0,1,1,0,0,0,1,1,1,0,0,1,1,0,1,0,0,0,0,1,0,1,0,1,1,1,1,1,0,0,1,0,0,0,0,0,1,1,0,1,1,1,1,1,0,0,1,1,1,0,0,0,1,1,0,1,0,0,0,1,0,1,0,0,0,1,1,1,1,1,1,0,1,0,0,0,0,1,0,1,0,1,1,0,0,0,1,1,1,1,0,0,0,1,1,0,0,1,0,1,1,0,0,0,0,1,0,1,1,0,0,1,1,1,0,1,0,1,1,0,0,1,0,1,1,1,1,0.0,-4527.48,1
0,0,1,1,0,0,0,0,1,0,1,1,0,0,0,1,0,0,1,1,1,1,0,1,1,1,1,1,0,1,0,0,1,0,1,0,1,0,1,1,0,0,1,0,0,1,0,0,0,0,0,1,0,1,0,1,1,0,0,0,1,1,1,0,1,0,1,0,1,0,1,0,1,0,0,1,1,1,1,1,1,0,1,0,0,1,0,1,1,0,0,1,0,1,1,1,0,0,0,1,1,1,0,0,0,0,1,0,0,0,1,1,1,1,0,0,1,0,1,1,0,1,1,0,0,0,1,0,0,1,0,0,0,1,0,0,1,0,0,0,1,1,1,1,1,1,0,1,0,1,0,1,0,1,1,0,0,0,1,1,0,1,0,0,0,1,0,0,0,0,0,0,0,0,0,0,0,0,0,1,0.0,-4527.359999999999,1
0,1,0,0,1,1,1,1,0,1,1,1,1,0,1,1,0,1,1,0,0,0,1,1,1,0,1,1,1,0,1,1,0,0,0,0,1,0,1,1,1,1,0,0,0,0,1,1,1,1,1,0,1,0,0,0,0,1,0,1,0,0,1,1,0,1,1,1,0,1,1,1,1,1,1,0,0,0,1,1,1,1,0,1,1,0,1,0,1,0,1,0,1,1,0,1,0,1,0,0,0,0,0,0,1,1,0,1,0,1,0,0,0,1,0,1,1,1,0,0,1,1,0,0,1,0,1,1,1,0,0,0,0,0,0,0,1,1,1,0,0,1,0,0,1,1,0,0,1,0,0,1,0,0,0,1,1,0,0,0,1,0,1,1,0,1,1,1,1,1,0,0,1,0,0,1,0,0,1,0,0.0,-4527.299999999999,1
0,1,1,1,0,1,1,0,0,0,1,0,1,1,1,0,1,1,0,1,0,1,1,1,0,1,1,1,0,1,1,0,0,0,0,1,1,0,1,1,1,0,0,0,1,0,1,0,1,0,1,1,0,0,1,0,1,1,1,0,0,0,0,1,1,1,0,1,0,1,0,1,1,0,0,1,1,1,0,0,1,0,1,0,1,1,0,0,0,0,0,0,1,1,1,1,0,1,1,0,0,1,0,0,0,0,1,0,0,0,1,1,1,0,0,1,0,0,1,0,0,0,0,1,1,1,1,0,0,1,1,0,1,1,0,1,0,0,0,1,1,0,1,0,1,0,1,1,1,1,0,0,1,0,1,0,0,0,1,0,0,1,0,1,1,1,0,1,1,0,1,1,1,1,0,1,0,1,1,0,0.0,-4527.16,1
0,1,1,1,1,1,0,1,0,1,0,0,1,0,1,1,1,0,1,0,1,0,0,0,1,1,1,1,1,0,0,1,1,0,0,0,1,0,1,1,1,1,1,0,0,1,1,0,0,0,0,1,0,0,0,1,1,0,1,0,0,1,1,0,0,1,0,1,0,0,0,0,0,1,0,1,0,0,1,0,1,1,1,0,0,0,0,0,1,0,1,0,0,1,1,1,0,0,1,1,0,1,0,1,0,1,1,1,1,0,1,1,0,1,1,0,1,0,1,1,1,0,1,0,1,0,0,1,0,1,1,0,0,1,1,0,1,0,0,0,0,1,0,0,0,1,1,1,0,0,0,1,0,1,1,1,0,0,0,0,0,0,1,1,0,1,0,0,1,1,0,0,1,1,1,0,1,0,1,1,0.0,-4526.999999999999,1
0,1,1,0,1,1,0,0,1,0,1,1,0,1,0,1,1,0,1,0,0,0,1,0,1,1,1,1,1,1,0,1,1,0,0,0,1,0,1,1,1,1,1,0,0,1,1,1,0,1,0,1,0,1,0,1,0,0,1,1,0,1,1,0,0,1,0,0,0,0,0,0,1,1,1,1,1,1,0,0,1,1,1,0,0,0,1,0,1,0,0,0,0,1,1,1,0,0,1,1,0,0,0,0,0,1,1,1,1,0,0,1,1,1,1,0,1,0,0,0,1,0,1,1,1,0,0,0,1,0,1,0,1,1,1,0,1,0,0,0,1,1,1,0,0,1,1,1,1,0,0,0,0,0,0,0,1,0,0,1,0,0,0,1,0,0,1,0,1,1,0,0,1,1,1,1,1,0,0,0,0.0,-4526.9,1
0,1,0,1,1,1,0,0,1,0,1,0,0,0,1,0,0,0,0,0,1,0,0,0,0,0,0,1,1,1,0,1,1,1,0,1,1,0,1,1,1,1,1,0,1,1,0,1,0,1,0,0,0,1,1,1,1,0,0,0,0,1,0,0,0,1,1,1,0,0,1,0,1,0,0,0,1,1,0,1,1,0,0,1,0,1,1,1,0,0,0,0,1,1,0,0,1,1,0,1,1,0,1,0,1,1,0,1,1,1,1,0,1,0,1,0,0,1,0,1,0,1,1,0,0,1,0,0,1,1,0,0,1,0,1,1,1,1,1,1,1,1,1,1,0,0,1,1,1,0,0,0,1,0,1,0,1,1,0,0,1,0,0,1,1,0,0,1,0,0,1,1,0,0,1,1,1,1,0,0,0.0,-4526.839999999999,1
1,1,0,0,1,0,0,1,0,1,0,1,1,0,0,1,1,0,1,0,1,0,0,0,1,1,0,1,1,0,0,1,1,1,1,0,1,0,0,1,1,1,1,0,0,1,1,1,0,1,0,0,1,1,0,1,0,0,1,1,0,1,1,0,0,0,0,0,1,0,0,0,0,1,1,1,0,0,1,0,1,1,1,0,0,1,1,0,1,0,0,1,0,1,0,1,0,0,1,1,0,0,0,0,1,0,0,1,1,1,0,1,0,1,1,0,1,1,0,1,0,0,1,0,1,0,0,1,1,0,1,0,1,1,1,0,1,1,1,0,0,1,0,0,0,1,0,1,1,1,0,0,0,0,0,0,1,0,0,1,0,0,1,1,0,1,1,0,0,1,0,0,1,1,1,1,1,0,0,0,0.0,-4526.82,1
1,1,1,0,0,1,0,0,1,0,1,1,0,1,0,1,1,0,1,1,1,1,0,1,1,0,1,1,0,0,1,0,0,0,1,1,1,0,0,1,0,0,1,0,0,1,1,1,0,1,0,1,1,0,0,1,0,0,1,1,0,1,1,0,1,1,0,0,0,0,0,0,1,0,1,0,1,0,1,1,1,0,0,1,1,0,1,0,1,0,1,0,0,1,1,0,0,1,0,1,1,0,1,0,0,1,1,0,1,0,0,0,0,1,0,0,1,0,0,1,1,1,1,1,1,0,0,0,1,0,1,0,0,1,1,0,1,0,0,0,0,1,1,0,0,1,0,1,0,0,0,1,0,1,0,1,1,1,1,1,1,1,0,1,0,0,1,1,1,0,0,0,0,1,0,0,1,0,0,1,0.0,-4526.62,1
1,0,1,0,0,0,0,0,1,0,1,1,0,1,1,1,1,0,1,1,1,0,0,1,1,0,1,0,0,1,0,0,1,0,1,0,0,0,1,1,0,1,1,0,0,1,1,0,0,0,0,1,0,1,0,1,0,0,1,1,1,1,0,0,1,0,1,1,1,0,0,0,1,0,1,0,1,1,1,0,0,0,0,1,0,1,0,1,1,1,0,1,0,1,1,1,0,1,1,1,1,1,0,0,0,1,1,1,1,0,0,0,1,1,0,0,1,0,1,1,0,0,1,1,0,0,0,0,0,0,1,0,0,1,1,1,1,0,0,1,1,0,1,1,1,1,1,1,0,0,1,1,0,1,0,0,0,0,0,0,1,1,0,0,0,1,1,1,0,0,1,0,0,1,0,0,1,0,1,1,0.0,-4526.530000000001,1
0,0,1,1,0,1,0,0,1,0,0,0,0,0,0,0,1,0,0,1,1,1,0,1,0,1,1,0,0,1,0,0,1,0,0,1,0,1,1,0,1,0,1,1,1,1,1,0,0,1,0,1,0,1,1,1,1,0,1,0,0,1,0,0,1,1,0,0,0,0,0,0,0,1,0,1,1,1,0,0,0,0,1,0,0,1,1,1,0,1,0,0,1,0,1,0,0,1,1,1,1,1,1,1,0,1,1,0,1,0,1,0,1,0,0,0,0,0,1,1,0,0,1,0,1,1,0,0,0,1,1,1,1,1,1,1,0,0,0,1,1,1,1,1,0,0,1,1,1,0,1,0,1,0,1,0,0,1,1,1,1,1,0,1,1,1,0,1,0,0,1,1,0,1,0,1,1,1,0,0,0.0,-4526.419999999999,1
0,0,0,1,1,0,0,1,0,1,1,1,1,0,0,1,0,0,1,0,1,0,0,0,1,0,1,1,1,0,1,1,1,0,0,0,1,0,0,1,1,1,0,0,0,1,0,1,0,1,0,0,1,1,0,1,0,0,0,1,1,1,1,1,0,0,0,0,1,0,1,1,1,1,1,0,0,0,1,1,1,1,0,1,0,1,1,1,1,0,0,1,0,1,0,1,1,1,0,0,0,0,0,0,1,0,0,1,0,0,1,0,0,1,1,0,1,1,0,1,0,1,0,0,1,0,1,1,1,1,0,0,0,0,0,0,1,1,1,0,0,0,0,1,1,1,1,0,1,1,0,0,0,0,1,1,1,0,0,1,1,0,1,1,0,0,0,1,0,1,0,0,1,0,1,1,0,0,0,0,0.0,-4526.36,1
0,0,0,1,1,0,1,1,0,1,1,1,1,0,1,1,0,1,1,0,0,0,1,1,1,1,1,1,1,0,0,1,0,0,1,0,1,0,0,1,0,1,0,0,0,0,1,0,1,0,1,0,1,0,0,0,1,1,0,0,1,0,1,1,0,1,0,1,1,1,1,1,1,1,0,1,0,0,0,0,1,1,1,0,1,0,0,0,1,0,0,0,0,1,0,0,1,0,0,0,0,1,1,0,1,0,0,1,0,1,1,0,0,1,0,1,1,1,1,0,1,1,0,0,0,0,1,1,0,1,0,0,0,0,0,0,1,1,1,0,0,0,0,0,0,1,0,0,0,1,0,1,0,1,1,1,0,1,0,0,1,0,1,1,0,0,0,0,1,1,0,0,1,0,0,0,0,0,1,1,0.0,-4526.169999999999,1
0,1,0,0,1,1,0,0,1,0,1,1,0,0,0,1,1,0,1,0,1,0,0,0,1,1,1,1,1,1,0,1,0,0,1,0,1,0,1,1,1,1,1,0,0,0,0,0,1,0,0,0,0,1,0,1,0,0,0,1,0,0,1,0,0,1,1,1,0,0,1,0,1,0,1,1,1,1,0,0,1,0,1,0,1,0,0,1,0,0,0,0,0,1,0,1,0,1,1,1,1,1,0,0,1,1,0,1,1,1,0,1,1,1,1,0,1,1,1,1,1,0,1,0,1,0,0,0,0,0,0,0,0,0,1,0,1,1,1,0,1,0,1,1,0,1,0,1,1,0,0,1,0,0,0,1,0,0,0,0,0,0,0,0,0,1,1,1,0,0,0,0,0,0,1,1,1,0,1,0,0.0,-4526.069999999999,1
0,0,0,0,0,0,0,1,0,1,1,0,1,1,0,0,1,0,0,1,1,0,0,0,1,1,0,1,0,0,1,0,0,1,0,1,1,0,0,1,1,1,1,0,0,1,1,1,0,0,0,0,1,0,0,1,0,0,1,1,1,1,0,0,1,0,0,0,1,0,0,0,1,1,1,1,0,0,0,0,1,1,1,0,1,1,0,1,1,0,1,1,0,1,0,1,1,0,1,1,0,0,0,0,1,1,0,1,1,1,0,1,0,1,1,0,0,1,0,1,0,0,1,1,0,1,0,1,1,0,1,0,0,0,1,1,0,1,1,1,0,0,0,1,0,1,1,1,1,0,1,1,1,0,0,1,1,0,0,1,0,1,1,1,0,1,1,0,0,1,1,1,1,1,1,1,1,0,0,0,0.0,-4526.05,1
1,1,0,1,0,0,1,1,0,1,0,1,1,0,1,0,0,1,0,1,0,1,1,1,0,0,1,0,0,0,1,0,1,0,0,1,0,1,0,0,1,0,0,1,1,1,0,0,0,0,1,0,1,0,1,0,0,1,0,1,0,1,0,1,1,0,0,1,1,1,1,1,0,0,0,0,0,0,0,1,0,0,0,1,0,1,0,0,0,1,1,1,1,0,0,0,1,0,0,0,0,1,1,1,1,0,1,0,0,1,1,1,0,0,0,1,0,1,1,0,0,1,0,0,0,1,1,1,0,1,0,1,1,0,0,1,0,1,1,1,0,1,0,0,1,0,0,0,1,1,1,0,1,0,1,1,0,1,1,0,0,0,1,1,1,0,0,0,1,0,1,1,1,0,0,1,0,1,1,0,0.0,-4526.04,1
0,0,1,1,0,0,0,1,0,1,1,0,1,0,1,1,1,0,1,1,1,0,0,0,1,0,0,1,1,0,0,0,1,1,1,0,1,0,0,1,0,1,1,0,0,1,0,0,0,1,0,1,1,1,0,1,1,0,1,0,1,1,1,0,0,0,1,1,1,0,0,1,1,1,0,0,0,0,0,1,1,1,0,1,0,1,1,1,1,1,0,1,0,1,1,1,0,1,0,0,1,1,0,0,0,1,1,1,1,0,1,0,0,1,1,0,1,0,1,1,0,1,0,0,1,0,0,1,0,1,1,0,0,1,1,0,1,0,0,0,0,1,0,1,0,1,1,0,0,0,1,1,0,1,1,1,0,0,0,0,1,1,1,0,0,1,0,1,0,1,0,0,0,1,1,0,1,0,1,1,0.0,-4525.659999999999,1
1,0,1,0,0,0,0,1,0,1,1,1,1,0,0,0,1,0,0,1,1,1,0,0,0,1,0,1,0,0,0,0,1,1,0,1,1,0,0,1,1,0,1,0,1,1,1,0,0,1,0,1,1,1,1,1,1,0,1,0,1,1,0,0,1,0,1,0,1,0,0,0,1,0,1,1,0,0,1,0,1,0,1,0,0,1,1,1,0,0,1,1,1,1,1,1,0,1,1,1,0,1,0,0,0,1,1,0,1,0,0,1,0,0,1,0,0,0,1,1,0,0,1,0,1,1,0,1,0,0,1,0,1,1,1,1,0,0,0,1,0,1,0,1,0,0,1,1,0,0,0,0,1,1,1,1,0,0,1,1,0,1,1,1,1,1,1,1,0,0,1,1,1,1,1,0,1,1,0,0,0.0,-4525.5999999999985,1
0,1,1,0,1,1,0,0,0,0,1,1,1,1,0,1,1,0,1,0,1,0,0,1,1,1,0,1,1,0,0,1,1,1,1,0,1,0,0,1,0,1,0,0,0,1,1,1,0,0,0,1,1,0,0,1,0,0,1,1,0,1,1,0,0,1,1,0,0,0,0,0,1,0,1,1,1,1,1,0,1,0,1,0,0,0,0,1,1,0,1,0,0,1,1,1,0,0,1,1,1,0,0,0,0,1,0,1,1,0,0,1,0,1,0,0,1,0,0,1,1,0,1,1,1,0,0,0,1,0,1,0,0,1,1,0,1,0,0,0,1,0,1,1,0,1,0,1,0,0,1,0,0,1,0,0,1,0,0,1,0,0,0,0,0,0,1,0,0,0,0,0,0,1,0,0,1,0,0,1,0.0,-4525.03,1
0,1,1,0,0,1,0,1,0,1,1,1,1,1,1,0,1,0,0,1,1,1,0,0,0,0,1,1,0,0,1,0,0,0,0,1,1,0,0,1,0,0,0,0,1,0,0,1,1,0,0,1,1,0,1,1,0,0,1,1,0,0,0,1,1,1,0,1,0,0,0,1,1,0,1,0,0,0,1,1,0,0,0,1,1,1,0,0,0,1,1,0,1,1,1,0,1,1,0,0,0,0,1,0,0,0,1,0,0,0,0,0,0,0,1,0,0,0,0,1,0,1,0,1,0,1,1,1,1,0,1,0,1,1,0,1,0,0,0,1,0,1,0,0,1,0,1,0,0,1,1,0,1,1,0,1,1,1,1,0,1,1,1,0,1,0,1,1,1,0,1,1,1,1,1,0,0,1,1,1,0.0,-4524.990000000001,1
0,1,0,0,0,0,0,0,1,0,1,0,0,1,0,0,1,0,0,1,1,1,0,0,0,1,1,0,0,1,0,0,0,0,0,1,0,0,1,1,1,0,1,0,1,1,1,0,0,0,0,0,0,1,1,1,0,0,1,1,0,1,0,1,1,0,0,0,1,0,0,1,1,1,1,1,1,1,1,0,0,0,1,0,1,1,0,1,0,1,0,1,1,1,0,0,1,0,1,0,1,1,1,0,1,0,0,0,1,0,0,1,1,0,1,0,0,1,1,1,0,0,0,1,0,1,1,0,0,0,1,0,1,0,0,1,0,1,1,1,1,1,1,1,1,0,1,0,1,1,1,0,1,0,0,0,0,1,1,1,0,1,0,0,1,1,1,0,0,0,1,1,0,1,1,1,0,1,0,0,0.0,-4524.949999999999,1
0,1,1,1,1,1,0,1,0,1,1,1,1,1,1,1,0,1,1,0,1,0,0,1,1,0,0,1,1,0,1,1,1,1,1,0,1,0,0,1,1,1,1,0,0,1,0,1,0,0,0,1,1,0,0,1,1,1,0,0,0,1,1,0,0,1,0,1,0,0,1,0,1,1,0,0,0,0,1,1,1,1,0,1,0,1,0,0,1,1,1,0,0,1,1,0,0,1,0,1,0,0,1,0,0,1,1,1,1,0,1,0,0,1,0,1,0,0,0,1,0,1,1,1,1,0,0,1,1,1,0,0,0,1,1,0,1,0,0,0,0,1,0,0,0,1,0,1,1,0,1,1,0,0,1,1,1,1,0,0,1,0,1,0,0,0,0,1,1,1,0,0,1,0,0,1,1,0,1,0,0.0,-4524.92,1
1,0,0,0,1,0,0,1,0,1,1,1,1,0,0,1,0,0,1,0,1,0,0,0,1,0,1,0,1,0,0,1,1,0,1,0,0,1,0,0,1,1,1,1,0,1,0,0,0,0,0,0,1,0,0,1,0,0,0,1,1,1,1,1,0,0,0,0,1,0,1,1,1,0,1,0,0,0,1,0,0,0,0,1,0,0,0,0,1,1,0,1,0,0,0,0,1,1,0,0,0,1,1,0,1,0,1,1,0,1,0,1,0,1,1,0,1,1,1,1,1,1,0,0,1,0,1,1,0,0,0,1,0,0,0,0,1,1,1,0,0,0,0,0,1,1,1,0,1,1,1,1,0,0,0,1,0,1,0,1,0,0,1,0,0,1,1,1,1,0,0,0,1,0,1,1,0,0,0,0,0.0,-4524.89,1
0,0,0,1,0,0,0,1,0,1,0,0,1,0,1,0,1,0,0,1,1,1,0,0,0,1,0,0,0,0,0,0,0,1,0,1,0,0,0,0,1,0,0,1,1,1,0,0,0,0,0,0,1,1,1,1,1,0,1,0,1,1,0,1,1,0,1,1,1,0,0,1,0,0,0,1,0,0,0,0,0,0,1,0,1,0,0,1,0,1,0,1,1,0,0,1,1,0,1,0,1,1,0,1,1,0,0,0,0,1,1,1,0,0,1,0,0,1,1,1,1,0,0,0,1,1,1,1,0,1,1,0,1,0,0,1,0,1,1,1,0,0,0,1,1,0,0,0,1,1,1,0,1,0,1,1,0,0,1,0,0,1,1,0,1,0,0,0,0,0,1,1,0,1,1,1,0,1,1,0,0.0,-4524.81,1
0,1,0,0,0,0,0,0,1,0,1,1,0,0,0,0,0,0,0,1,1,1,0,0,0,1,1,1,0,1,0,0,1,0,0,1,1,0,1,1,1,0,1,0,1,1,0,0,0,0,0,1,0,1,1,1,0,0,0,1,0,1,0,0,1,0,0,0,1,0,1,0,1,0,1,1,1,1,1,0,1,1,1,0,0,1,0,1,0,0,0,1,1,1,1,1,1,0,1,1,1,1,0,0,0,1,1,0,0,0,0,1,1,0,1,0,0,1,1,1,0,0,1,0,0,1,1,0,0,0,0,0,1,1,0,1,0,1,1,1,1,0,1,1,1,0,1,1,1,0,0,0,1,0,0,0,0,0,1,1,0,1,0,0,1,1,1,0,0,1,1,1,0,0,1,1,0,1,0,0,0.0,-4524.729999999999,1
0,1,0,0,1,0,0,1,0,1,1,0,1,0,1,1,0,0,1,0,1,0,0,1,1,1,0,0,1,0,0,1,1,1,1,0,0,1,0,0,1,1,1,1,0,1,0,0,0,0,0,0,1,0,0,1,0,0,0,1,0,1,1,0,0,0,1,1,1,0,1,0,1,1,1,1,0,0,0,1,0,1,1,0,0,0,0,0,1,1,0,1,0,0,0,0,1,0,0,1,0,1,1,0,1,1,0,1,1,1,0,0,0,1,0,0,1,1,1,1,1,1,1,0,1,0,0,1,0,0,0,1,0,0,1,0,1,1,1,1,0,1,0,0,0,1,0,1,1,0,1,1,0,0,0,1,0,1,0,0,1,0,1,0,0,0,1,0,1,1,1,0,1,0,0,1,1,0,1,0,0.0,-4523.869999999999,1
1,1,0,0,0,1,1,0,1,0,1,0,0,0,0,1,0,1,1,1,0,0,1,0,1,0,1,0,0,1,1,0,0,0,1,0,0,0,1,1,1,1,0,0,0,0,1,1,1,0,1,0,0,1,0,0,1,1,0,0,0,0,1,0,1,1,1,0,0,1,1,0,1,0,1,0,1,1,0,0,0,0,0,1,1,0,0,1,1,1,0,0,0,1,0,1,1,0,1,1,1,0,0,0,1,1,0,1,1,1,0,0,1,1,1,1,1,1,0,0,1,0,1,0,0,0,0,0,1,0,0,0,0,0,1,0,1,1,1,0,1,0,1,1,0,1,1,1,1,0,1,0,0,0,0,0,1,0,0,1,1,1,0,1,0,0,1,0,0,0,0,0,0,0,1,1,1,0,0,0,0.0,-4523.790000000001,1
1,1,0,0,1,0,0,0,1,0,0,1,0,0,0,1,0,0,1,0,1,0,0,1,1,1,1,0,1,0,0,1,1,0,1,0,0,1,0,0,1,1,0,1,0,1,0,0,0,1,0,0,1,0,0,1,0,0,0,1,0,1,1,1,0,0,0,0,1,0,1,1,0,1,1,1,1,1,1,1,0,0,1,0,0,1,1,0,1,1,0,1,0,0,0,1,1,1,0,0,1,1,0,1,1,0,1,1,0,0,0,1,0,1,0,0,1,1,1,1,0,1,0,0,1,0,1,0,0,0,0,1,1,0,0,0,1,1,1,0,0,1,1,0,1,1,0,0,1,1,1,0,0,0,0,0,0,0,0,1,0,0,0,1,0,1,1,1,1,0,0,0,0,0,0,1,0,0,0,0,0.0,-4523.449999999998,1
1,0,1,1,0,1,0,0,1,0,1,1,0,0,1,1,1,0,1,1,1,1,0,0,1,1,1,0,0,1,0,0,1,0,1,0,0,0,1,1,1,0,1,0,0,1,0,0,0,0,0,1,0,1,0,1,1,0,0,0,1,1,1,0,1,1,1,1,0,0,1,0,1,0,0,1,1,1,1,0,0,0,1,1,0,0,0,1,0,1,0,0,0,1,1,1,0,0,1,1,1,1,0,0,0,0,1,0,1,0,1,1,1,1,1,0,1,0,1,1,1,0,1,0,0,0,0,0,0,1,0,0,0,1,1,0,1,0,0,0,1,0,1,1,0,1,0,1,1,1,1,1,0,0,1,0,0,0,1,0,0,1,0,1,0,1,0,0,0,0,0,0,0,0,1,1,1,0,1,0,0.0,-4523.4,1
0,0,0,0,1,1,1,0,1,0,0,0,0,1,1,1,0,1,1,0,0,0,1,0,1,0,1,1,1,1,1,1,0,0,1,0,1,1,1,0,1,1,0,1,0,0,0,1,1,0,1,0,0,1,0,0,0,1,0,1,1,0,1,1,0,1,0,1,0,1,1,1,0,0,1,0,1,1,0,0,1,0,0,1,1,0,0,1,1,1,0,0,0,0,0,0,0,1,1,0,0,0,1,1,1,0,0,0,0,1,0,0,1,1,1,1,1,1,0,0,1,0,0,1,0,0,1,0,1,0,0,1,0,0,0,0,1,1,1,0,1,1,1,1,1,1,1,0,1,1,1,1,0,0,0,0,1,1,0,0,1,0,1,1,0,0,1,1,0,0,0,0,1,0,1,1,0,0,1,0,0.0,-4523.38,1
1,0,1,1,0,1,0,1,0,1,0,1,1,1,1,0,0,0,0,1,1,1,0,0,0,1,0,0,0,0,0,0,0,1,0,1,0,1,0,0,1,0,1,1,1,0,0,1,1,0,0,1,1,1,1,1,1,0,0,0,1,1,0,0,1,1,0,1,0,0,1,0,0,0,0,1,0,0,1,0,0,0,1,0,1,1,0,1,0,1,1,0,1,0,1,1,0,1,1,1,0,0,0,1,0,1,1,0,1,0,1,0,0,0,1,0,0,0,0,1,0,0,1,1,0,1,0,1,1,1,0,1,1,1,1,1,0,0,0,1,0,0,0,1,0,0,1,1,0,0,1,0,1,1,1,0,1,0,1,0,1,1,1,0,1,0,0,1,0,0,1,1,1,0,1,0,1,1,1,0,0.0,-4522.68,1
1,1,0,0,0,0,0,1,0,1,0,0,1,0,0,1,0,0,1,1,1,0,0,1,0,1,1,0,0,0,1,0,1,0,1,0,0,1,0,0,0,1,0,1,0,1,0,0,0,1,0,0,1,0,1,1,0,0,0,1,0,1,1,1,1,0,1,0,1,0,1,1,0,1,1,1,0,0,0,0,0,1,1,0,0,1,1,0,0,1,1,1,0,0,0,1,1,1,1,0,0,1,0,1,1,1,0,1,0,1,0,1,0,0,0,0,1,1,1,1,0,0,0,0,0,0,1,1,0,0,0,1,1,0,0,0,1,1,1,0,0,1,0,0,1,1,1,0,0,0,1,0,0,1,0,1,0,0,0,1,0,1,1,1,1,1,1,1,1,1,0,0,1,0,0,0,0,0,0,1,0.0,-4522.61,1
0,1,0,0,1,0,0,0,1,0,0,0,0,0,0,1,0,0,1,0,1,0,0,1,1,1,0,1,1,1,0,1,1,1,1,0,1,1,1,0,1,1,1,1,0,1,0,0,0,0,0,0,0,1,0,1,0,0,0,1,0,1,0,0,0,0,1,1,0,0,1,0,0,0,1,1,1,1,1,1,1,0,1,0,0,0,0,0,1,0,1,0,0,0,0,1,1,0,1,1,1,1,0,1,1,1,0,1,1,0,0,1,1,1,0,0,1,1,1,1,1,0,1,0,0,0,0,0,0,0,0,1,0,0,1,1,1,1,1,1,1,1,1,0,0,1,0,1,1,0,0,1,0,0,0,0,0,0,0,0,0,0,0,1,0,1,1,0,0,0,1,0,0,0,0,1,1,0,1,0,0.0,-4522.429999999999,1
0,0,1,0,0,0,1,0,1,0,0,0,0,1,0,1,0,1,1,1,0,1,1,1,1,1,1,0,0,1,1,0,0,0,1,0,0,0,1,1,0,0,1,0,0,0,0,1,1,0,1,1,0,1,0,0,0,1,0,1,1,0,1,0,1,0,1,0,1,1,1,0,0,0,1,1,1,1,0,0,0,0,1,0,1,1,0,1,1,0,0,1,0,1,1,1,0,0,1,1,1,0,0,1,0,1,1,0,1,0,0,0,1,1,0,1,1,0,0,0,0,0,1,1,1,0,0,0,1,0,0,0,0,1,1,0,1,0,0,1,1,1,1,1,0,1,0,1,0,0,0,1,0,1,0,0,1,0,1,1,1,1,0,0,0,0,1,0,0,0,1,0,0,0,0,0,1,0,0,1,0.0,-4522.42,1
0,0,1,1,1,1,0,0,1,1,1,1,0,0,1,1,1,0,1,0,1,0,0,0,1,1,1,1,1,1,0,1,1,0,0,0,1,0,1,1,0,1,1,0,0,1,1,1,0,0,0,1,0,1,0,1,1,0,1,0,1,1,1,0,0,1,0,1,0,0,0,0,1,0,0,1,1,1,0,0,1,0,1,0,0,1,0,1,1,0,0,0,0,1,1,1,0,0,1,1,0,0,0,0,0,1,1,1,1,1,1,1,1,1,1,0,1,0,0,1,0,0,1,0,1,0,0,1,1,1,1,0,0,1,1,0,1,0,0,0,1,0,0,1,0,1,1,1,0,0,1,1,0,1,1,0,1,0,0,0,0,0,0,1,0,1,0,0,0,0,0,0,1,1,1,0,1,0,1,1,0.0,-4522.18,1
1,1,1,0,0,1,0,0,1,0,1,0,0,1,0,1,1,0,1,1,1,1,0,0,1,1,1,0,0,1,0,0,1,0,1,0,0,0,1,1,0,0,1,0,0,1,0,0,0,1,0,1,0,0,0,1,0,0,1,1,0,1,1,0,1,1,1,0,0,0,0,0,1,1,1,1,1,1,1,1,0,1,1,0,0,0,1,0,1,0,0,0,0,1,1,1,0,1,1,1,1,1,0,0,0,1,1,0,0,0,0,0,1,1,1,0,1,0,1,1,1,0,1,1,1,0,0,0,0,0,1,0,0,1,1,0,1,0,0,0,1,1,1,0,0,1,1,1,0,0,0,0,0,1,0,0,0,0,1,1,1,1,0,0,0,1,1,1,1,1,0,0,0,1,1,0,1,0,0,1,0.0,-4522.0599999999995,1
0,1,0,0,0,1,0,1,0,1,1,0,1,1,0,1,0,0,1,1,1,1,0,0,1,1,0,0,0,0,0,0,1,1,1,0,0,0,0,1,1,0,1,0,0,1,0,0,0,0,0,0,1,1,0,1,0,0,0,1,0,1,1,0,1,1,0,0,0,0,1,0,1,1,1,1,0,0,1,0,0,1,1,0,0,1,0,0,1,1,0,0,0,1,0,1,1,1,1,1,0,1,0,0,1,1,0,0,1,1,0,0,0,1,1,0,1,1,1,1,0,0,1,1,1,0,0,1,0,0,0,0,0,0,1,0,1,1,1,1,0,0,0,0,0,1,1,1,1,0,1,0,0,0,0,1,0,0,1,1,1,1,1,1,0,1,1,1,1,1,1,0,1,0,1,1,1,0,0,0,0.0,-4522.01,1
1,1,0,1,0,1,0,1,1,1,1,1,0,1,1,1,0,0,1,1,0,0,1,1,1,1,1,0,0,0,0,0,1,0,1,0,0,0,0,1,1,1,1,0,0,1,0,1,0,1,0,0,1,0,0,1,1,0,0,0,0,1,1,0,1,1,0,1,0,0,1,0,1,1,0,1,0,0,1,0,0,1,1,0,0,1,1,0,1,1,1,1,0,1,0,1,1,0,1,1,0,0,0,0,1,0,0,1,1,1,1,0,0,1,0,0,1,1,0,0,0,0,1,1,1,0,0,1,1,1,0,0,0,0,1,0,1,1,1,0,0,0,0,0,0,1,0,1,1,1,1,1,0,0,1,1,1,0,0,0,1,1,1,0,0,1,0,0,1,1,0,0,1,0,0,1,1,0,1,0,0.0,-4521.679999999999,1
0,1,0,1,1,1,1,0,1,0,1,0,0,0,1,1,0,1,1,0,0,0,1,0,1,0,1,1,1,1,1,1,0,0,1,0,1,0,0,1,1,1,0,0,0,0,1,0,1,1,1,0,0,1,0,0,1,1,0,0,0,0,1,1,0,0,0,1,0,1,1,1,1,1,0,0,1,1,0,0,1,0,0,1,1,1,1,1,0,0,1,0,0,1,0,0,1,1,1,0,1,1,1,0,1,0,0,1,0,0,1,0,1,1,1,1,1,1,1,0,0,0,0,0,0,0,1,0,0,1,0,0,0,0,0,0,1,1,1,0,1,0,1,1,1,1,0,0,1,1,0,1,0,0,1,0,0,1,0,0,1,0,0,1,0,0,0,1,0,0,0,0,0,0,1,1,0,0,1,0,0.0,-4521.629999999998,1
0,1,0,0,0,0,0,0,1,1,0,0,0,0,0,0,0,0,0,1,1,1,0,0,0,1,0,1,0,1,0,0,1,1,0,1,1,1,1,0,1,0,1,1,1,1,1,1,0,1,0,0,0,1,1,1,0,0,0,1,0,1,0,0,1,0,0,0,1,0,1,0,0,1,1,1,1,1,1,0,1,1,1,0,0,0,1,1,0,0,1,0,1,0,0,1,0,0,1,1,0,0,0,1,1,1,1,0,1,0,0,0,1,0,1,0,0,1,0,1,1,0,1,0,0,1,0,1,1,0,0,1,1,0,1,1,0,1,1,1,1,0,0,1,0,0,0,1,1,0,0,0,1,0,0,0,1,0,1,1,1,1,0,1,1,1,1,0,0,1,1,1,1,0,1,1,1,1,0,0,0.0,-4521.629999999998,1
1,1,0,1,0,1,1,1,0,1,0,0,1,0,0,0,0,1,0,1,0,1,1,0,0,1,0,0,0,0,1,0,1,1,0,1,0,1,0,0,1,0,0,1,1,0,0,1,1,0,1,0,1,1,0,0,1,1,0,0,0,0,0,1,1,1,1,0,0,1,1,1,0,1,0,1,0,0,0,0,0,1,1,0,0,0,0,0,0,1,0,0,1,0,0,1,0,0,1,0,0,0,0,1,1,0,0,0,0,1,1,1,0,0,1,1,0,1,1,0,1,0,0,0,0,1,1,1,0,1,0,1,1,1,0,1,0,1,1,1,0,0,0,0,1,0,1,0,1,1,1,0,1,0,1,1,0,0,1,1,0,1,1,1,1,1,0,0,0,1,1,1,1,0,1,1,0,1,0,0,0.0,-4521.510000000001,1
1,0,0,1,0,1,1,1,0,1,0,0,1,1,1,0,0,1,0,1,0,1,1,0,0,1,1,1,0,0,1,0,0,0,1,1,1,0,0,1,1,0,1,0,1,0,1,0,1,1,1,0,1,0,1,0,1,1,0,0,1,0,0,1,1,1,0,1,0,1,1,1,0,0,0,1,0,0,0,0,1,0,1,0,1,0,1,0,0,1,0,0,1,1,0,0,1,0,1,0,0,1,1,0,1,0,0,0,0,0,1,0,0,0,1,1,0,1,1,0,1,0,0,1,1,1,1,1,0,1,0,0,0,0,0,1,0,1,1,1,0,0,0,0,1,0,1,0,1,1,1,1,1,0,1,1,0,1,1,0,1,1,1,1,1,1,0,0,1,0,1,1,1,0,1,1,0,1,1,0,0.0,-4521.34,1
0,1,1,0,1,1,0,0,1,0,1,1,0,1,0,1,0,0,1,0,1,0,0,0,1,0,1,1,1,1,0,1,0,0,1,0,1,0,1,1,1,1,0,0,0,1,0,0,0,1,0,1,0,1,0,1,0,0,0,1,0,1,1,1,0,1,0,0,0,0,1,0,1,0,1,0,1,1,1,1,1,0,0,0,1,0,1,1,1,0,1,0,0,1,1,1,0,1,0,1,1,1,0,0,0,1,1,1,0,0,0,0,1,1,1,0,1,0,1,1,1,1,0,1,0,0,1,0,0,0,0,0,0,1,0,0,1,0,0,0,1,1,1,1,1,1,1,0,0,0,0,1,0,1,0,0,0,0,0,1,1,0,0,1,0,1,1,1,0,0,0,0,0,0,1,0,0,0,0,1,0.0,-4521.229999999998,1
0,1,1,1,1,1,0,0,1,0,1,1,0,1,1,0,1,0,0,0,1,0,0,1,1,0,1,1,1,1,0,1,1,0,1,1,1,0,1,1,0,1,0,0,0,1,0,1,0,0,0,1,0,0,0,1,1,0,1,0,0,1,0,1,0,1,0,1,0,0,0,1,1,0,0,0,1,1,1,0,1,0,0,1,0,0,0,0,1,0,1,0,0,1,1,1,0,1,1,0,1,0,0,0,0,0,0,1,1,0,1,0,1,1,0,0,0,0,0,0,1,0,0,1,0,1,1,0,1,1,1,0,0,1,0,1,0,0,0,1,1,0,1,0,1,1,0,0,0,1,0,0,1,1,1,0,1,0,0,0,1,0,0,0,0,0,0,1,1,0,1,1,0,1,0,0,0,0,1,1,0.0,-4521.180000000002,1
1,0,0,1,0,0,0,0,1,0,0,1,0,1,1,0,0,0,0,1,1,1,0,1,0,0,1,0,0,1,0,0,0,0,0,1,0,1,0,0,1,0,1,1,1,1,0,1,0,1,0,0,0,0,1,1,1,0,0,0,1,1,0,0,1,0,0,1,1,0,1,0,0,1,0,0,1,1,1,0,0,1,0,1,1,1,1,0,0,1,0,1,1,0,0,1,1,0,1,1,1,0,0,0,1,1,1,0,1,1,1,0,1,0,0,0,0,1,0,1,0,0,1,1,0,1,1,0,1,1,0,1,1,0,1,1,0,1,1,1,1,0,1,0,0,0,0,1,1,0,1,0,1,0,1,0,1,0,1,0,1,1,0,1,1,0,0,0,1,1,1,1,0,0,0,1,1,1,1,0,0.0,-4521.05,1
0,0,1,0,0,0,0,0,1,0,1,0,0,1,0,1,1,0,1,1,1,0,0,1,1,0,1,1,1,1,0,0,1,0,1,0,1,0,1,1,0,1,1,0,0,1,1,0,0,0,0,1,0,0,1,1,0,0,1,1,1,1,1,1,0,0,0,0,1,0,0,1,1,0,0,0,1,1,1,1,1,0,0,1,0,1,0,0,1,1,1,1,0,1,1,1,0,1,0,0,1,1,0,0,0,0,1,1,0,0,0,0,1,1,0,0,1,0,1,1,0,1,0,1,0,0,1,0,0,0,1,0,0,1,0,0,1,0,0,0,1,1,1,0,1,1,1,0,0,1,1,1,0,1,0,1,0,0,0,1,1,1,0,1,0,1,1,1,1,0,0,0,0,1,0,0,0,0,0,1,0.0,-4520.719999999999,1
1,1,1,1,0,1,1,0,1,0,1,1,0,0,1,0,1,1,0,1,0,1,1,0,1,1,0,0,0,1,1,0,0,1,0,1,0,0,1,1,0,0,1,0,0,0,1,0,1,1,1,1,0,1,0,0,1,1,1,0,0,0,0,0,1,1,0,0,0,1,0,0,1,0,0,1,1,1,1,0,0,0,1,0,1,0,1,1,1,1,0,0,0,1,1,0,0,0,1,1,1,1,1,0,0,1,1,0,1,0,1,0,1,1,1,1,0,0,1,0,1,0,1,0,1,1,0,0,0,1,1,0,0,1,1,1,0,0,0,1,1,0,1,1,0,1,0,1,0,0,1,0,1,1,1,0,0,1,1,1,1,1,0,0,0,0,0,0,0,0,1,1,0,1,1,0,1,0,0,1,0.0,-4520.58,1
0,0,0,1,1,0,0,1,0,1,1,0,1,1,1,1,0,0,1,0,1,0,0,0,1,0,1,1,1,0,1,1,1,0,1,0,1,0,0,1,0,1,1,0,0,1,1,0,0,0,0,0,1,0,0,1,1,0,0,0,1,1,1,0,0,0,0,1,1,0,1,0,1,0,0,0,0,0,0,1,1,0,0,1,0,1,0,0,1,0,1,1,0,1,0,1,1,0,0,1,0,1,0,0,1,1,0,1,0,0,1,0,0,1,1,0,1,1,1,1,0,1,1,1,0,0,1,1,0,1,0,0,1,0,0,0,1,1,1,0,0,1,0,0,1,1,0,1,0,0,0,0,0,1,1,1,0,0,0,0,1,0,1,1,0,1,0,0,1,0,0,0,1,0,1,0,0,0,1,1,0.0,-4520.379999999998,1
0,1,1,1,0,1,0,1,0,1,0,0,1,1,1,1,0,0,1,1,1,0,0,0,1,1,0,1,0,0,1,0,0,1,1,1,1,1,0,0,0,1,0,1,0,1,0,1,0,1,0,1,1,0,0,1,1,0,0,0,0,1,1,1,1,1,1,1,0,0,1,1,0,0,0,1,0,0,1,0,1,0,1,0,1,0,1,0,1,0,0,0,0,0,1,1,0,0,1,0,0,0,0,1,0,0,1,1,0,0,1,1,0,1,1,0,1,0,0,1,1,0,0,1,1,0,1,1,1,1,0,1,0,1,0,0,1,0,0,0,0,1,0,0,1,1,0,0,0,1,0,1,0,1,1,1,1,0,0,0,0,1,1,0,0,0,0,0,1,0,0,0,1,0,1,0,0,0,1,1,0.0,-4520.14,1
0,0,1,1,0,1,0,1,0,1,1,0,1,0,1,0,1,0,1,1,1,1,0,0,1,1,1,1,0,0,0,0,1,0,1,1,1,0,0,1,0,0,0,0,1,1,1,1,0,0,0,1,1,1,0,1,1,0,1,0,1,1,0,1,1,1,1,1,0,0,0,1,1,1,0,1,0,0,0,0,1,1,1,0,0,0,0,1,0,0,1,0,1,1,1,0,0,1,1,0,0,0,1,0,0,1,1,0,0,0,1,0,0,1,1,0,0,0,0,1,1,0,0,0,0,1,1,1,1,1,1,0,1,1,0,1,0,0,0,1,0,0,0,1,1,0,1,0,0,0,0,0,1,1,1,1,1,1,1,0,1,1,1,0,1,0,0,1,0,1,1,1,1,1,1,0,0,1,1,1,0.0,-4520.040000000001,1
1,0,0,1,0,1,1,0,1,0,1,0,0,1,1,1,0,1,1,1,0,0,1,1,1,1,1,0,1,1,1,0,0,0,1,0,0,0,0,1,0,1,0,0,0,0,0,1,1,0,1,0,0,0,0,0,1,1,0,0,1,0,0,1,0,1,0,1,0,1,1,1,1,0,0,1,1,1,0,0,0,0,1,0,1,0,0,0,1,1,1,0,0,1,0,1,1,0,1,0,1,0,0,0,1,0,0,1,0,1,1,1,1,1,0,1,1,1,0,0,1,0,0,1,0,0,1,0,1,1,0,0,0,0,0,1,1,1,1,1,1,0,1,0,1,1,0,0,1,1,0,1,0,0,1,0,1,0,0,0,0,1,0,1,0,0,0,0,1,0,1,0,0,0,0,1,0,0,1,1,0.0,-4519.900000000001,1
0,0,1,0,0,1,0,0,1,0,1,0,0,0,0,1,1,0,1,1,1,0,0,1,1,0,1,0,0,1,1,0,0,0,1,0,0,0,1,1,0,0,0,0,0,1,1,0,0,0,0,1,0,0,0,1,0,0,1,1,1,1,1,1,0,1,0,0,0,0,0,1,1,0,1,0,1,1,1,1,0,0,0,1,1,0,0,0,1,1,0,0,0,1,1,1,0,1,0,0,1,1,0,0,0,0,1,0,0,0,0,0,1,1,0,0,1,0,1,1,1,1,0,0,1,0,1,0,0,0,1,0,0,1,0,0,1,0,0,1,1,1,1,0,1,1,0,0,0,1,1,1,0,1,0,1,0,0,1,1,1,1,0,1,0,1,1,1,1,0,1,0,0,1,0,0,0,0,0,1,0.0,-4519.79,1
0,0,1,1,1,0,0,1,0,1,1,1,1,0,1,1,0,0,1,1,1,0,0,1,1,0,1,1,1,0,0,0,1,0,1,0,1,0,0,1,1,1,1,0,0,1,1,1,0,1,0,1,1,1,0,1,0,0,1,1,1,1,1,0,0,0,0,1,1,0,0,0,1,1,0,0,0,0,1,1,1,1,0,1,0,1,1,1,1,0,0,1,0,1,1,1,0,0,0,1,0,0,0,0,0,1,1,1,1,0,1,0,0,1,0,0,1,0,0,1,0,1,1,0,0,0,0,1,1,1,1,0,0,1,1,0,1,0,0,0,0,1,0,1,0,1,0,1,1,0,1,1,0,0,1,1,1,0,0,0,1,0,1,0,0,0,0,0,0,1,0,0,1,1,0,1,1,0,1,0,0.0,-4519.61,1
1,1,1,0,0,1,0,0,1,0,0,1,0,0,0,0,0,0,0,1,1,1,0,0,0,1,0,0,0,1,1,0,1,1,0,1,0,1,1,0,0,0,1,1,1,1,1,1,0,0,0,1,0,1,1,1,0,0,1,1,0,1,0,0,1,1,1,0,0,0,0,0,0,1,1,1,1,1,1,0,0,0,1,0,0,1,0,1,0,1,0,0,1,0,1,0,0,1,1,1,1,0,1,1,0,0,1,0,1,0,0,0,1,0,1,1,0,1,0,1,0,0,1,0,0,1,0,0,1,0,1,1,1,1,1,1,0,0,0,1,1,1,1,1,0,0,0,1,0,1,1,0,1,1,0,0,1,1,1,1,1,1,0,0,1,0,1,1,0,0,1,1,0,1,1,0,1,1,0,1,0.0,-4519.23,1
0,1,1,0,1,1,0,0,1,0,1,0,0,1,0,1,1,0,1,0,1,0,0,0,1,0,0,1,1,0,0,1,1,1,1,0,1,1,0,0,0,1,0,1,0,1,0,1,0,1,0,1,1,1,0,1,0,0,1,1,0,1,1,1,0,1,1,0,0,0,0,1,1,0,1,0,1,1,0,1,1,0,0,1,0,0,1,1,1,0,0,0,0,0,1,1,0,0,0,0,1,0,0,1,0,0,1,1,0,1,0,1,0,1,1,0,1,0,0,0,1,1,0,1,0,0,1,0,1,0,1,1,0,1,0,0,1,0,0,0,1,1,1,1,1,1,0,1,0,1,0,1,0,1,0,0,1,0,0,1,0,0,0,1,0,0,1,0,0,0,0,0,0,1,1,0,0,0,0,1,0.0,-4518.780000000001,1
1,1,0,1,1,0,0,1,1,1,0,0,0,0,1,0,0,0,0,0,1,1,0,1,0,0,1,1,1,0,0,1,1,0,0,1,1,1,0,0,1,0,0,1,1,1,0,0,0,0,0,0,1,0,1,1,1,0,0,0,0,1,0,1,0,0,1,1,1,0,1,1,0,0,0,0,0,0,1,1,1,0,0,1,0,1,0,0,0,1,0,1,1,0,0,1,0,1,0,0,0,1,0,1,1,0,0,0,0,1,1,0,0,0,0,0,0,1,0,1,0,1,0,0,0,1,1,1,1,1,0,1,1,0,0,1,0,1,1,1,0,1,0,0,1,0,0,0,1,1,1,1,1,0,1,1,1,0,1,0,1,0,1,1,1,0,0,1,1,0,1,1,1,0,0,1,0,1,1,0,0.0,-4518.720000000002,1
1,0,0,0,0,0,0,0,1,0,0,1,0,1,0,1,0,0,1,1,1,1,0,0,1,0,0,0,0,1,0,0,1,1,1,0,0,1,1,0,1,0,0,1,0,1,1,0,0,0,0,0,0,0,0,1,0,0,0,1,1,1,1,1,1,0,0,0,1,0,1,0,0,1,1,0,1,1,1,1,0,1,0,1,0,0,0,0,1,0,0,1,0,0,0,1,1,0,0,1,1,1,0,1,1,0,0,0,0,1,0,0,1,1,1,0,1,1,1,1,1,1,1,1,1,0,1,0,0,0,0,1,0,0,0,0,1,1,1,0,1,1,1,0,1,1,0,1,1,1,0,1,0,0,0,0,0,0,1,1,1,1,0,0,0,1,1,0,1,1,0,0,0,0,1,1,0,0,0,0,0.0,-4518.69,1
1,1,0,1,1,1,1,1,1,1,1,0,0,0,1,0,0,1,0,0,0,0,1,1,1,1,1,0,1,0,1,1,0,0,0,1,0,0,0,1,1,1,1,0,0,0,0,0,1,1,1,0,1,1,0,0,1,1,0,0,0,0,0,0,0,1,0,1,0,1,1,0,1,1,0,1,0,0,0,0,0,1,1,0,1,0,1,1,1,1,0,0,0,1,0,1,1,0,1,1,1,1,0,0,1,0,0,1,1,1,1,1,0,1,0,1,0,1,1,0,1,0,1,0,0,1,0,1,0,1,0,0,0,0,1,1,0,1,1,1,0,1,0,1,0,1,1,1,1,1,1,1,1,0,1,1,0,0,0,0,0,0,1,1,0,0,0,0,0,1,1,1,0,0,0,1,1,0,1,0,0.0,-4518.549999999999,1
0,1,1,0,1,0,0,1,0,1,1,0,1,0,0,1,0,0,1,0,1,0,0,1,1,1,0,1,1,0,0,1,0,1,1,0,1,1,0,0,0,1,0,1,0,1,1,1,0,0,0,1,1,0,0,1,0,0,0,1,0,1,1,1,0,0,0,0,1,0,1,1,1,1,1,1,0,0,1,0,1,1,1,0,1,0,0,0,1,0,0,1,0,0,1,0,0,1,1,0,0,0,1,0,0,1,1,1,0,0,0,0,0,1,0,0,1,0,0,1,1,0,0,0,1,0,1,1,1,0,0,1,0,1,0,0,1,0,0,0,0,1,0,0,1,1,0,0,0,0,1,1,0,1,0,1,1,1,0,1,1,0,1,0,0,0,1,1,1,1,0,0,1,0,0,0,0,0,0,1,0.0,-4518.46,1
0,1,1,0,1,0,0,0,1,0,0,0,0,0,0,1,1,0,1,0,1,0,0,0,1,1,1,1,1,1,0,1,1,0,1,0,1,0,1,1,1,1,1,0,0,1,1,0,0,1,0,1,0,0,0,1,1,0,1,0,0,1,1,0,0,0,1,0,1,0,0,0,1,0,1,1,1,1,0,0,1,0,1,0,0,1,1,1,0,0,1,1,0,1,1,0,0,0,1,1,1,1,1,0,0,1,1,1,1,1,0,1,1,1,1,0,1,0,1,1,0,0,1,0,1,0,0,0,0,0,1,0,0,1,1,0,1,0,0,0,1,0,1,1,0,1,1,1,1,0,0,0,0,0,0,0,0,1,0,1,0,0,0,1,0,1,1,0,0,0,0,0,0,1,1,1,1,0,0,0,0.0,-4518.459999999998,1
0,0,1,1,0,0,0,0,0,0,1,1,1,1,1,1,1,0,1,1,1,0,0,0,1,0,1,0,0,1,1,0,0,0,1,0,0,0,1,1,0,1,1,0,0,1,1,0,0,1,0,1,0,1,0,1,1,0,1,0,1,1,1,0,1,0,1,1,1,0,0,0,1,0,0,0,1,1,1,1,0,0,0,1,1,1,1,1,1,0,0,1,0,1,1,1,0,1,0,1,1,1,0,0,0,1,1,1,1,0,1,0,1,1,1,0,1,0,1,1,0,1,1,1,1,0,0,0,0,1,1,0,0,1,1,0,1,0,0,0,1,1,1,1,0,1,1,1,0,0,0,1,0,1,1,1,0,0,0,0,1,1,0,0,0,1,0,1,1,0,0,0,0,1,1,0,1,0,1,1,0.0,-4518.189999999998,1
0,0,1,0,1,0,1,0,1,0,1,0,0,0,1,1,0,1,1,0,0,0,1,1,1,1,0,0,0,1,0,1,1,1,1,0,0,0,1,1,0,1,0,0,0,0,1,0,1,0,1,1,0,1,0,0,0,1,0,1,1,0,1,1,1,0,1,1,1,1,1,1,1,0,1,1,1,1,0,0,0,0,1,0,0,1,0,1,1,0,1,1,0,1,1,0,0,1,1,0,1,1,1,0,0,0,1,1,0,0,0,0,1,1,0,1,1,0,1,0,0,0,0,0,0,0,1,0,0,0,0,0,0,1,0,0,1,0,0,0,1,0,1,1,1,1,0,0,0,1,0,1,0,1,0,0,0,1,0,0,1,0,0,1,0,1,1,1,0,0,0,0,0,0,0,0,0,0,1,1,0.0,-4518.119999999998,1
1,1,0,1,0,0,1,0,1,0,0,0,0,1,1,0,0,1,0,1,0,1,1,1,0,0,1,0,0,1,1,0,0,0,0,1,0,1,1,0,0,0,1,1,1,0,0,1,1,0,1,0,0,0,1,0,1,1,0,0,0,0,0,0,1,0,1,1,1,1,1,0,0,0,1,0,1,1,0,0,0,0,0,1,1,1,0,0,0,1,1,1,1,0,0,0,1,0,0,1,1,0,1,1,1,1,1,0,1,1,1,1,1,0,0,1,0,1,0,0,0,1,1,1,0,1,0,0,1,1,0,1,1,0,1,1,0,1,1,0,1,1,1,0,0,0,1,1,0,0,1,0,1,1,1,0,1,1,1,0,0,1,0,1,1,1,0,0,1,0,0,1,0,0,0,0,1,1,1,1,0.0,-4518.089999999999,1
1,1,1,1,0,0,0,0,1,0,1,1,0,0,1,0,1,0,0,1,1,1,0,1,0,0,1,0,0,1,0,0,1,0,0,1,0,0,1,1,0,0,1,0,1,1,0,0,0,1,0,1,0,1,1,1,1,0,0,0,0,1,0,0,1,0,0,1,0,0,0,0,1,0,0,0,1,1,0,0,0,0,0,0,0,0,1,0,0,1,1,0,1,1,1,1,1,1,1,1,1,1,0,0,0,1,0,0,1,0,1,0,1,0,0,0,0,0,1,1,1,0,1,0,0,1,0,0,0,1,1,0,1,1,1,1,0,0,0,1,1,0,1,0,0,0,0,1,0,0,1,0,1,1,1,0,0,0,1,0,1,1,0,1,1,1,0,1,0,0,1,1,0,0,0,0,1,1,1,1,0.0,-4518.030000000001,1
0,0,0,0,1,0,0,0,1,0,0,1,0,0,0,1,1,0,1,0,1,0,0,1,1,0,1,1,1,1,0,1,1,0,1,0,1,0,1,0,1,1,1,1,0,1,1,1,0,1,0,0,0,0,0,1,0,0,1,1,1,1,1,0,0,0,0,0,1,0,0,0,0,0,1,0,1,1,1,1,1,0,0,1,0,1,1,0,1,0,0,1,0,0,0,0,1,0,0,1,1,0,1,1,1,1,0,1,1,1,0,0,1,1,0,0,1,1,0,1,0,1,1,0,1,0,0,0,1,0,1,1,0,0,1,0,1,1,1,0,1,1,1,0,0,1,1,0,1,0,0,0,0,0,0,0,1,1,0,1,1,0,0,1,0,0,1,0,1,0,0,0,0,1,0,1,1,0,1,0,0.0,-4517.939999999999,1
0,0,1,1,0,1,0,0,1,0,1,1,0,0,1,0,1,0,0,1,1,1,0,1,0,1,1,0,0,1,0,0,1,0,0,1,0,0,1,1,1,0,1,0,1,1,1,0,0,0,0,1,0,1,1,1,0,0,1,1,1,1,0,0,1,1,1,1,0,0,0,0,1,0,0,1,1,1,1,1,0,0,1,0,0,0,0,0,1,1,0,0,1,1,1,0,1,1,0,1,1,1,1,0,0,1,0,0,1,0,1,1,1,0,0,0,0,0,1,1,1,1,1,0,0,1,0,0,0,1,1,0,0,0,1,1,0,0,0,1,1,1,1,0,0,0,1,1,1,0,1,1,1,0,1,0,0,1,1,0,0,1,0,0,1,1,0,1,1,0,1,1,0,1,0,1,1,1,1,0,0.0,-4517.8099999999995,1
0,1,1,0,1,0,0,1,0,1,1,1,1,1,0,1,1,0,1,0,1,0,0,1,0,1,0,1,1,0,1,1,1,1,1,0,1,1,0,0,0,1,1,1,0,1,1,1,0,1,0,1,1,0,1,1,0,0,1,1,0,1,1,0,0,0,1,0,1,0,0,0,1,0,1,1,0,0,1,0,1,0,1,0,0,1,1,0,1,0,1,1,0,0,1,1,0,0,1,1,0,0,0,0,0,1,0,1,1,1,0,0,0,0,0,0,1,0,0,1,0,0,1,1,1,0,0,1,1,0,1,1,1,0,1,0,1,0,0,0,0,0,0,0,0,1,1,1,0,0,0,0,0,1,0,1,1,0,0,1,1,0,1,0,1,0,1,0,1,0,0,0,1,1,0,0,1,0,0,1,0.0,-4517.73,1
1,0,0,0,1,0,0,0,1,0,1,1,0,1,0,1,0,0,1,0,1,0,0,1,1,1,0,0,1,1,1,1,1,1,1,0,0,0,0,1,1,1,0,0,0,1,0,0,0,1,0,0,0,1,0,1,0,0,0,1,1,1,1,1,0,0,1,0,1,0,1,1,1,0,1,1,1,1,1,0,0,0,1,0,0,0,1,1,1,0,1,0,0,1,0,1,1,0,1,0,1,1,0,0,1,1,0,0,0,0,0,0,1,1,0,0,1,1,1,1,1,0,0,1,1,0,1,0,0,0,0,0,0,0,0,0,1,1,1,0,1,0,1,1,1,1,0,0,1,0,0,1,0,0,0,0,0,0,0,1,1,0,0,1,0,1,1,0,0,0,0,0,0,0,0,1,0,0,0,0,0.0,-4517.709999999998,1
0,1,0,0,1,1,1,1,0,1,1,1,1,0,0,1,1,1,1,0,0,0,1,1,1,1,0,0,1,0,1,1,0,1,1,0,0,0,0,1,1,1,0,0,0,0,1,0,1,1,1,0,1,1,0,0,0,1,1,1,0,0,1,1,0,0,1,0,0,1,0,1,1,1,1,1,0,0,0,0,0,1,1,0,1,0,1,0,1,1,0,0,0,1,0,0,1,0,1,0,0,1,1,0,1,0,0,1,0,1,0,1,0,1,0,1,1,1,1,0,1,0,0,0,1,0,1,1,0,0,1,0,0,0,0,0,1,1,1,0,0,1,0,0,1,1,0,1,1,1,1,1,0,1,0,1,0,1,0,1,0,0,1,1,0,1,1,0,0,1,0,0,1,1,0,1,0,0,0,0,0.0,-4517.689999999999,1
0,0,0,0,0,1,0,1,0,1,1,1,1,0,0,1,0,0,1,1,1,1,0,0,0,1,1,1,0,0,0,0,0,0,1,0,1,0,0,1,1,0,0,0,1,1,1,0,0,1,0,0,1,1,1,1,0,0,1,1,1,1,1,1,1,1,0,0,0,0,0,1,1,1,1,1,0,0,1,0,1,1,1,0,1,0,1,1,0,0,1,0,1,1,0,1,1,0,1,0,0,1,0,0,1,0,1,0,0,1,0,1,0,0,1,0,1,1,1,0,1,0,0,0,0,0,1,1,0,0,1,0,1,0,0,0,1,1,1,0,0,0,0,1,1,0,0,0,1,1,0,0,0,0,0,1,0,0,1,1,0,1,1,0,1,1,1,0,0,1,0,0,1,1,1,1,0,1,0,0,0.0,-4517.449999999998,1
0,1,1,1,0,1,0,1,0,1,0,1,1,1,1,0,1,1,0,1,1,1,0,0,0,0,1,1,0,0,1,0,0,0,0,1,1,1,0,0,0,0,1,1,1,1,1,1,0,0,0,1,1,0,1,1,1,1,1,0,0,1,0,1,1,1,1,1,0,0,0,1,0,1,0,0,0,0,1,1,1,1,0,1,1,0,0,1,0,0,1,0,1,0,1,0,1,0,0,0,0,0,1,1,0,1,1,0,0,0,1,0,0,0,1,1,0,0,0,1,1,1,0,1,0,1,1,1,1,1,1,1,1,1,0,1,0,0,0,1,0,1,0,1,1,0,1,0,0,0,0,1,1,1,1,1,1,1,1,0,1,1,1,0,1,0,0,0,0,1,1,1,1,1,1,0,0,1,1,1,0.0,-4517.38,1
1,0,1,0,1,1,0,0,1,0,1,0,0,0,0,1,1,0,1,0,1,0,0,1,1,1,0,1,1,1,0,1,0,1,1,0,1,0,1,1,1,1,0,0,0,1,1,1,0,0,0,1,0,0,0,1,0,0,1,1,1,1,1,1,0,1,0,0,0,0,0,1,1,0,1,1,1,1,1,0,1,1,1,0,1,0,0,1,0,0,1,0,0,1,1,1,0,0,1,0,1,0,0,0,0,1,1,1,0,0,0,0,1,1,0,0,1,0,0,1,1,0,0,0,0,0,1,0,1,0,1,0,0,1,0,0,1,0,0,0,1,1,1,1,1,1,0,0,0,0,0,0,0,1,0,0,1,0,0,1,1,0,0,0,0,0,1,0,0,1,0,0,0,1,0,0,0,0,0,0,0.0,-4516.98,1
1,0,0,1,1,1,0,1,0,1,1,0,1,0,1,1,0,0,1,0,1,0,0,1,0,0,1,0,1,0,1,1,1,0,1,0,0,0,0,1,1,1,0,0,0,1,1,1,0,1,0,0,1,0,1,1,1,0,0,0,1,1,1,1,0,1,1,1,0,0,1,1,1,0,0,0,0,0,1,1,0,0,0,1,0,0,1,0,1,1,0,0,0,1,0,1,1,1,0,0,0,0,0,0,1,1,0,1,0,0,1,1,0,0,0,0,1,1,0,1,1,1,0,0,0,0,1,1,1,1,0,0,1,0,0,0,1,1,1,0,0,1,0,0,1,1,0,0,1,0,1,0,0,0,1,1,1,0,0,0,0,1,1,1,1,0,0,1,1,0,0,0,1,0,0,1,0,0,1,0,0.0,-4516.95,1
0,1,1,0,1,1,0,0,1,0,1,0,0,0,1,1,1,0,1,0,1,0,0,0,1,1,0,0,1,1,0,1,1,1,0,0,0,0,1,1,0,1,0,0,0,1,1,0,0,0,0,1,0,1,0,1,0,0,0,1,0,1,1,1,0,1,0,1,0,0,0,1,1,1,1,1,1,1,0,0,0,1,1,0,0,0,0,1,0,1,1,0,1,1,1,1,0,0,1,0,1,1,0,0,0,0,1,1,0,0,0,1,1,1,1,0,1,0,1,1,1,0,0,0,0,0,1,0,0,0,1,0,0,1,0,0,1,0,0,0,1,0,1,1,1,1,0,0,0,1,1,1,0,1,0,0,0,0,0,0,0,0,0,1,0,0,1,0,0,1,0,0,0,0,1,0,0,0,1,1,0.0,-4516.709999999998,1
0,1,1,0,1,1,0,0,1,0,0,1,0,0,1,1,0,0,1,0,1,0,0,1,1,1,1,1,1,1,0,1,0,0,1,0,1,0,1,0,0,1,1,1,0,1,1,0,0,1,0,1,0,1,0,1,0,0,0,1,0,1,1,0,0,1,1,1,0,0,1,0,0,1,1,1,1,1,1,0,1,0,1,0,1,0,1,1,1,1,1,0,0,0,1,1,0,0,1,1,1,1,0,1,0,1,1,1,1,0,0,1,1,1,0,0,1,0,1,1,1,0,1,0,1,0,0,0,0,0,0,0,1,1,1,0,1,0,0,0,1,0,1,1,0,1,1,1,0,0,1,1,0,1,0,0,0,0,0,0,0,0,0,0,0,1,1,0,0,0,0,0,0,0,0,0,1,0,1,1,0.0,-4516.689999999997,1
1,1,0,0,1,1,0,0,1,0,1,1,0,0,0,1,1,0,1,0,1,0,0,0,0,1,0,1,1,0,1,1,1,1,1,0,1,0,0,1,1,1,0,0,0,1,1,0,0,1,0,0,1,1,1,1,0,0,1,1,0,1,1,0,0,1,0,0,0,0,0,0,1,0,1,1,1,1,1,0,1,0,1,0,0,1,1,1,1,0,1,0,0,1,0,1,0,0,1,1,1,1,0,0,1,1,0,1,1,1,0,0,0,0,1,0,1,1,1,1,0,0,1,0,1,0,0,0,0,0,1,0,1,0,1,0,1,1,1,0,1,0,1,1,0,1,1,1,1,0,0,0,0,0,0,0,0,0,0,1,1,0,0,1,1,0,1,0,0,0,0,0,0,1,1,1,1,0,0,0,0.0,-4516.659999999997,1
1,1,1,0,0,0,0,0,1,0,0,0,0,0,0,0,1,0,0,1,1,1,0,0,0,1,0,0,0,1,0,0,0,1,0,1,0,1,1,0,0,1,1,1,1,0,1,1,1,1,0,1,0,0,1,1,0,0,1,1,0,0,0,0,1,0,1,0,1,0,0,0,0,0,1,1,1,1,1,0,0,0,1,0,1,1,1,0,0,1,1,1,1,0,1,1,0,0,1,1,1,0,0,1,0,1,1,0,1,1,0,0,1,0,1,0,0,0,0,1,0,0,1,0,0,1,0,0,1,0,1,1,1,1,1,1,0,0,0,1,1,0,1,0,0,0,1,1,0,0,0,0,1,1,0,0,1,0,0,1,1,1,0,0,1,0,1,0,1,0,1,1,0,1,1,0,1,1,0,1,0.0,-4516.63,1
1,1,1,0,0,0,0,1,0,1,0,0,1,1,0,0,1,0,0,1,1,1,0,1,0,1,1,0,0,1,0,0,1,0,0,1,0,1,1,0,0,0,0,1,1,1,1,1,0,1,0,1,0,1,1,1,0,0,1,1,0,1,0,1,1,0,0,0,1,0,0,1,0,1,0,1,0,0,1,0,0,1,1,0,0,1,1,1,0,1,1,1,1,0,1,1,1,0,1,0,0,0,0,1,0,0,1,0,0,0,0,1,1,0,0,0,0,0,0,1,0,0,0,1,0,1,1,1,1,0,1,1,1,1,0,1,0,0,0,1,0,0,0,0,1,0,0,0,0,1,1,0,1,1,1,0,1,0,1,1,0,1,1,0,1,0,1,0,0,1,1,1,1,1,0,0,0,1,0,1,0.0,-4516.56,1
1,1,0,1,0,0,0,1,0,1,1,0,1,1,1,1,1,0,1,1,1,0,0,0,1,0,0,0,0,0,0,0,1,1,1,0,0,0,0,1,0,1,1,0,0,1,1,1,0,1,0,0,1,1,0,1,1,0,1,0,0,1,1,0,1,0,1,1,1,0,0,0,1,1,0,0,0,0,0,1,0,1,0,1,0,0,1,0,1,1,0,1,0,1,0,1,1,1,0,1,0,0,0,0,1,1,0,1,1,1,1,0,0,1,1,0,1,1,0,1,1,1,1,1,0,0,0,1,1,1,1,0,0,0,1,0,1,1,1,1,0,1,0,0,0,1,0,1,1,0,1,1,0,0,1,1,1,0,0,0,1,1,1,1,0,0,0,1,1,1,1,0,1,1,1,1,1,0,1,1,0.0,-4516.470000000001,1
0,0,0,1,0,1,1,1,0,1,0,1,1,0,1,1,0,1,1,1,0,0,1,0,1,0,1,0,0,0,1,0,1,0,1,0,0,1,0,0,1,1,1,1,0,0,1,0,1,1,1,0,1,1,0,0,1,1,1,0,1,0,1,0,1,1,0,1,0,1,1,0,0,1,0,0,0,0,1,1,0,1,0,1,0,0,1,1,1,1,1,0,0,0,0,1,1,1,0,1,0,1,0,1,1,0,1,1,1,1,1,0,0,1,1,1,1,1,1,0,1,1,1,0,1,0,0,1,0,1,0,1,0,0,1,0,1,1,1,0,0,1,0,1,1,1,1,1,1,1,1,1,0,0,1,1,0,0,0,0,1,1,1,1,0,1,0,1,0,1,0,0,1,1,1,1,1,0,1,0,0.0,-4516.44,1
1,0,1,1,1,0,0,0,1,0,0,1,0,1,1,0,1,0,0,0,1,1,0,0,0,1,1,0,1,1,1,1,1,0,1,1,0,0,1,1,0,0,1,0,1,1,1,1,0,0,0,1,0,0,1,1,1,0,1,0,1,1,0,0,1,0,0,1,1,0,0,0,0,0,1,1,1,1,1,1,0,0,1,0,0,1,0,0,0,0,0,1,1,1,1,0,0,0,0,1,1,0,1,0,0,1,1,0,1,0,1,0,1,0,1,0,0,0,0,1,0,1,1,1,0,1,0,0,1,1,1,0,1,1,1,1,0,0,0,1,1,1,1,0,0,0,1,1,0,0,0,0,1,1,1,0,1,1,1,0,1,0,0,0,1,0,0,0,1,0,1,1,0,1,1,0,1,1,1,1,0.0,-4516.4400000000005,1
0,1,1,0,0,1,0,1,0,1,0,1,1,0,0,0,1,0,1,1,1,1,0,0,0,1,0,1,0,0,1,0,1,1,1,0,1,1,0,0,1,0,1,1,1,1,1,0,0,0,0,1,1,1,1,1,0,0,1,1,0,1,0,0,1,1,1,0,0,0,0,0,0,0,1,1,0,0,1,0,1,0,1,0,0,0,0,1,0,0,0,0,1,0,1,1,0,0,1,1,1,1,0,1,0,1,1,0,1,0,0,0,0,0,1,0,0,0,1,1,1,0,1,0,1,1,0,1,0,0,1,1,1,1,1,1,0,0,0,1,0,0,0,1,0,0,1,1,1,0,1,0,1,0,0,1,0,0,1,1,1,1,1,0,1,1,1,0,0,0,1,1,0,1,1,1,1,1,0,0,0.0,-4516.3499999999985,1
1,0,1,0,1,0,0,0,1,0,0,1,0,0,0,1,1,0,1,1,1,0,0,0,1,1,1,0,1,1,0,0,1,0,1,0,0,0,1,1,0,1,1,0,0,1,1,0,0,1,0,1,0,1,0,1,0,0,1,1,1,1,1,0,0,0,0,0,1,0,0,0,0,1,1,1,1,1,1,1,0,1,1,0,0,0,1,1,1,1,1,1,0,1,1,1,0,0,1,1,1,1,0,0,0,0,1,1,1,0,0,1,1,1,1,0,1,0,1,1,1,0,1,0,0,0,0,0,0,0,1,0,0,1,1,0,1,0,0,0,1,0,1,1,0,1,0,1,0,1,1,1,0,1,0,0,0,0,0,1,0,0,0,1,0,0,1,0,0,1,0,0,0,1,1,0,1,0,0,1,0.0,-4516.159999999998,1
1,1,0,1,1,0,0,0,1,0,0,1,0,0,1,1,0,0,1,0,1,0,0,0,1,1,1,1,1,1,0,1,1,0,1,0,1,1,1,0,1,1,1,1,0,1,1,0,0,0,0,0,0,0,0,1,1,0,0,0,0,1,1,0,0,0,0,1,1,0,1,0,0,1,0,1,1,1,1,0,1,0,1,1,0,1,0,0,1,1,1,1,0,0,0,0,1,0,1,1,1,1,1,1,1,0,0,1,1,1,1,0,1,1,1,0,1,1,1,1,0,0,1,0,1,0,0,0,0,1,0,1,0,0,1,0,1,1,1,0,1,0,1,0,0,1,0,0,1,1,1,1,0,0,1,0,0,1,0,0,1,0,0,1,0,0,0,0,1,0,0,0,0,0,1,1,1,0,1,0,0.0,-4515.9299999999985,1
1,1,0,0,1,0,1,1,0,1,0,1,1,1,0,1,0,1,1,0,1,0,0,1,1,1,1,0,1,0,0,1,1,0,1,0,0,0,0,0,1,1,1,1,0,0,1,0,1,1,1,0,1,0,0,0,0,1,0,1,0,0,1,0,0,0,1,0,1,1,1,0,0,1,1,1,0,0,1,0,0,1,1,0,0,0,1,0,1,1,0,1,0,0,0,0,1,0,1,1,0,1,1,1,1,1,0,1,1,1,0,1,0,1,0,1,1,1,1,1,1,0,1,1,0,0,0,1,0,0,0,0,0,0,1,0,1,1,1,0,0,1,0,0,0,1,0,1,1,0,0,1,0,0,0,1,0,1,0,1,0,0,1,0,0,1,1,0,1,1,0,0,1,0,0,1,1,0,0,0,0.0,-4515.819999999999,1
0,0,0,1,0,1,0,1,0,1,1,1,1,0,1,0,0,0,0,1,1,1,0,1,0,0,1,0,0,0,0,0,0,0,0,1,0,0,0,1,1,0,0,0,1,1,0,1,0,1,0,0,1,1,1,1,1,0,0,0,0,1,0,1,1,1,0,1,0,0,1,1,1,0,1,0,0,0,1,0,0,0,0,1,1,0,1,0,0,1,0,0,0,1,0,1,1,1,1,0,0,0,0,0,1,0,0,0,0,1,1,0,0,0,0,0,0,1,0,1,1,0,0,0,0,1,1,1,1,1,0,0,1,0,0,1,0,1,1,1,0,0,0,0,1,0,1,0,1,1,1,1,1,0,1,1,1,0,1,0,1,1,1,1,1,0,0,1,1,0,1,1,1,0,0,1,0,1,1,0,0.0,-4515.480000000002,1
1,1,0,1,1,0,0,0,1,0,0,1,0,0,1,0,0,0,0,0,1,0,0,1,0,0,1,1,1,1,1,0,1,0,0,1,1,0,1,1,1,1,1,0,1,1,1,0,0,0,0,0,0,0,1,1,1,0,0,0,0,1,0,0,0,0,0,1,1,0,1,0,0,0,0,0,1,1,1,0,1,0,0,1,0,1,0,0,0,0,1,1,1,1,0,1,1,0,0,1,1,1,0,0,1,1,0,1,1,1,1,1,1,0,0,0,0,1,1,1,0,1,1,0,0,1,0,0,0,1,0,0,1,0,1,1,0,1,1,1,1,0,1,0,1,0,0,1,1,0,0,0,1,0,1,0,0,0,0,0,0,0,0,1,1,1,0,0,1,0,1,1,0,0,0,1,1,1,1,0,0.0,-4515.430000000001,1
1,1,0,0,0,1,0,1,0,1,0,0,1,0,0,1,1,0,1,1,1,0,0,0,1,1,0,1,1,0,0,0,1,1,1,0,1,0,0,0,1,1,1,1,0,1,0,0,0,0,0,0,1,1,0,1,0,0,1,1,0,1,1,0,0,1,0,1,0,0,0,0,0,1,1,1,0,0,0,0,1,1,1,0,0,1,0,1,1,0,0,1,0,0,0,0,1,0,1,1,0,1,1,1,1,1,0,1,1,1,0,1,0,1,1,0,1,1,1,1,0,0,1,0,0,0,0,1,0,0,1,0,0,0,1,0,1,1,1,0,0,0,0,1,0,1,1,1,1,0,0,1,0,0,0,1,0,1,0,0,0,1,1,0,0,1,1,0,0,1,0,0,1,1,1,1,1,0,1,0,0.0,-4515.299999999998,1
0,1,1,1,0,0,0,0,1,0,1,0,0,1,1,0,1,0,0,1,1,1,0,0,0,1,1,0,0,1,0,0,1,0,0,1,0,0,0,1,0,0,1,0,1,0,1,0,1,0,0,1,0,1,0,1,1,0,1,0,0,0,0,1,1,0,0,1,1,0,0,1,1,0,0,1,1,1,1,1,0,0,1,0,0,0,0,1,0,1,1,1,1,1,1,0,0,1,1,0,1,1,1,0,0,0,1,0,0,0,1,1,1,0,1,0,0,0,1,1,1,0,0,1,0,1,1,0,0,1,1,0,1,1,0,1,0,0,0,1,1,1,1,1,1,0,1,0,0,1,1,0,1,1,1,0,0,1,1,0,0,1,0,0,1,1,0,1,0,0,1,1,0,1,1,0,0,1,1,1,0.0,-4515.259999999999,1
0,0,1,0,1,1,0,0,1,0,0,1,0,1,0,1,1,0,1,0,1,0,0,0,1,1,1,1,1,1,0,1,0,0,1,0,1,0,1,1,0,1,0,0,0,1,1,1,0,0,0,1,0,0,0,1,0,0,1,1,0,1,0,1,0,1,0,0,0,0,0,1,0,0,1,1,1,1,1,1,1,0,1,0,1,0,0,0,1,1,0,0,0,1,1,0,0,0,0,0,1,0,1,0,0,0,1,1,0,0,0,1,1,1,1,0,1,0,0,1,1,1,0,1,0,0,1,0,1,0,1,0,0,1,0,1,1,0,0,1,1,0,1,0,1,1,1,0,0,1,1,1,0,1,0,0,1,1,0,1,0,0,0,1,0,0,1,0,1,0,1,0,0,1,1,0,0,0,0,1,0.0,-4515.200000000002,1
0,1,1,1,0,1,0,0,1,0,0,1,0,0,1,1,1,0,1,1,1,0,0,1,1,1,1,1,1,1,0,0,0,0,1,0,1,0,1,1,0,1,0,0,0,1,1,0,0,0,0,1,0,1,0,1,1,0,1,0,0,1,1,1,0,1,0,1,0,0,0,1,0,0,0,1,1,1,1,0,1,0,1,0,1,0,0,1,1,0,0,0,0,1,1,1,0,0,1,0,1,1,0,1,0,1,1,1,0,0,1,1,1,1,0,0,1,0,1,1,1,0,0,0,0,0,1,0,0,1,1,0,0,0,0,0,1,0,0,0,1,1,1,1,1,1,1,0,0,0,0,1,0,1,1,0,0,0,0,0,0,1,0,1,0,1,0,0,0,0,0,0,0,1,0,0,0,0,1,1,0.0,-4515.119999999999,1
1,1,0,0,1,1,1,1,0,1,1,1,1,0,0,1,1,0,1,0,1,0,0,0,1,0,1,0,1,0,0,1,0,0,1,0,0,0,0,1,1,1,1,0,0,1,1,0,0,0,0,0,1,1,0,1,0,0,1,1,0,1,1,0,0,1,1,0,0,1,0,0,1,1,1,0,0,0,1,1,0,1,0,1,1,1,0,0,1,1,1,0,0,1,0,1,1,0,0,1,0,1,0,0,1,1,0,1,1,1,0,1,0,1,1,0,1,1,1,1,0,1,1,0,0,0,0,1,0,0,1,0,0,0,1,0,1,1,1,0,0,1,0,0,0,1,1,1,1,0,1,1,0,0,0,0,0,0,0,1,0,0,1,1,0,1,1,0,1,1,0,0,1,1,1,1,1,0,0,0,0.0,-4515.059999999999,1
1,0,0,1,1,0,0,1,0,1,0,1,1,1,1,1,0,0,1,0,0,0,1,0,1,1,1,0,1,0,0,1,1,0,1,0,0,1,0,0,1,1,1,1,0,1,0,1,0,1,0,0,1,1,0,1,1,0,0,0,1,1,1,0,0,0,1,1,1,0,1,0,0,1,0,1,0,0,0,0,0,1,1,0,0,1,1,1,1,1,1,1,0,0,0,0,1,0,1,1,0,0,1,1,1,1,0,1,0,1,1,0,0,1,1,0,1,1,0,0,0,0,1,1,1,0,1,1,1,1,0,1,0,0,0,0,1,1,1,1,0,1,0,1,1,1,1,1,1,0,1,1,0,0,1,1,1,1,0,0,1,0,1,1,0,0,0,0,0,1,1,0,1,0,1,1,0,0,1,0,0.0,-4514.999999999999,1
0,1,0,0,0,1,0,0,1,0,1,0,0,0,0,0,0,0,0,1,0,1,1,1,0,0,1,0,0,1,0,0,1,0,0,1,0,0,1,1,0,0,1,0,1,1,0,0,0,0,0,0,0,1,1,1,0,0,0,1,0,1,0,1,1,1,0,0,0,0,1,1,1,1,0,0,1,1,0,0,0,1,0,1,0,0,0,1,0,1,1,0,1,1,0,1,1,1,1,0,1,1,0,0,1,0,0,0,0,1,0,0,1,0,0,0,0,1,1,0,1,0,0,0,0,1,1,0,0,0,0,0,1,0,0,1,0,1,1,1,1,0,1,0,1,0,0,0,0,1,1,0,1,1,0,0,0,0,1,1,1,1,0,1,1,0,1,1,0,1,1,1,0,0,0,0,0,1,0,1,0.0,-4514.97,1
0,1,1,1,1,1,0,0,1,0,1,0,0,1,1,1,1,0,1,0,1,0,0,0,1,1,1,1,1,0,0,1,1,0,1,0,1,0,0,1,0,1,1,0,0,1,1,1,0,1,0,1,1,1,0,1,1,0,1,0,0,1,1,1,0,1,0,1,0,0,0,1,1,1,0,1,1,1,1,0,1,1,1,0,0,1,1,1,1,0,0,0,0,1,1,1,0,1,1,0,1,0,0,0,0,1,1,1,0,0,1,0,0,1,1,0,1,0,0,1,0,0,0,1,0,0,1,0,1,1,1,0,0,1,0,0,1,0,0,1,0,0,1,1,1,1,1,0,0,0,0,1,0,1,1,0,1,0,0,0,1,0,0,0,0,0,0,1,0,1,1,0,0,1,1,0,0,0,1,1,0.0,-4514.74,1
0,0,1,0,0,1,1,0,0,0,1,1,1,0,0,0,1,1,0,1,0,1,1,1,0,0,1,0,0,1,1,0,0,0,0,0,0,0,1,1,0,0,1,0,1,0,1,1,1,1,1,1,0,0,1,0,0,1,1,1,1,0,0,0,1,1,1,0,0,1,0,0,1,0,1,0,1,1,0,1,0,0,0,1,1,1,1,0,0,1,1,0,1,1,1,1,0,1,0,1,1,0,0,0,0,1,1,0,1,0,0,0,1,0,0,1,0,0,0,0,0,1,1,0,0,1,0,0,1,0,1,0,1,1,1,1,0,0,0,1,1,1,1,0,0,0,1,1,0,0,1,0,1,1,0,0,1,0,1,1,1,1,0,1,1,0,1,1,0,0,1,1,0,1,0,0,1,1,0,1,0.0,-4514.640000000001,1
0,1,1,0,1,1,1,0,1,0,0,1,0,0,1,1,0,1,1,0,0,0,1,0,1,0,1,1,1,1,1,1,0,0,1,0,1,0,1,1,0,1,0,0,0,0,1,1,1,0,1,1,0,0,0,0,0,1,1,1,0,0,1,1,0,1,0,1,0,1,1,1,0,0,1,0,1,1,0,0,1,0,0,1,1,1,0,0,1,0,0,1,0,1,1,0,0,1,1,0,1,0,1,0,0,0,1,1,0,0,0,0,1,1,1,1,1,0,0,0,0,0,0,0,1,0,1,0,1,0,1,0,0,1,0,0,1,0,0,0,1,1,1,0,1,1,0,0,0,1,0,1,0,1,0,0,1,1,0,0,1,0,0,1,0,0,1,1,1,0,0,0,0,1,1,0,0,0,1,1,0.0,-4514.530000000002,1
1,0,0,1,0,1,1,1,0,1,1,1,1,1,1,0,0,1,0,1,0,1,1,1,0,1,1,0,0,0,1,0,0,0,0,1,0,0,1,1,1,0,1,0,1,0,0,1,1,1,1,0,1,1,1,0,1,1,0,0,1,0,0,0,1,0,0,0,0,1,1,0,1,1,0,1,0,0,0,0,0,1,1,0,1,0,1,1,0,1,0,0,1,1,0,1,1,0,1,1,0,0,0,0,1,1,0,0,1,0,1,1,0,0,0,1,0,1,0,0,1,0,1,1,1,1,0,1,1,1,0,0,1,0,1,1,0,1,1,1,0,0,0,0,1,0,0,1,1,0,1,0,1,0,1,1,1,0,1,1,0,1,1,1,1,1,0,0,0,1,1,1,1,0,0,1,1,1,0,0,0.0,-4514.26,1
0,1,1,0,0,0,0,0,1,1,0,0,0,0,0,1,1,0,1,1,0,0,1,0,1,0,0,1,1,1,0,0,1,1,1,0,1,1,1,0,1,1,1,1,0,1,1,1,0,1,0,1,0,1,0,1,0,0,1,1,0,1,1,0,0,0,1,0,1,0,0,0,0,1,1,0,1,1,0,1,1,1,0,1,0,1,1,1,1,1,0,1,0,0,1,1,0,1,0,1,0,0,0,1,0,1,1,1,1,0,0,0,1,1,1,0,1,0,0,0,0,1,1,0,1,0,0,1,1,0,1,1,0,1,1,0,1,0,0,0,1,0,0,1,0,1,1,1,1,0,1,1,0,0,0,0,1,0,0,1,1,1,0,1,0,0,1,1,0,1,0,0,1,1,1,1,1,0,0,0,0.0,-4514.100000000001,1
1,0,1,0,1,0,0,0,1,0,1,1,0,1,0,1,1,0,1,0,1,0,0,0,1,0,1,0,1,1,0,1,0,0,0,0,0,0,1,1,0,1,1,0,0,1,1,1,0,0,0,1,0,1,0,1,0,0,0,1,1,1,1,0,0,0,1,0,1,0,0,0,1,1,1,0,1,1,1,0,0,0,0,1,1,1,0,1,1,1,1,1,0,1,1,0,0,0,1,1,1,0,1,0,0,1,1,1,1,1,0,0,1,1,1,0,1,0,0,1,0,0,1,1,0,0,0,0,1,0,1,0,0,1,1,0,1,0,0,0,1,0,1,1,0,1,1,1,0,0,1,1,0,1,0,0,1,0,0,1,1,0,0,0,0,0,1,0,0,0,0,0,0,0,1,0,1,0,0,1,0.0,-4514.039999999999,1
1,0,0,1,1,0,0,1,0,1,0,0,1,1,1,1,0,0,1,0,1,0,0,0,1,1,1,1,1,0,1,1,0,0,1,0,1,1,0,0,1,1,1,1,0,0,0,1,1,0,0,0,1,0,0,1,1,0,0,0,1,0,1,0,0,0,0,1,1,0,1,0,0,1,1,1,0,0,0,0,1,1,1,0,1,0,0,1,1,0,0,0,0,0,0,0,0,0,1,1,0,0,1,1,1,0,0,1,1,1,1,1,0,1,1,0,1,1,0,1,1,0,1,1,0,0,0,1,1,1,0,1,1,0,1,0,1,1,1,0,0,0,0,1,0,1,0,1,1,1,0,0,0,0,1,1,1,1,0,0,0,0,1,1,0,0,0,0,1,1,0,0,1,0,1,1,1,0,1,0,0.0,-4513.759999999999,1
1,0,1,1,0,0,1,1,0,1,1,0,1,0,0,0,0,1,0,1,0,1,1,0,0,1,1,0,0,0,1,0,0,0,0,1,0,0,0,1,1,0,0,0,1,0,1,0,1,0,1,1,1,1,1,0,1,1,1,0,1,0,0,1,1,0,1,0,1,1,0,0,1,1,0,1,0,0,0,0,0,1,1,0,1,1,0,1,0,1,1,1,0,1,1,0,0,1,1,1,0,1,1,0,0,0,1,0,0,0,1,0,0,0,1,1,0,0,1,0,0,0,1,0,0,1,1,1,0,1,1,0,1,1,0,1,0,0,0,1,0,0,0,1,1,0,1,1,0,1,1,0,1,1,1,1,0,1,1,1,1,1,1,0,1,1,0,1,0,1,1,1,1,1,1,0,0,1,0,1,0.0,-4513.699999999999,1
1,1,1,0,0,1,1,0,1,0,0,1,0,0,0,1,1,1,1,1,0,1,1,0,1,1,0,0,0,1,0,0,0,1,1,1,0,1,1,0,0,0,1,1,0,0,0,0,1,1,1,1,0,1,0,0,0,1,1,1,0,0,1,0,1,1,1,0,0,1,0,0,0,1,1,1,1,1,0,0,0,0,1,0,1,1,1,1,1,0,1,1,0,0,1,0,0,0,1,1,1,1,1,1,0,1,1,0,1,0,0,1,1,1,1,1,1,0,1,0,0,0,1,0,1,0,0,0,0,0,1,1,0,1,1,0,1,0,0,0,1,1,1,1,0,1,0,1,0,0,0,1,0,1,0,0,0,1,1,1,0,1,0,1,0,1,1,0,0,0,0,0,0,1,1,0,1,0,1,1,0.0,-4513.499999999997,1
0,0,1,0,0,1,0,0,1,0,0,1,0,1,0,0,1,0,1,1,1,1,0,1,0,0,1,0,0,1,0,0,1,0,1,1,0,1,1,0,1,0,1,1,1,1,0,0,0,1,0,1,0,0,1,1,0,0,1,1,1,1,0,0,1,1,1,0,0,0,0,0,0,0,1,0,1,1,1,0,0,0,0,1,0,0,1,0,0,1,1,0,1,0,1,1,0,1,1,1,1,1,0,1,0,1,1,0,1,0,0,1,1,0,0,0,1,0,1,1,1,0,1,1,0,0,0,0,0,0,1,1,1,1,1,1,1,0,0,1,1,1,1,0,0,0,0,1,1,0,1,0,0,0,0,1,0,0,1,1,0,1,0,0,1,1,1,1,1,0,1,1,0,1,0,1,1,1,0,0,0.0,-4513.42,1
1,1,1,0,0,1,1,1,0,1,1,0,1,1,1,1,1,1,1,1,0,0,1,1,1,0,1,0,0,0,0,0,0,0,1,0,0,0,0,1,0,1,1,0,0,1,1,0,0,0,1,1,1,0,0,0,0,1,1,1,0,1,1,0,1,1,1,1,0,1,0,0,1,1,1,0,0,0,0,1,0,1,0,1,1,0,0,0,1,1,0,0,0,1,1,1,0,1,0,1,0,1,0,0,0,1,1,1,1,0,0,0,0,1,0,1,1,0,1,0,1,1,1,1,1,0,0,1,0,0,1,0,1,1,1,0,1,0,0,0,0,0,0,0,1,1,0,1,0,0,1,0,0,1,0,1,0,0,0,0,1,1,1,1,0,1,1,1,1,1,0,0,1,1,0,0,1,0,1,1,0.0,-4513.389999999999,1
1,0,1,0,1,1,0,0,1,0,1,1,0,0,1,1,1,0,1,0,1,0,0,0,1,0,1,1,1,0,1,1,0,0,1,0,1,0,0,1,0,1,0,0,0,1,0,1,0,1,0,1,1,1,0,1,0,0,1,1,1,1,1,1,0,1,0,1,0,0,0,1,1,0,1,0,1,1,1,1,1,0,0,1,1,0,1,1,1,1,1,0,0,1,1,1,0,0,0,0,1,0,0,0,0,1,0,1,0,0,0,0,0,1,1,0,1,0,0,1,1,1,0,0,1,0,1,0,1,0,1,0,0,1,0,0,1,0,0,0,1,1,1,1,1,1,0,0,0,0,1,0,0,1,0,0,1,0,0,0,1,0,0,0,0,0,1,0,0,0,0,0,0,1,1,0,0,0,1,1,0.0,-4513.189999999999,1
0,0,0,1,0,1,0,1,0,1,1,1,1,0,1,1,0,0,1,1,1,1,0,1,1,0,1,1,0,0,1,0,0,0,1,0,1,0,1,1,0,0,1,0,0,1,1,0,0,0,0,0,1,1,0,1,1,0,0,0,1,1,1,0,1,1,0,1,0,0,1,0,1,0,0,0,0,0,1,0,1,1,0,1,1,0,0,1,0,0,0,0,0,1,0,1,1,1,1,1,0,1,0,0,1,1,0,0,1,1,1,0,0,1,0,0,1,1,1,1,1,0,1,0,1,0,0,1,0,1,0,0,0,0,1,0,1,1,1,0,0,0,0,1,0,1,1,1,0,0,0,1,0,1,1,1,0,0,1,0,1,1,1,1,0,1,0,1,0,1,0,0,1,0,0,0,1,0,1,1,0.0,-4513.12,1
0,1,0,0,1,0,0,0,1,0,1,0,0,0,0,1,1,0,1,0,1,0,0,0,1,1,1,1,1,1,0,0,1,0,1,1,1,0,1,1,1,1,1,0,0,1,1,0,0,0,0,0,0,1,0,1,0,0,1,1,0,1,1,0,0,0,0,0,1,0,0,0,1,0,1,1,1,1,1,0,1,0,1,0,0,1,0,1,1,1,1,1,0,1,0,1,1,0,1,1,1,1,0,0,1,1,1,1,1,1,0,0,1,1,1,0,1,0,1,1,0,0,1,0,0,0,0,0,0,0,1,0,0,0,1,0,1,1,1,0,1,1,1,1,0,1,0,1,1,0,1,0,0,0,0,0,0,0,0,1,1,0,0,1,0,1,1,0,0,0,0,0,0,1,1,1,1,0,0,0,0.0,-4513.099999999998,1
0,1,1,0,1,0,1,0,1,0,0,0,0,0,0,1,1,1,1,0,0,0,1,0,1,0,1,1,1,1,0,1,0,0,1,1,1,0,1,1,0,1,0,0,0,0,1,0,1,1,1,1,0,1,0,0,0,1,1,1,0,0,1,1,0,0,0,0,1,1,0,1,0,0,0,0,1,1,0,1,1,1,0,1,1,1,1,1,1,0,0,1,0,1,1,0,0,1,0,0,1,1,1,1,0,0,1,1,0,0,0,1,1,1,1,1,1,1,1,0,0,1,0,0,1,0,1,0,0,0,1,0,0,1,0,0,1,0,0,0,1,0,1,1,1,1,0,0,0,1,1,1,0,1,0,0,0,1,0,1,0,0,0,1,0,1,1,1,0,1,0,0,0,1,1,0,0,0,0,1,0.0,-4512.9699999999975,1
1,1,1,0,1,1,0,0,1,0,1,1,0,1,0,1,1,0,1,0,1,0,0,1,1,0,0,1,1,1,0,1,1,1,1,0,1,0,1,1,0,1,0,0,0,1,1,0,0,0,0,1,0,0,0,1,0,0,1,1,0,1,1,1,0,1,0,0,0,0,0,1,1,0,1,0,1,1,1,0,1,0,0,0,0,0,0,0,1,0,0,0,0,1,1,0,0,0,1,0,0,1,1,0,0,0,1,1,1,0,0,0,1,1,0,0,1,0,1,1,1,0,0,1,0,0,1,0,0,0,1,0,0,1,0,0,1,0,0,1,1,1,1,0,1,1,0,0,0,1,0,1,0,1,0,0,0,1,0,1,1,0,0,0,0,0,1,0,1,0,1,0,1,1,0,0,0,0,0,1,0.0,-4512.859999999999,1
0,1,0,0,1,1,0,0,1,1,1,1,0,0,1,1,0,0,1,0,1,0,0,0,1,0,1,1,1,1,0,1,1,0,1,0,1,0,1,1,1,1,1,0,0,1,0,1,0,1,0,0,0,0,0,1,0,0,0,1,0,1,1,0,0,1,1,1,0,0,1,0,1,0,0,0,1,1,1,1,1,0,0,1,0,0,1,0,1,0,1,0,0,1,0,1,1,1,0,1,0,0,0,0,1,0,0,1,0,0,0,0,1,1,1,0,1,1,0,1,1,1,1,0,0,0,1,1,1,0,0,0,0,0,0,0,1,1,1,0,1,1,0,0,1,1,1,1,1,1,0,1,0,0,0,0,1,0,0,0,1,0,0,1,0,0,1,1,1,0,0,0,1,0,1,1,0,0,1,0,0.0,-4512.250000000001,1
1,1,1,1,0,1,0,1,0,1,0,0,1,0,1,0,0,0,0,1,1,1,0,0,0,0,0,0,0,0,0,0,1,1,0,1,0,0,0,0,1,0,1,1,1,1,0,1,0,0,0,1,1,1,1,1,1,0,0,0,1,1,0,0,1,1,1,1,0,0,1,0,0,1,0,0,0,0,1,1,0,1,0,1,0,0,0,1,0,0,0,0,1,0,1,1,0,1,0,1,0,0,0,1,0,1,1,0,1,0,1,1,0,0,1,0,0,0,0,1,1,1,1,0,0,1,0,1,1,1,0,0,1,1,1,1,0,0,0,1,0,0,0,1,0,0,1,0,0,0,0,0,1,1,1,1,1,0,1,0,0,1,1,0,1,0,0,1,0,1,1,1,1,0,1,0,1,1,1,1,0.0,-4512.150000000001,1
1,0,1,0,0,0,0,1,0,1,1,1,1,1,0,1,0,0,1,1,1,0,0,0,1,0,1,0,0,0,1,0,0,0,1,0,0,0,0,1,0,1,1,0,0,1,1,0,0,0,0,1,1,0,0,1,0,0,0,1,1,1,1,0,1,0,0,0,0,0,1,0,1,1,1,0,0,0,1,1,0,1,0,1,1,0,0,0,1,1,1,0,0,1,1,1,0,1,0,1,0,1,0,0,0,1,1,1,1,0,0,1,0,1,1,0,1,0,1,1,1,1,1,1,1,0,0,1,0,0,0,0,0,1,1,0,1,0,0,0,0,1,0,0,0,1,0,1,0,0,0,1,0,1,0,1,0,0,0,1,0,1,1,0,0,1,1,1,1,1,0,0,1,0,1,0,1,0,1,1,0.0,-4511.979999999999,1
1,0,0,0,1,1,0,1,0,1,1,0,1,0,0,0,0,0,0,0,1,0,0,0,1,0,1,1,1,0,0,1,0,0,0,1,1,0,0,1,1,1,1,0,0,0,0,1,1,0,0,0,1,0,0,1,0,0,0,1,1,0,0,0,0,1,1,0,0,0,1,0,1,0,1,0,0,0,0,1,1,0,0,1,1,0,0,1,0,0,1,0,0,1,0,1,1,1,0,1,0,0,0,0,1,1,1,1,1,1,0,1,0,1,1,0,0,1,0,1,1,1,1,0,1,1,0,1,1,0,0,0,0,0,1,1,0,1,1,1,0,1,0,1,0,1,1,1,1,0,0,1,1,0,0,1,1,0,0,1,0,0,1,0,0,0,1,1,1,0,1,1,1,0,1,1,1,0,0,0,0.0,-4511.88,1
0,0,0,1,0,1,0,0,1,0,0,1,0,0,1,0,0,0,0,1,1,1,0,0,0,1,0,0,0,1,0,1,1,1,0,1,0,0,1,1,1,0,1,0,1,1,0,0,0,1,0,0,0,1,1,1,1,0,0,0,0,1,0,0,1,0,1,1,0,0,1,0,0,0,0,1,1,1,1,0,0,0,1,0,0,0,1,1,0,1,1,0,0,1,0,1,1,0,1,1,1,1,0,1,1,1,0,0,1,0,1,0,1,0,1,0,0,1,1,1,1,0,1,0,1,1,0,0,0,1,0,0,1,0,1,1,0,1,1,1,1,0,1,1,0,0,1,1,1,0,1,0,1,0,1,0,0,0,1,0,1,1,0,0,1,1,0,0,0,0,1,1,0,0,1,1,1,1,1,0,0.0,-4511.689999999999,1
0,0,1,0,1,0,0,1,0,1,1,0,1,1,0,1,0,0,1,0,1,0,0,0,1,1,1,1,1,0,1,1,1,0,1,0,1,0,0,1,0,1,1,0,0,1,0,1,0,0,0,1,1,1,0,1,0,0,0,1,1,1,1,0,0,0,0,0,1,0,1,0,1,0,1,1,0,0,0,0,1,0,1,0,0,0,0,1,1,0,0,1,0,1,1,1,1,0,1,1,0,0,0,0,0,1,1,1,1,1,0,0,0,1,1,0,0,0,0,1,1,0,1,1,0,0,0,1,1,0,0,0,0,1,1,0,1,0,0,0,0,0,0,1,0,1,0,1,0,0,0,1,0,1,0,0,1,0,0,1,1,0,1,1,0,0,1,0,0,0,0,0,1,0,1,0,1,0,0,1,0.0,-4511.66,1
1,1,1,0,0,0,0,1,0,0,1,1,1,0,0,1,1,0,1,1,1,0,0,0,1,0,0,0,0,0,0,0,1,1,0,0,0,0,1,1,1,1,0,0,0,1,1,0,0,1,0,1,1,1,0,1,0,0,1,1,0,1,1,0,1,0,1,0,1,0,0,0,1,0,1,0,0,0,1,0,0,0,0,1,0,1,1,1,1,1,1,1,0,1,1,1,1,0,1,1,1,1,0,0,0,1,1,1,1,0,0,0,0,1,1,0,1,0,1,1,0,0,1,0,1,0,0,0,0,0,1,0,0,1,1,0,1,0,0,0,0,0,1,1,0,1,1,1,0,0,1,1,0,1,0,1,0,0,0,1,1,1,1,0,0,1,1,0,0,0,0,0,0,1,1,0,1,0,0,0,0.0,-4511.479999999999,1
1,0,1,0,1,1,0,1,0,1,0,1,1,1,0,1,1,0,1,0,1,0,0,1,1,0,1,1,1,0,0,1,0,0,1,0,1,1,0,0,1,1,1,1,0,1,0,1,0,1,0,1,1,0,0,1,0,0,1,1,1,1,1,0,0,1,1,0,0,0,0,0,0,1,1,0,0,0,1,0,1,1,0,1,1,0,1,0,1,0,0,0,0,0,1,0,0,1,1,1,0,0,1,1,0,0,1,1,1,0,0,1,0,1,0,0,1,0,1,1,1,0,1,1,1,0,0,1,0,0,1,1,0,1,1,0,1,0,0,0,0,1,0,0,0,1,0,1,0,1,0,1,0,1,0,1,0,1,0,1,1,0,1,0,0,1,1,1,1,1,0,0,1,1,0,0,1,0,0,0,0.0,-4511.2199999999975,1
1,0,0,1,0,0,1,1,0,1,0,1,1,1,1,0,0,1,0,1,0,1,1,1,0,1,0,0,0,0,1,0,0,1,0,1,0,0,0,1,1,0,1,0,1,1,0,1,0,1,1,0,1,1,1,0,1,1,0,0,1,1,0,0,1,0,1,1,1,1,1,0,0,1,0,1,0,0,0,0,0,0,1,0,1,1,1,1,0,1,1,1,1,1,0,0,1,0,1,1,1,0,1,1,1,1,0,0,1,1,1,1,0,0,0,1,0,1,0,0,0,0,1,1,1,1,0,1,1,1,0,0,1,0,1,1,0,1,1,1,0,0,0,1,0,0,0,1,0,0,1,0,1,1,1,1,1,1,1,0,0,1,1,0,1,0,0,0,0,0,1,1,0,0,0,0,1,1,1,0,0.0,-4511.1399999999985,1
0,1,1,0,1,1,0,1,0,1,0,1,1,0,0,1,1,0,1,0,1,0,0,0,1,1,0,1,1,0,0,1,1,1,1,0,1,1,0,0,0,1,1,1,0,1,1,0,0,0,0,1,1,0,0,1,0,0,1,1,0,1,1,0,0,1,1,0,0,0,0,0,0,1,1,1,0,0,1,0,1,1,1,0,0,0,0,1,1,0,1,0,0,0,1,1,1,1,1,1,1,1,0,1,0,1,1,1,1,0,0,1,0,1,1,0,1,0,0,1,1,0,1,0,0,0,0,1,0,0,1,1,0,1,1,0,1,0,0,0,0,0,0,1,1,1,1,1,0,1,0,1,0,1,0,1,0,0,0,1,0,0,1,0,0,1,1,1,0,1,0,0,0,1,1,0,1,0,0,1,0.0,-4511.079999999999,1
0,1,1,1,0,0,0,0,1,0,1,0,0,0,0,0,1,0,0,1,1,1,0,0,0,1,0,1,1,1,1,0,0,1,0,1,1,0,1,1,0,0,1,0,1,1,1,0,0,0,0,1,0,1,1,1,1,0,1,0,0,1,0,0,0,1,1,0,1,0,0,0,1,0,0,1,1,1,0,0,1,0,1,0,1,1,0,1,0,0,1,1,1,1,1,0,0,0,1,1,1,1,1,0,0,0,1,0,1,0,1,1,1,0,1,0,0,0,1,1,0,0,1,0,0,1,0,0,0,1,1,0,1,1,1,1,0,0,0,1,1,1,1,1,0,0,1,1,0,1,0,0,1,1,1,0,0,1,1,1,0,1,0,1,1,1,0,0,0,0,1,1,0,1,1,0,1,1,0,1,0.0,-4510.959999999999,1
0,1,1,0,1,0,0,1,0,1,0,1,1,0,0,1,1,0,1,0,1,0,0,0,1,0,1,1,1,0,0,1,1,0,1,0,1,0,0,1,0,1,1,0,0,1,1,0,0,1,0,1,1,1,0,1,0,0,1,1,0,1,1,0,0,0,0,1,1,0,0,0,0,1,1,0,0,0,1,0,1,1,0,1,0,0,1,1,1,0,1,1,0,1,1,0,1,1,1,1,0,1,1,0,0,1,1,1,1,0,0,0,0,1,1,0,1,1,1,1,1,0,1,0,1,0,0,1,0,0,1,0,1,0,1,0,1,0,0,0,0,0,0,1,0,1,1,1,0,0,0,0,0,1,0,1,0,1,0,0,1,0,1,1,0,1,1,1,0,1,0,0,1,1,1,0,1,0,1,1,0.0,-4510.949999999998,1
1,1,0,0,1,1,1,0,1,0,1,1,0,0,0,1,0,1,1,0,1,0,0,0,1,1,0,1,1,1,1,1,0,1,1,0,1,0,1,1,1,0,0,0,0,0,0,0,1,1,1,0,0,0,0,0,0,1,0,1,0,0,1,1,0,0,0,0,0,1,1,1,1,0,1,1,1,1,1,1,1,0,1,0,1,0,1,1,1,0,1,0,0,1,0,0,1,0,1,0,1,1,1,0,1,0,1,0,0,1,0,0,1,1,1,1,1,1,1,1,1,0,0,0,0,0,1,0,0,0,0,0,0,0,0,0,1,1,1,0,1,1,1,1,1,1,1,0,1,1,0,1,0,0,0,0,0,1,1,1,1,0,0,1,0,1,1,0,0,0,0,0,0,0,1,1,0,0,0,0,0.0,-4510.859999999998,1
1,0,1,0,0,1,0,0,1,0,1,1,0,0,0,1,0,0,1,1,1,0,0,0,1,1,1,0,0,1,0,0,0,0,1,0,0,0,0,1,0,1,1,0,0,1,1,1,0,0,0,1,0,1,0,1,0,0,0,1,1,1,1,0,1,1,0,0,0,0,1,0,1,0,0,1,1,1,1,0,0,0,1,0,1,0,0,1,1,1,0,0,0,1,1,0,0,1,1,1,1,0,1,0,0,0,1,1,1,0,0,1,1,1,1,0,1,1,0,1,1,0,1,0,1,0,0,0,1,0,0,0,1,1,1,0,1,0,0,0,1,0,1,1,0,1,1,1,0,1,1,0,0,1,0,0,1,1,0,1,0,1,0,0,0,0,1,1,0,0,0,0,0,0,1,0,1,0,0,1,0.0,-4510.819999999999,1
0,1,0,0,1,0,0,1,0,1,0,1,1,0,0,1,0,0,1,0,1,0,0,1,0,0,0,1,1,0,1,1,0,1,1,0,1,0,0,1,1,1,0,0,0,1,0,0,0,0,0,0,1,0,1,1,0,0,0,1,0,1,1,1,0,0,0,0,1,0,1,1,0,0,1,0,0,0,1,1,1,1,0,1,1,0,0,0,1,0,0,0,0,1,0,0,1,0,0,0,0,1,1,1,1,1,1,1,0,1,0,0,0,0,0,0,1,1,1,1,1,1,0,0,0,0,1,1,0,0,0,0,1,0,0,0,1,1,1,0,0,1,0,0,1,1,0,0,1,0,0,0,0,0,0,1,0,1,0,1,1,0,1,1,1,1,1,0,1,1,0,0,1,0,0,1,0,0,0,0,0.0,-4510.779999999999,1
0,0,1,1,0,0,0,0,1,0,1,1,0,1,1,1,1,0,1,1,1,0,0,0,0,1,0,0,0,1,0,0,0,1,1,0,0,0,1,1,0,1,0,0,0,1,1,0,0,0,0,1,0,1,1,1,1,0,1,0,1,1,1,1,1,0,0,1,1,0,0,1,1,0,0,1,1,1,1,0,0,0,1,0,1,1,0,1,0,1,0,1,0,1,1,1,0,0,1,0,1,1,0,0,0,0,1,1,0,0,1,1,1,0,1,0,1,0,1,1,0,0,0,1,1,0,1,0,0,1,1,0,0,1,0,0,1,0,0,0,1,1,1,1,1,1,0,0,0,1,1,0,0,1,1,0,0,0,0,0,0,1,0,0,1,0,0,0,0,0,0,0,0,1,1,0,0,0,1,1,0.0,-4510.539999999997,1
0,1,0,0,0,0,0,1,0,1,1,1,1,0,1,0,0,0,0,1,1,1,0,1,0,1,1,0,0,0,1,0,0,0,0,1,0,0,0,1,0,0,0,0,1,0,0,1,1,1,0,0,1,1,1,1,0,0,0,1,0,0,0,1,1,0,0,1,1,0,1,1,1,1,1,1,0,0,1,0,0,1,1,0,1,1,1,0,1,1,1,1,1,1,0,1,1,1,1,0,0,0,0,0,1,0,0,0,0,1,0,1,0,0,0,0,0,1,0,1,0,0,0,0,1,1,1,1,1,0,0,0,1,0,0,1,0,1,1,1,0,0,0,0,1,0,0,0,0,1,1,0,1,1,0,1,1,0,1,0,0,1,1,1,1,0,1,1,1,1,1,1,1,1,0,0,0,1,1,1,0.0,-4510.47,1
0,1,1,0,0,1,1,0,1,0,0,0,0,0,1,0,1,1,0,1,0,1,1,1,0,0,1,0,0,1,1,0,1,0,0,1,0,0,1,1,0,0,0,0,1,0,1,0,1,1,1,1,0,1,1,0,0,1,1,1,0,0,0,1,1,1,0,1,0,1,0,1,0,0,1,0,1,1,0,1,0,0,0,1,0,0,1,0,0,1,1,0,1,1,1,1,0,1,0,0,0,1,0,1,0,0,1,0,0,1,0,1,1,0,0,1,0,0,1,0,1,1,0,0,0,1,1,0,0,0,1,0,1,1,0,1,0,0,0,0,1,1,1,0,1,0,1,0,0,1,0,0,1,1,0,0,0,0,1,0,0,1,0,0,1,1,1,1,1,0,0,1,1,1,0,0,0,1,1,1,0.0,-4510.4299999999985,1
0,0,1,1,1,1,1,0,1,0,0,1,0,0,1,1,1,1,1,0,0,0,1,1,1,0,0,1,1,1,1,1,0,1,1,0,1,1,0,0,1,1,1,1,0,0,0,0,1,0,1,1,0,1,0,0,1,1,1,0,1,0,1,0,0,1,1,1,0,1,0,0,0,1,0,0,1,1,1,1,1,1,0,1,1,0,0,1,1,0,1,0,0,0,1,1,0,1,0,1,1,1,0,1,0,1,1,0,1,0,1,1,1,1,0,1,1,0,1,0,1,1,1,0,1,0,0,0,0,1,1,1,0,1,1,0,1,0,0,0,1,1,1,1,0,1,0,1,0,0,0,0,0,1,1,0,0,0,0,0,0,0,0,1,0,1,0,1,0,1,0,0,0,1,0,0,1,0,1,1,0.0,-4510.359999999999,1
0,1,1,0,1,0,1,0,1,0,0,1,0,1,0,1,1,1,1,0,0,0,1,1,1,1,1,1,1,1,1,1,0,0,1,0,1,1,1,0,1,1,1,1,0,1,1,1,0,1,1,1,0,0,0,0,0,1,0,1,0,1,1,1,0,0,0,0,1,1,0,1,0,0,1,1,1,1,0,1,1,0,1,0,1,1,1,0,0,0,1,1,0,0,1,0,0,0,0,0,1,0,1,1,0,1,1,1,0,0,0,0,1,1,0,1,1,0,0,0,0,1,0,1,0,0,1,0,1,0,1,1,0,1,0,0,1,0,0,0,1,1,1,0,1,1,0,0,1,0,0,1,0,0,0,0,1,1,0,1,1,0,0,1,0,0,1,0,1,0,0,0,0,0,0,1,0,0,0,0,0.0,-4509.999999999998,1
0,0,1,0,1,0,0,0,1,0,1,0,0,1,0,1,1,0,1,0,1,0,0,0,1,1,1,1,1,1,0,0,1,0,1,0,1,0,1,1,0,1,1,0,0,1,1,1,0,1,0,1,0,0,0,1,0,0,1,1,1,1,1,0,0,0,1,0,1,0,0,0,1,0,1,1,1,1,0,0,1,0,1,0,0,1,1,0,1,0,1,1,0,1,1,0,1,0,1,1,1,0,1,0,0,1,1,1,1,0,0,1,1,1,1,0,1,0,0,1,0,0,1,1,0,0,0,0,1,0,1,0,0,1,1,0,1,0,0,0,1,0,1,0,0,1,1,1,0,0,1,0,0,1,0,0,1,1,0,1,0,0,0,0,0,0,1,0,1,0,0,0,0,1,1,0,1,0,0,0,0.0,-4509.9400000000005,1
1,0,1,0,0,1,1,0,0,0,1,0,1,1,1,0,1,1,0,1,0,1,1,0,0,1,0,0,0,0,1,0,0,1,0,1,0,0,0,1,0,0,1,0,1,0,1,1,1,1,1,1,1,0,1,0,0,1,1,1,1,0,0,0,1,1,1,1,0,1,0,0,1,0,1,1,1,1,1,1,0,0,1,0,1,1,1,1,0,1,1,0,1,1,1,0,0,0,0,1,1,0,1,0,0,1,1,0,1,0,0,1,0,0,1,1,0,0,0,0,0,1,1,1,0,1,0,0,1,0,1,0,1,1,1,1,0,0,0,1,1,1,1,1,0,0,1,1,0,0,1,0,1,1,0,0,1,1,1,0,0,1,0,0,1,0,1,0,1,0,1,1,0,1,1,0,1,1,1,1,0.0,-4509.849999999998,1
1,0,1,0,0,0,1,0,1,0,1,1,0,0,0,1,0,1,1,1,0,0,1,1,1,0,0,0,0,1,1,0,0,1,1,0,0,0,1,1,1,1,0,0,0,0,1,0,1,0,1,1,0,0,0,0,0,1,0,1,1,0,0,1,1,0,1,0,1,1,1,1,1,0,0,0,1,1,0,1,0,0,0,1,1,1,0,0,1,0,0,1,0,1,1,0,0,1,0,0,1,1,1,0,0,0,1,1,0,0,0,0,1,1,0,1,1,0,1,0,0,1,0,0,0,0,1,0,0,0,0,0,0,1,0,1,1,0,0,1,1,1,1,0,1,1,0,0,1,1,1,1,0,0,0,0,0,1,0,1,1,1,0,0,0,1,1,1,1,0,1,0,0,0,0,1,0,0,0,0,0.0,-4509.68,1
1,1,1,0,0,1,0,0,1,0,1,0,0,0,0,0,1,0,0,1,1,1,0,1,0,1,1,0,0,1,1,0,1,0,0,1,0,1,1,0,0,0,0,1,1,1,1,0,0,0,0,1,0,0,1,1,0,0,1,1,0,1,0,1,1,1,0,0,0,0,0,1,1,0,1,1,1,1,1,1,0,0,1,0,0,0,0,0,0,1,0,0,1,0,1,1,1,0,1,0,1,1,0,0,0,0,1,0,0,0,0,0,1,0,0,0,0,1,1,1,1,0,0,0,0,1,1,0,0,0,1,1,1,1,0,1,0,0,0,1,1,1,1,0,1,0,0,0,1,1,1,0,1,0,0,0,0,0,1,1,0,1,0,0,1,1,1,0,1,0,1,1,0,1,0,1,0,1,0,1,0.0,-4509.669999999999,1
0,1,1,0,1,0,0,0,1,0,1,1,0,0,0,1,1,0,1,0,1,0,0,0,1,0,1,1,1,1,0,1,1,0,1,1,1,0,1,1,1,1,1,0,0,1,1,1,0,1,0,1,0,1,0,1,0,0,1,1,0,1,1,0,0,0,0,0,1,0,0,0,1,1,1,0,1,1,1,1,1,1,0,1,0,1,1,1,1,0,1,1,0,1,1,1,0,1,0,1,1,0,0,0,0,1,1,1,1,0,0,0,1,1,1,0,1,0,1,1,0,1,1,0,0,0,1,0,0,0,1,0,0,1,1,0,1,0,0,0,1,1,1,1,0,1,0,1,1,0,0,1,0,0,0,1,0,0,0,1,1,0,0,1,0,0,1,1,0,1,0,0,0,1,1,1,1,0,0,0,0.0,-4509.639999999998,1
1,1,1,0,0,1,1,1,0,1,0,1,0,1,0,1,1,1,1,1,0,1,1,1,1,1,1,0,0,0,0,0,1,0,1,0,0,1,0,0,0,0,1,1,0,0,1,1,1,1,1,1,1,1,0,0,0,1,1,1,0,0,1,0,1,1,1,0,0,1,0,0,0,0,1,1,0,0,0,0,0,0,1,0,0,0,1,1,1,1,1,0,0,0,1,1,0,0,1,1,1,0,0,1,0,1,1,0,1,0,0,1,0,1,0,1,1,0,0,0,1,0,1,1,1,0,0,1,1,0,1,1,0,1,1,0,1,0,0,0,0,0,0,1,0,1,0,1,0,0,1,1,0,1,0,1,1,0,1,1,0,1,1,0,0,0,1,0,0,0,0,0,0,1,0,0,1,0,0,1,0.0,-4509.629999999999,1
0,1,0,0,1,0,0,0,1,0,1,1,0,0,0,1,1,0,1,0,1,0,0,1,1,0,1,1,1,1,0,1,1,0,1,0,1,0,1,1,1,1,1,0,0,1,0,0,0,0,0,0,0,0,0,1,0,0,0,1,0,1,1,0,0,0,0,1,1,0,1,0,1,0,1,0,1,1,1,1,1,0,0,1,0,0,0,0,1,1,0,0,0,1,0,0,1,1,0,1,1,1,1,0,1,1,0,1,1,1,0,0,1,1,0,0,1,1,1,1,1,1,1,0,0,0,0,0,0,0,0,0,0,0,1,0,1,1,1,0,1,1,0,0,0,1,0,1,1,0,1,1,0,0,0,0,0,0,0,0,1,0,0,1,0,1,1,1,1,0,0,0,0,0,0,1,1,0,1,0,0.0,-4509.629999999999,1
0,1,0,0,0,0,0,1,0,1,0,0,1,0,0,0,0,0,0,1,1,1,0,1,0,0,1,1,0,0,0,0,0,0,0,1,1,1,0,0,1,0,0,1,1,1,1,0,0,0,0,0,1,1,1,1,0,0,0,1,0,1,0,1,1,0,1,0,1,0,1,1,0,1,1,0,0,0,0,0,1,1,0,1,1,1,0,0,0,0,0,1,1,0,0,1,1,1,1,0,0,1,0,1,1,0,0,0,0,1,0,0,0,0,0,0,0,1,1,1,0,0,0,0,0,1,1,1,0,0,0,1,1,0,0,1,0,0,1,1,0,1,0,0,1,0,1,0,1,1,0,0,1,0,0,1,0,0,1,1,1,1,1,1,1,1,1,1,1,1,1,1,1,0,0,1,0,1,0,0,0.0,-4509.36,1
0,0,1,0,0,1,0,1,0,1,1,0,1,0,0,1,1,0,1,1,1,0,0,1,1,1,1,0,0,0,0,0,1,0,1,0,0,0,1,1,1,1,1,0,0,1,1,1,0,0,0,1,1,1,0,1,0,0,1,1,1,1,1,0,1,1,0,0,0,0,0,0,1,0,1,1,0,0,1,0,0,0,1,0,0,0,0,1,1,1,0,0,0,1,1,1,0,1,1,1,0,0,0,0,0,0,1,1,0,0,0,0,0,1,0,0,1,1,0,1,1,0,1,0,1,0,0,1,1,0,1,0,0,1,1,0,1,0,0,0,0,0,0,1,0,1,0,1,0,1,1,1,0,1,0,1,1,0,0,1,1,1,1,0,0,0,1,1,0,0,0,0,1,1,0,0,1,0,0,0,0.0,-4509.2699999999995,1
0,0,0,0,1,0,0,1,0,1,1,1,1,1,1,1,0,0,1,0,1,0,0,1,1,1,0,1,1,1,0,1,0,1,1,0,1,0,1,1,1,1,1,0,0,0,0,0,1,0,0,0,0,0,0,1,0,0,0,1,1,0,1,0,0,0,1,1,1,0,1,0,1,1,1,1,0,1,1,0,1,1,1,0,1,1,0,0,1,0,0,1,0,1,0,0,0,0,1,1,0,1,1,0,1,1,0,1,1,0,0,0,1,1,0,0,1,1,1,1,0,0,1,1,1,0,0,1,0,0,0,0,0,0,1,0,1,1,1,0,1,0,0,0,0,1,1,1,1,0,0,1,0,0,0,1,0,1,0,0,1,0,1,0,0,0,1,0,1,1,0,0,1,0,0,1,1,0,1,0,0.0,-4509.099999999999,1
1,0,0,0,0,1,0,1,0,1,1,0,1,0,0,1,0,0,1,1,1,0,0,1,1,0,1,0,0,0,0,0,0,0,1,0,0,0,0,1,1,1,0,0,0,0,0,0,1,0,0,0,1,1,0,1,0,0,0,1,1,0,1,1,1,1,0,1,0,0,1,1,1,0,1,0,0,0,1,1,0,0,0,1,1,0,0,0,1,1,0,0,0,1,0,0,0,0,0,0,0,1,1,0,1,0,1,1,0,1,0,0,0,1,0,0,1,1,1,1,1,1,0,0,1,0,1,1,0,0,0,0,0,0,0,0,1,1,1,0,0,1,0,0,1,1,0,0,1,1,1,1,0,0,0,1,0,1,0,0,1,1,1,0,0,1,1,0,1,0,0,0,1,0,0,1,0,0,0,0,0.0,-4508.999999999999,1
0,1,1,0,0,0,0,1,0,0,1,0,1,0,0,0,1,0,0,1,1,1,0,0,0,0,1,0,0,0,1,0,0,0,0,1,0,1,1,0,0,0,1,1,1,1,1,0,0,0,0,1,1,1,1,1,0,0,0,1,0,1,0,0,1,0,1,0,1,0,0,0,1,1,1,0,0,0,0,1,0,0,0,1,1,1,0,1,0,1,1,1,1,0,1,1,0,1,0,1,1,1,0,0,0,1,1,0,1,0,0,1,0,0,1,0,0,0,1,1,0,1,1,0,0,1,0,0,0,0,1,1,1,1,1,1,0,0,0,1,0,1,1,1,0,0,1,1,0,0,1,0,1,1,0,1,0,0,1,1,0,1,1,0,1,1,1,1,0,0,1,1,0,0,1,0,1,1,0,1,0.0,-4508.929999999998,1
1,1,0,1,0,1,0,0,1,0,0,1,0,1,1,1,0,0,1,1,1,1,0,0,1,1,1,1,0,1,1,0,1,0,1,0,1,1,1,0,1,0,1,1,0,1,0,1,0,0,0,0,0,0,0,1,1,0,0,0,0,1,1,0,1,0,1,1,0,0,1,0,0,0,0,1,1,1,1,0,1,0,1,0,0,0,0,1,1,0,1,0,0,0,0,1,0,1,1,1,1,0,0,1,1,1,0,0,1,1,1,0,1,1,1,0,1,1,0,1,1,0,1,1,1,0,1,0,1,1,0,1,0,0,1,0,1,1,1,0,1,0,1,1,0,1,0,1,1,0,0,1,0,0,1,0,1,0,1,0,1,1,0,0,0,0,0,1,0,0,0,0,0,0,1,1,1,0,1,0,0.0,-4508.759999999998,1
1,1,0,1,1,1,0,0,1,1,0,1,0,1,1,1,0,0,1,0,1,0,0,1,1,0,0,1,1,1,0,1,1,1,1,0,1,1,0,0,1,1,0,1,0,1,0,1,0,1,0,0,0,0,0,1,1,0,0,0,0,1,1,0,0,1,1,1,0,0,1,0,0,1,1,0,1,1,1,1,1,1,0,1,0,1,1,0,1,1,0,0,0,0,0,1,0,0,0,1,0,0,0,1,1,1,0,1,1,1,1,0,1,1,0,0,1,1,0,1,0,1,1,1,0,0,0,1,1,1,0,1,0,1,1,0,1,1,1,0,1,1,0,0,0,1,0,1,1,0,1,1,0,0,1,0,1,0,0,0,1,0,0,1,0,1,0,0,1,1,0,0,1,0,0,1,1,0,1,0,0.0,-4507.94,1
0,0,1,1,1,1,1,1,1,1,0,1,0,1,1,1,1,1,1,0,0,0,1,0,1,0,1,1,1,0,1,1,0,0,1,0,1,0,0,0,0,1,1,1,0,0,1,1,1,1,1,1,1,0,0,0,1,1,1,0,1,0,1,0,0,1,1,1,0,1,0,0,0,1,0,0,0,0,0,1,1,0,0,1,1,0,1,0,1,0,0,0,0,0,1,1,0,1,0,1,0,0,0,1,0,1,1,1,1,0,1,0,0,1,1,1,1,0,0,0,1,1,1,1,1,0,0,1,1,1,1,0,0,1,1,0,1,0,0,1,0,1,0,0,0,1,0,1,0,0,0,1,0,1,1,1,1,0,0,0,1,0,1,0,0,0,0,1,1,0,1,0,1,1,1,0,1,0,1,1,0.0,-4507.9400000000005,1
1,0,0,1,0,1,0,0,1,1,0,0,0,0,1,0,0,0,0,1,1,1,0,1,0,1,1,1,0,0,0,0,0,0,0,1,1,1,0,0,1,0,0,1,1,1,0,0,0,1,0,0,1,0,1,1,1,0,1,0,1,1,0,1,1,1,1,1,0,0,1,1,0,1,0,1,0,0,1,0,1,1,1,0,1,0,1,1,0,0,0,0,1,0,0,1,0,1,1,0,0,1,0,1,1,0,0,0,0,1,1,1,0,0,0,0,0,1,1,1,1,0,0,0,0,1,1,1,0,1,0,1,1,0,0,1,0,1,1,1,0,0,0,1,1,0,0,0,1,1,0,0,1,0,1,0,0,0,1,0,0,1,0,1,1,0,0,1,0,1,1,1,1,1,0,1,0,1,1,0,0.0,-4507.900000000001,1
0,0,0,1,0,1,0,1,0,1,1,1,1,0,1,0,0,0,0,1,1,1,0,1,0,1,1,0,0,0,0,1,0,0,0,1,0,0,0,1,1,0,1,0,1,1,0,1,0,0,0,0,1,0,1,1,1,0,0,0,0,1,0,0,1,1,0,1,0,0,1,0,1,1,0,1,0,0,1,1,0,1,1,0,1,1,0,1,0,0,1,0,1,1,0,0,1,0,1,1,0,0,1,0,1,1,0,0,1,0,1,0,0,0,0,0,0,1,0,1,0,0,1,0,0,1,0,1,1,1,0,0,1,0,1,1,0,1,1,1,0,1,0,1,0,0,1,1,1,0,0,0,1,0,1,1,1,1,1,0,1,1,1,1,1,0,0,0,0,1,1,1,1,0,0,1,1,1,1,0,0.0,-4507.78,1
0,0,0,1,1,0,0,0,1,0,0,0,0,0,1,1,1,0,1,0,1,0,0,0,1,1,1,1,1,1,0,1,1,0,0,0,1,1,1,1,1,1,0,0,0,1,1,0,0,0,0,0,0,1,0,1,1,0,1,0,1,1,1,1,0,0,1,1,1,0,0,0,0,0,0,1,1,1,1,0,1,0,1,0,0,1,0,1,1,0,0,1,0,1,0,1,1,0,1,1,1,1,0,1,1,0,0,1,0,1,1,0,1,1,1,0,1,1,1,1,0,0,0,0,0,0,1,0,0,1,1,0,0,0,0,0,1,1,1,0,1,0,1,1,1,1,0,0,1,1,0,1,0,0,1,0,0,0,0,0,1,0,0,1,0,1,0,0,0,0,0,0,0,1,1,1,0,0,1,0,0.0,-4507.739999999999,1
0,0,0,1,0,1,1,1,0,0,0,0,1,1,0,0,0,1,0,1,0,1,1,1,0,1,1,0,0,0,0,0,0,0,0,1,0,1,0,0,1,0,0,1,1,0,0,1,1,0,1,0,1,0,1,0,1,1,1,0,1,0,0,1,1,1,0,0,0,1,1,1,0,0,1,1,0,0,0,0,0,0,1,0,1,0,0,1,0,1,0,0,1,0,0,0,1,0,1,0,1,0,1,1,1,0,0,0,0,1,1,1,0,0,0,1,0,1,0,0,1,0,0,1,0,1,1,0,1,1,0,1,1,0,0,1,0,1,1,1,0,0,1,1,1,0,0,0,1,1,0,0,1,0,1,1,1,1,1,1,0,1,1,0,1,0,0,0,0,0,1,1,0,1,0,1,0,1,0,0,0.0,-4507.7,1
0,1,0,0,0,1,1,1,0,1,0,0,1,1,0,0,1,1,0,1,1,1,0,1,0,0,1,0,0,0,1,0,0,0,0,1,0,1,1,0,1,0,1,1,1,1,1,1,0,0,1,0,1,0,1,0,0,1,1,1,0,1,0,0,1,1,1,0,0,1,0,0,0,1,1,0,0,0,1,1,1,1,0,1,1,0,0,0,0,0,1,0,1,0,0,1,1,0,0,1,0,0,0,1,1,1,0,0,0,1,0,0,0,0,0,1,0,1,0,1,1,1,1,1,0,1,0,1,1,0,1,1,1,0,1,1,0,1,1,1,0,1,0,0,0,0,1,1,1,0,0,0,1,0,0,1,1,0,1,1,1,1,1,1,1,0,1,0,1,1,1,1,1,1,0,1,1,1,0,0,0.0,-4507.629999999999,1
0,1,1,1,1,1,1,0,1,0,0,1,0,1,1,1,1,1,1,0,0,0,1,1,1,0,1,1,1,1,1,1,1,0,1,0,1,0,1,0,1,1,1,1,0,1,1,0,0,0,1,1,0,1,0,0,1,1,1,0,0,1,1,0,0,1,1,1,0,1,0,0,0,0,0,0,1,1,1,1,1,0,0,1,0,0,0,1,0,0,0,0,0,0,1,1,0,1,0,1,1,1,0,1,0,1,1,1,1,0,1,1,1,1,0,1,1,0,1,0,1,1,1,1,0,0,0,0,0,1,1,0,0,1,1,0,1,0,0,0,1,1,1,1,1,1,1,1,1,0,0,1,0,0,1,0,0,0,0,0,0,0,0,1,0,1,0,1,0,0,0,0,0,1,0,1,1,0,1,0,0.0,-4507.589999999999,1
1,1,1,0,0,0,1,1,0,0,1,0,1,1,0,0,1,1,0,1,0,1,1,1,0,0,1,0,0,0,0,0,0,0,0,1,0,1,0,0,0,0,1,1,1,0,1,0,1,1,1,1,1,0,1,0,0,1,1,1,0,0,0,0,1,0,1,0,1,1,0,0,1,0,1,0,0,0,0,0,0,0,0,1,1,1,1,0,0,1,1,1,1,0,1,1,0,1,1,1,1,1,0,1,0,1,1,0,1,0,0,0,0,0,0,1,0,0,1,1,0,0,1,1,1,1,0,0,0,0,1,1,1,1,1,1,0,0,0,1,0,0,1,0,1,0,1,1,0,0,1,0,1,1,0,1,0,0,1,1,1,1,1,1,1,1,1,1,1,0,1,1,0,1,0,0,1,1,0,1,0.0,-4507.42,1
0,0,1,0,0,0,1,1,0,1,1,0,1,0,0,1,1,1,1,1,0,1,1,0,1,1,1,1,0,0,1,0,0,0,1,0,1,0,1,1,0,0,1,0,0,0,1,1,1,1,1,1,0,1,0,0,0,1,1,1,0,0,1,0,1,0,0,0,1,1,0,0,1,1,1,1,0,0,0,0,1,1,1,0,1,1,1,1,1,1,1,1,0,1,1,1,1,1,1,1,0,0,0,0,0,1,1,0,0,0,0,1,0,1,1,1,1,0,0,0,0,0,1,0,1,0,0,1,1,0,1,0,0,1,1,0,1,0,0,0,0,0,0,1,0,1,1,1,0,0,1,1,0,1,0,1,1,0,1,1,0,1,1,0,0,0,1,1,0,1,0,0,1,1,1,0,1,0,0,1,0.0,-4507.24,1
0,1,1,0,0,1,1,1,0,1,1,0,1,0,0,1,0,1,1,1,0,0,1,0,1,1,0,0,0,0,1,0,0,1,1,1,0,1,0,0,0,1,0,1,0,0,0,0,1,1,1,1,1,1,0,0,0,1,0,1,0,0,1,1,1,1,1,0,0,1,1,1,1,1,1,1,0,0,0,0,0,1,1,0,1,0,1,1,1,1,1,0,0,0,1,0,0,0,1,0,0,1,1,1,0,1,1,1,1,0,0,1,0,1,1,1,1,0,1,0,1,0,0,0,0,0,1,1,0,0,0,1,1,1,1,0,1,0,0,0,0,0,0,1,0,1,1,1,0,0,1,0,0,1,0,1,0,1,0,1,0,1,1,0,0,1,1,0,0,1,0,0,1,0,1,0,0,0,0,1,0.0,-4507.199999999997,1
1,0,0,0,1,0,0,0,1,0,1,1,0,1,0,1,0,0,1,0,1,0,0,1,1,0,0,1,1,1,0,1,1,1,0,0,1,0,0,1,1,1,1,0,0,1,0,0,0,0,0,0,1,0,0,1,0,0,0,1,1,1,1,0,0,0,0,0,1,0,1,0,1,0,0,0,1,1,0,0,1,0,0,1,0,1,0,1,1,0,1,1,1,1,0,1,1,0,1,1,1,1,0,0,1,1,0,1,1,1,0,1,1,1,0,0,1,1,1,1,0,0,1,1,1,0,0,0,0,0,0,0,0,0,1,0,1,1,1,0,1,0,1,1,0,1,0,1,1,0,0,1,0,0,0,0,0,0,0,1,0,0,0,1,0,1,1,0,1,0,0,0,0,0,0,1,1,0,0,0,0.0,-4507.029999999999,1
0,0,1,0,1,1,1,0,1,0,1,1,0,0,0,1,1,1,1,0,1,0,0,1,1,1,1,1,1,1,0,1,0,0,1,0,1,0,0,1,1,1,1,0,0,0,1,0,1,1,1,1,0,1,0,0,0,1,1,1,1,0,1,0,0,1,1,0,0,1,0,0,1,0,1,1,1,1,0,0,1,0,1,0,1,0,1,0,1,0,1,0,0,1,1,1,0,0,1,1,1,1,0,0,0,1,1,1,1,0,0,1,1,1,0,0,1,0,1,0,1,0,1,0,1,0,0,0,0,0,1,0,0,1,1,0,1,0,0,0,1,1,1,0,0,1,0,1,1,0,0,1,0,0,0,0,0,0,0,1,0,0,0,1,0,1,1,0,0,0,0,0,0,1,0,1,1,0,0,0,0.0,-4506.999999999998,1
0,1,0,1,0,0,1,1,0,1,1,0,0,0,0,0,0,1,0,1,0,1,1,0,0,1,1,1,0,0,1,0,0,0,1,1,1,0,1,1,1,0,1,0,1,0,0,0,1,1,1,0,1,1,1,0,1,1,0,0,0,0,0,0,1,0,0,0,1,1,1,0,1,1,0,1,0,0,0,0,1,1,1,0,1,0,1,1,1,0,0,1,1,1,0,0,1,0,1,1,0,1,1,0,1,1,0,0,1,0,1,1,0,0,1,1,0,1,1,0,1,0,1,0,0,1,0,1,0,1,0,0,1,0,1,1,0,1,1,1,0,0,0,1,0,0,0,1,1,0,0,0,1,0,1,1,0,1,1,1,0,1,1,1,1,1,0,0,0,1,1,1,1,0,1,1,1,1,0,0,0.0,-4506.989999999999,1
0,1,1,1,1,0,0,0,1,0,1,0,0,1,1,0,1,0,0,0,1,0,0,0,1,0,1,1,1,1,0,1,0,0,1,1,1,0,1,1,0,1,1,0,0,1,0,1,0,0,0,1,0,1,0,1,1,0,1,0,0,1,0,0,0,0,1,1,0,0,0,0,1,0,0,0,1,1,0,1,1,0,0,1,1,0,0,1,1,0,0,0,0,1,1,1,0,1,0,1,1,0,0,0,0,0,1,1,1,1,1,1,1,1,1,0,0,0,0,1,1,1,1,1,0,1,0,0,1,1,1,0,0,1,1,1,0,0,0,1,1,1,1,1,0,1,1,1,0,1,0,1,1,1,1,0,1,0,0,0,0,0,0,1,0,1,0,1,0,0,1,1,0,1,1,0,1,0,1,1,0.0,-4506.760000000001,1
1,1,0,1,0,0,0,1,0,1,1,0,1,1,0,0,0,0,0,1,1,1,0,1,0,1,1,0,0,0,0,0,1,0,0,1,0,0,0,1,0,0,1,0,1,1,0,1,0,1,0,1,1,1,1,1,1,0,0,0,0,1,0,0,1,0,0,0,1,0,1,0,1,1,0,1,0,0,1,1,0,1,1,0,0,1,1,1,0,1,0,1,1,1,1,0,1,0,0,1,0,0,1,0,0,1,1,0,1,1,1,1,0,0,0,0,0,1,0,1,0,1,1,1,0,1,0,1,1,1,0,0,1,1,1,1,0,1,1,1,0,1,0,1,0,0,0,1,0,0,1,0,1,1,1,1,1,1,1,1,0,1,1,1,1,0,0,0,1,1,1,1,1,0,0,0,1,1,0,1,0.0,-4506.709999999999,1
1,0,0,0,0,1,1,0,1,0,1,1,0,1,1,0,0,1,0,1,0,1,1,1,0,0,1,1,0,1,1,0,0,0,0,1,1,0,1,1,1,0,0,0,1,0,0,1,1,0,1,0,0,0,1,0,0,1,0,1,1,0,0,1,1,1,0,1,0,1,1,1,1,0,1,0,1,1,0,0,1,0,0,1,1,0,0,0,0,0,0,0,1,1,0,1,1,0,0,0,1,0,0,0,1,1,1,0,0,0,0,0,1,0,0,1,0,1,0,0,1,1,0,1,0,1,1,0,1,0,0,0,1,0,0,1,0,1,1,1,1,1,1,0,0,0,1,0,1,0,1,0,1,0,0,0,1,0,1,0,1,1,0,1,1,0,1,0,1,0,1,1,0,0,0,1,0,1,1,0,0.0,-4506.680000000001,1
0,1,1,1,1,0,0,0,1,0,0,1,0,1,1,0,1,0,0,0,1,0,0,1,0,0,1,1,1,1,0,1,1,0,0,1,1,1,1,0,0,1,1,1,1,1,1,1,0,0,0,1,0,0,1,1,1,0,1,0,0,1,0,0,0,0,1,1,1,0,0,0,0,1,0,0,1,1,1,1,1,0,0,1,0,1,0,0,0,0,1,1,1,0,1,1,1,0,0,1,1,0,0,1,0,0,1,1,0,0,1,0,1,0,0,0,0,0,0,1,0,1,1,0,0,1,1,0,1,1,1,1,0,1,0,1,0,0,0,1,1,1,1,0,1,0,1,1,0,1,0,1,1,1,1,0,1,0,0,0,1,0,0,0,1,0,0,0,1,0,1,1,0,1,0,0,0,1,1,1,0.0,-4506.400000000001,1
1,1,1,1,0,0,0,0,1,0,1,0,0,1,1,0,1,0,0,1,1,1,0,0,0,1,0,0,0,1,0,0,0,1,0,1,0,0,1,0,0,0,1,1,1,0,1,1,1,0,0,1,0,1,1,1,1,0,0,0,0,0,0,0,1,0,0,1,1,0,0,0,1,1,0,1,1,1,1,0,0,1,1,0,1,1,0,1,0,1,0,1,1,0,1,1,0,0,1,1,1,0,0,0,0,1,1,0,1,0,1,1,1,0,1,0,0,0,0,1,0,0,1,1,0,1,0,0,1,1,1,0,0,1,1,1,0,0,0,1,1,0,1,1,0,0,1,1,0,0,1,0,1,1,1,1,1,0,1,0,0,1,0,1,1,0,0,0,0,1,1,1,0,0,1,0,1,1,1,1,0.0,-4506.099999999999,1
1,0,0,1,0,1,0,0,1,0,0,1,0,1,1,1,0,0,1,1,1,0,0,0,1,1,1,1,1,1,0,0,1,0,0,0,1,0,1,1,1,1,0,0,0,1,0,0,0,1,0,0,0,0,0,1,1,0,0,0,1,1,1,1,0,1,0,1,0,0,1,1,1,0,0,1,1,1,1,0,1,0,1,0,0,0,1,1,1,0,1,0,0,1,0,0,1,1,1,0,1,1,1,0,1,0,0,1,0,1,1,0,1,1,1,0,1,1,1,1,1,0,0,1,0,0,1,0,0,1,0,0,0,0,0,0,1,1,1,0,1,0,1,1,1,1,1,1,1,1,0,1,0,0,1,0,0,1,0,0,1,1,0,1,0,1,0,1,0,0,0,0,0,0,1,1,0,0,1,0,0.0,-4505.989999999999,1
1,0,0,1,1,1,1,1,0,1,1,1,1,0,1,1,0,1,1,0,0,0,1,1,1,0,1,1,1,0,0,1,0,0,1,0,1,0,1,1,1,1,0,0,0,0,0,0,1,0,1,0,1,1,0,0,1,1,0,0,1,0,1,1,0,1,1,1,0,1,1,1,1,0,0,0,0,0,1,0,1,0,0,1,1,0,0,1,0,0,1,0,0,1,0,0,0,1,1,0,0,1,1,0,1,1,0,1,1,1,1,0,0,1,0,1,1,1,1,0,1,0,0,0,0,0,0,1,0,1,0,0,0,0,1,0,1,1,1,0,0,0,0,1,0,1,0,0,1,0,0,1,0,0,1,1,0,1,0,0,1,0,0,1,0,1,0,1,0,0,0,0,1,0,0,1,1,0,1,0,0.0,-4505.86,1
0,0,1,0,1,1,1,0,1,0,1,0,0,0,0,1,0,1,1,0,0,0,1,0,1,0,0,1,1,1,0,1,0,1,1,0,1,0,1,1,0,1,0,0,0,0,1,0,1,0,1,1,1,1,0,0,0,1,0,1,1,0,1,1,0,1,0,0,0,1,1,1,1,1,1,0,1,1,0,0,1,0,0,1,1,1,0,1,1,0,0,0,0,1,1,1,0,1,0,0,1,1,0,0,0,0,1,1,0,0,0,0,1,1,1,1,1,0,1,0,0,1,0,0,1,0,1,0,0,0,0,0,0,1,0,0,1,0,0,0,1,0,1,1,1,1,0,0,0,1,0,1,0,1,0,0,0,0,0,1,1,0,1,1,0,1,1,1,0,0,0,0,0,0,1,0,0,0,0,1,0.0,-4505.479999999999,1
0,1,1,1,1,0,0,0,1,0,1,1,0,1,0,1,0,0,1,0,1,0,0,0,1,1,1,1,1,1,0,1,0,0,1,0,1,0,1,1,0,1,1,0,0,1,0,0,0,0,0,1,0,1,0,1,1,0,0,0,0,1,1,0,0,0,0,0,1,0,1,0,1,0,0,1,1,1,1,0,1,0,1,0,1,1,0,0,1,0,0,1,0,1,1,1,1,0,1,1,0,1,0,0,0,1,1,1,0,0,1,0,1,1,1,0,1,1,1,1,0,0,1,1,1,0,0,0,0,1,0,0,0,1,1,0,1,0,0,0,1,0,1,0,0,1,0,1,0,0,0,1,0,1,1,0,0,0,0,1,1,0,0,0,0,1,0,0,0,0,0,0,1,0,1,0,1,0,0,1,0.0,-4505.199999999999,1
1,1,0,1,1,0,1,1,0,1,0,1,1,1,1,1,0,1,1,0,0,0,1,1,0,1,1,1,1,0,0,1,0,0,0,0,1,1,0,0,1,1,0,1,0,0,1,1,1,0,1,0,1,0,1,0,1,1,0,0,0,0,1,0,0,0,1,1,1,1,1,1,0,1,0,1,0,0,0,0,1,1,1,0,1,1,0,0,1,0,0,1,0,0,0,1,1,1,1,0,0,0,0,1,1,1,0,1,1,1,1,0,0,0,0,1,1,1,0,0,0,0,1,1,0,0,0,1,1,1,0,1,0,0,1,0,1,1,1,0,0,0,0,0,0,1,0,1,1,0,0,1,0,0,1,1,1,0,0,0,1,0,1,1,0,0,0,1,1,1,0,0,1,0,0,1,1,0,1,0,0.0,-4505.14,1
0,1,0,0,1,1,0,1,0,1,1,0,1,0,0,1,0,0,1,0,1,0,0,1,1,0,0,1,1,0,0,1,0,1,1,0,1,0,0,1,1,1,1,0,0,1,0,0,0,1,0,0,1,1,0,1,1,0,0,0,0,1,0,0,0,1,1,0,0,0,1,0,1,1,1,0,0,0,0,0,1,1,0,1,1,0,1,1,0,0,1,0,0,1,0,0,1,0,1,1,0,1,1,0,1,1,0,1,1,1,0,1,0,1,0,0,1,1,1,1,1,0,1,0,0,0,0,1,0,0,0,0,0,0,1,1,1,1,1,1,0,0,0,1,0,1,0,1,1,0,0,1,0,0,0,1,0,1,0,1,0,0,1,1,0,1,0,0,0,1,1,0,1,0,0,1,1,0,0,0,0.0,-4504.979999999999,1
0,1,1,0,0,1,0,0,1,0,1,0,0,1,0,0,1,0,0,1,1,1,0,1,0,0,1,1,0,1,0,0,1,0,0,0,1,0,1,1,1,0,1,0,1,1,1,1,0,0,0,1,0,0,1,1,0,0,1,1,0,1,0,0,1,1,0,1,0,0,0,0,1,0,1,0,1,1,0,1,1,0,0,1,0,0,0,1,0,1,1,0,1,1,1,0,0,0,0,1,1,0,1,0,0,1,0,0,1,0,0,0,1,0,0,0,0,0,0,1,1,1,1,1,0,1,0,0,1,0,1,0,1,1,1,1,0,0,0,1,1,1,1,1,0,0,0,1,0,0,1,0,1,1,0,0,1,1,1,0,1,1,0,0,1,0,1,0,1,0,1,1,0,1,0,0,1,1,1,0,0.0,-4504.65,1
0,1,1,1,1,1,1,0,1,0,1,0,0,1,1,0,0,1,0,0,0,0,1,1,1,1,1,1,1,1,1,1,0,0,0,1,1,0,1,1,0,1,1,0,0,0,0,1,1,1,1,1,0,1,0,0,1,1,0,0,0,0,0,1,0,1,0,1,0,1,1,1,1,1,0,1,1,1,0,0,1,0,1,0,1,0,1,1,1,0,1,0,0,1,1,0,0,0,1,0,1,0,1,0,0,1,1,1,0,1,1,1,1,1,0,1,0,0,0,0,1,0,0,1,0,1,1,0,1,1,0,0,1,1,0,1,0,0,0,1,1,1,1,1,1,1,0,0,0,0,0,0,1,1,1,0,1,1,0,0,0,0,0,1,0,1,0,0,0,0,1,1,0,0,0,0,0,0,1,1,0.0,-4504.529999999998,1
0,0,1,1,1,0,1,0,1,0,0,1,0,0,1,1,1,1,1,0,0,0,1,0,1,1,0,1,1,1,0,1,1,1,1,0,1,1,1,0,0,1,0,1,0,0,0,0,1,0,1,1,0,1,0,0,1,1,0,0,1,0,1,1,0,0,1,1,1,1,1,1,0,1,0,1,1,1,0,0,0,1,1,0,0,1,0,1,0,1,0,1,0,0,1,0,0,0,1,0,0,1,1,1,0,0,1,1,0,0,1,1,1,1,1,1,1,0,1,0,0,0,0,0,0,0,1,0,0,1,0,1,0,1,0,0,1,0,0,0,1,1,1,1,1,1,0,0,0,1,1,1,0,1,1,0,0,1,0,0,0,0,0,1,0,0,0,0,0,1,0,0,1,0,1,0,0,0,1,1,0.0,-4504.519999999999,1
0,1,1,1,0,0,1,1,0,0,0,0,1,1,1,0,0,1,0,1,0,1,1,0,0,1,0,1,0,0,0,0,0,1,0,1,1,1,0,0,0,0,1,1,1,0,0,1,1,0,1,1,1,0,1,0,1,1,0,0,0,0,0,0,1,0,1,1,1,1,1,1,0,0,0,1,0,0,0,0,1,0,1,0,1,0,0,1,0,0,1,0,1,0,1,1,0,1,1,0,1,0,0,1,0,1,1,0,1,0,1,1,0,0,1,1,0,0,0,0,1,0,1,1,0,1,0,0,1,1,0,1,1,1,1,1,0,0,0,1,0,1,1,1,0,0,1,1,0,0,0,0,1,1,1,1,1,0,1,0,0,1,1,1,1,0,0,1,0,0,1,1,0,0,1,0,1,1,1,1,0.0,-4504.499999999999,1
1,1,0,0,0,0,1,1,0,1,1,0,1,1,1,0,1,1,0,1,0,1,1,0,0,1,1,0,0,0,1,0,0,0,0,1,0,0,0,1,1,0,0,0,1,0,1,1,1,0,1,0,1,0,1,0,0,1,0,1,0,0,0,1,1,0,1,1,1,1,1,1,1,1,1,1,0,0,0,1,0,0,1,0,1,1,0,0,0,1,0,1,1,1,0,0,1,0,0,0,0,0,1,0,1,0,0,0,1,1,0,0,0,0,1,1,0,1,0,0,0,1,0,1,0,1,1,1,1,0,0,0,1,1,0,1,0,1,1,1,0,1,0,0,1,0,1,0,1,1,1,0,1,0,0,0,1,1,1,0,1,1,1,1,1,0,1,0,1,0,1,1,1,0,1,1,0,1,1,0,0.0,-4504.5,1
0,0,0,0,1,0,0,1,0,1,0,1,1,1,1,1,0,0,1,0,1,0,0,0,1,0,0,1,1,0,0,1,0,1,1,0,1,1,0,0,1,1,0,1,0,0,0,1,1,0,0,0,1,0,0,1,0,0,0,1,1,0,0,1,0,0,1,1,1,0,1,1,0,0,1,0,0,0,1,1,1,0,0,0,1,1,0,1,1,0,1,1,0,0,0,1,1,1,0,0,0,0,0,1,1,0,0,1,0,0,0,0,0,1,1,0,1,1,0,1,0,1,0,1,0,0,1,1,1,0,0,1,0,0,0,1,1,1,1,1,0,1,0,1,1,1,0,1,1,1,0,1,0,0,0,1,1,0,0,0,1,0,1,0,0,0,1,1,1,0,1,0,1,0,1,1,0,0,1,0,0.0,-4504.25,1
1,1,1,1,1,0,1,0,1,0,1,0,0,1,1,0,0,1,0,0,0,1,1,1,0,1,0,0,0,1,1,1,1,1,0,0,0,0,1,1,1,0,1,0,1,1,1,0,0,1,1,1,0,1,1,0,1,1,0,0,0,1,0,0,1,0,0,1,1,1,1,0,1,0,0,1,1,1,0,0,0,0,1,0,0,1,1,1,0,1,0,1,1,1,1,1,0,0,1,1,1,1,0,0,0,0,1,0,1,0,1,0,1,0,0,1,0,0,1,0,0,0,1,1,0,1,0,0,0,1,0,0,1,1,1,1,0,0,0,1,1,0,1,1,0,0,0,1,0,1,1,0,1,1,1,0,0,0,1,0,1,0,0,0,1,1,0,0,0,0,1,1,0,0,0,0,1,1,1,0,0.0,-4503.839999999998,1
1,1,1,1,0,0,0,0,1,0,1,0,0,0,1,0,1,0,0,1,1,1,0,0,0,1,1,0,0,0,0,0,1,0,0,1,0,0,0,1,0,0,0,0,1,1,1,0,0,0,0,1,1,1,1,1,1,0,1,0,0,1,0,1,1,1,0,1,1,0,0,1,1,0,0,1,1,1,0,0,0,0,1,0,0,0,0,1,0,1,0,1,1,1,1,1,0,0,1,0,1,1,0,0,0,1,0,0,0,0,1,0,0,0,1,0,0,0,1,1,1,0,0,0,1,1,1,0,0,1,1,0,1,1,0,1,0,0,0,1,1,0,1,1,1,0,0,0,0,0,1,1,1,1,1,1,0,0,1,0,1,1,0,0,1,0,0,0,0,0,1,1,0,1,1,0,0,1,1,1,0.0,-4503.740000000001,1
0,1,1,0,0,0,0,0,1,0,1,1,0,0,0,0,1,0,0,1,1,1,0,1,0,0,1,1,0,1,0,0,1,0,0,1,1,0,1,1,0,0,1,0,1,1,1,1,0,1,0,1,0,1,1,1,0,0,1,1,0,1,0,0,1,0,0,0,1,0,0,0,1,0,1,0,1,1,1,1,1,1,0,1,0,1,1,1,0,0,1,1,1,1,1,0,0,1,0,1,1,0,1,0,0,1,1,1,1,0,0,0,1,0,0,0,0,0,1,1,0,1,1,0,0,1,0,0,0,0,1,0,1,1,1,1,0,0,0,1,1,1,1,1,0,0,1,1,0,0,0,0,1,1,0,0,0,1,1,1,1,1,0,1,1,1,1,1,0,1,1,1,0,1,0,0,1,1,1,1,0.0,-4503.639999999998,1
1,1,0,0,0,1,0,0,1,0,1,1,0,0,1,0,0,0,0,1,1,1,0,0,0,0,1,0,0,1,0,0,1,0,0,1,0,1,1,0,1,0,1,1,1,1,0,0,0,1,0,0,0,1,1,1,1,0,0,0,0,1,0,0,1,1,0,1,0,0,1,0,1,1,1,0,1,1,1,0,0,0,0,1,0,0,1,0,0,1,1,0,1,0,0,1,1,0,1,1,1,1,0,0,1,1,0,0,1,1,0,0,1,0,1,0,0,1,1,1,1,0,1,0,0,1,0,0,0,0,0,1,1,0,1,1,0,1,1,0,1,0,1,0,0,0,1,1,1,0,1,0,1,0,0,0,0,0,1,0,1,1,0,1,1,1,1,0,0,0,0,1,0,0,1,1,1,1,1,0,0.0,-4503.53,1
0,1,0,1,0,0,1,0,1,0,0,0,0,1,1,1,0,1,1,1,0,0,1,1,1,0,1,1,0,1,1,0,0,0,1,0,1,1,0,0,1,1,1,1,0,0,0,1,1,0,1,0,0,0,0,0,0,1,0,1,0,0,1,0,1,0,1,1,1,1,1,0,0,1,0,0,1,1,0,1,1,1,0,1,1,0,0,0,1,0,0,1,0,0,0,0,0,1,0,1,1,0,1,1,1,1,0,1,1,0,1,1,1,1,0,1,1,1,0,0,1,1,1,1,0,0,0,0,1,1,0,1,0,0,1,0,1,1,1,0,1,1,1,0,0,1,0,1,1,0,0,1,0,0,1,0,1,1,0,0,0,1,0,0,0,0,0,1,1,1,0,0,0,0,0,1,1,0,1,0,0.0,-4503.4,1
1,0,1,0,0,1,1,0,1,0,0,0,0,1,0,1,1,1,1,1,0,0,1,1,1,0,0,0,0,1,1,0,0,1,0,0,0,0,1,1,0,1,0,0,0,0,1,1,1,0,1,1,0,0,0,0,0,1,1,1,1,0,1,1,1,1,0,0,0,1,0,1,0,0,1,0,1,1,0,1,0,0,0,1,1,0,0,0,1,1,0,0,0,1,1,1,1,1,0,0,1,0,0,0,0,1,1,1,0,0,0,0,1,1,0,1,1,0,0,0,1,1,0,1,0,0,1,0,1,0,1,0,0,1,0,0,1,0,0,1,1,1,0,0,1,1,0,0,0,0,1,1,0,1,0,0,1,0,0,1,1,1,0,0,0,1,1,1,1,0,1,0,0,1,0,0,0,0,0,1,0.0,-4502.9800000000005,1
1,1,1,0,0,1,0,1,0,1,0,0,1,0,0,0,1,0,0,1,1,1,0,0,1,0,1,0,0,0,0,0,1,0,0,1,0,1,0,0,0,0,0,1,1,1,1,0,0,1,0,1,1,1,0,1,0,0,1,1,0,1,1,0,1,1,0,0,0,0,0,0,0,1,1,0,0,0,1,1,0,1,0,1,0,0,1,1,0,1,1,0,1,0,1,1,1,1,0,1,0,1,0,1,0,1,1,0,1,0,0,1,0,1,1,0,0,0,1,1,1,1,1,0,1,1,0,1,0,0,1,1,1,1,1,0,0,0,0,0,0,1,0,1,0,0,1,1,0,0,0,0,1,1,0,1,0,0,1,1,0,1,1,0,1,0,1,1,0,1,0,1,1,1,1,0,1,1,0,1,0.0,-4502.909999999998,1
1,1,1,1,1,1,0,0,1,0,1,1,0,1,1,1,1,0,1,0,1,0,0,1,1,1,1,1,1,1,0,1,0,0,1,0,1,0,1,1,0,1,1,0,0,0,1,1,1,0,0,1,0,1,0,1,1,0,1,0,0,0,1,1,0,1,0,1,0,0,0,1,1,1,0,1,1,1,1,1,1,1,1,0,1,0,0,0,1,0,1,0,0,1,1,1,0,0,0,0,1,0,1,0,0,0,1,1,0,0,1,1,1,1,0,0,1,0,0,0,1,1,0,1,0,0,1,0,1,1,1,0,0,1,0,0,1,0,0,0,1,1,1,0,1,1,0,0,0,1,1,1,0,1,1,0,1,0,0,0,0,0,0,0,0,0,0,0,1,1,0,0,0,1,0,0,0,0,1,1,0.0,-4502.740000000001,1
0,0,1,0,1,0,0,0,1,0,1,1,0,1,0,1,1,0,1,0,1,0,0,1,1,0,1,1,1,0,0,1,0,0,1,0,1,0,0,1,0,1,1,0,0,0,1,1,1,1,0,1,1,0,0,1,0,0,1,1,1,0,1,0,0,0,0,0,1,0,0,0,1,0,1,0,1,1,0,0,1,0,0,1,1,1,1,0,1,1,1,0,0,1,1,1,0,0,1,1,1,0,0,0,0,1,1,1,1,1,0,0,0,1,0,0,1,0,0,1,0,0,1,1,0,0,0,0,1,0,1,0,0,1,1,0,1,0,0,0,1,0,1,0,0,1,0,1,0,0,1,1,0,1,0,0,1,0,0,1,1,0,0,1,0,0,1,0,1,0,0,0,0,1,0,0,1,0,0,1,0.0,-4502.6900000000005,1
0,0,1,0,1,1,1,0,1,0,0,1,0,0,0,1,1,1,1,0,0,0,1,0,1,0,1,1,1,1,1,1,0,0,1,0,0,1,1,0,0,1,0,1,0,0,1,1,1,1,1,1,0,0,0,0,0,1,1,1,1,0,1,1,0,1,1,0,0,1,0,1,0,0,1,0,1,1,1,0,1,0,0,1,1,0,1,1,1,0,0,0,0,0,1,1,0,0,1,0,1,0,0,1,0,0,0,1,0,0,0,0,1,1,1,1,1,0,0,0,1,0,0,0,1,0,1,0,1,0,1,1,1,1,0,0,1,0,0,0,1,0,1,1,1,1,1,0,0,1,0,0,0,1,0,1,1,1,0,1,1,0,0,0,0,0,1,0,0,0,0,0,0,1,1,0,0,0,0,1,0.0,-4502.38,1
1,1,0,0,1,1,1,0,1,0,1,0,0,1,1,1,0,1,1,0,0,0,1,1,1,1,1,1,1,1,0,1,0,0,0,0,1,0,1,1,0,1,1,0,0,0,0,1,1,0,1,0,0,0,0,0,0,1,0,1,0,0,1,0,0,1,0,1,0,1,1,0,1,0,1,1,1,1,0,0,1,0,1,0,1,0,0,0,1,0,0,0,0,1,0,1,0,0,1,1,1,0,0,0,1,0,0,1,1,1,0,1,1,1,0,1,1,1,0,1,1,0,1,1,1,0,0,0,1,0,0,0,0,0,1,0,1,1,1,1,1,0,1,0,0,1,0,1,0,1,0,1,0,1,0,0,1,0,0,0,0,0,0,1,0,0,1,0,1,0,1,0,0,0,0,0,1,0,1,1,0.0,-4502.200000000003,1
0,1,1,1,1,0,0,1,1,1,1,0,0,0,1,1,1,0,1,0,1,0,0,0,1,1,0,1,1,0,1,1,1,1,1,0,1,0,0,1,1,1,1,0,0,1,1,1,0,0,0,1,1,1,0,1,1,0,1,0,0,1,1,0,0,0,1,1,1,0,0,0,1,0,0,1,0,0,1,0,1,1,1,0,0,1,0,1,1,1,0,1,0,1,1,1,0,0,1,1,0,0,0,0,0,1,1,1,0,0,1,0,0,1,1,0,1,0,0,1,0,0,1,0,1,0,0,1,1,1,1,0,0,1,1,0,1,0,0,0,0,0,0,1,1,1,1,1,1,0,1,1,0,0,1,1,1,0,0,0,1,0,1,0,0,1,0,0,0,1,0,0,1,1,1,1,1,0,1,0,0.0,-4502.16,1
1,0,1,1,0,1,0,1,0,1,1,0,1,0,1,0,1,0,0,1,1,1,0,1,0,0,0,0,0,0,1,0,1,1,0,1,0,1,0,0,0,0,1,1,1,1,0,1,0,1,0,1,1,1,1,1,1,0,0,0,1,1,0,0,1,0,0,1,0,0,1,0,1,0,0,0,0,0,1,1,0,0,0,1,0,0,1,0,0,1,0,0,1,0,1,1,0,1,0,1,0,0,0,0,0,1,1,0,1,1,1,0,0,0,0,0,0,0,0,1,1,1,1,0,1,1,0,1,1,1,0,1,1,1,1,1,0,0,0,1,0,1,1,0,0,0,1,1,0,0,1,0,1,1,1,1,1,0,1,0,1,1,1,0,1,0,0,1,1,0,1,1,1,0,0,0,1,1,1,1,0.0,-4501.920000000001,1
1,1,1,1,0,0,1,1,0,0,0,0,1,0,0,1,1,1,1,1,0,0,1,0,1,1,0,0,0,0,1,0,0,1,0,0,0,1,0,0,0,1,0,1,0,0,0,0,1,1,1,1,1,1,0,0,1,1,1,0,0,0,1,1,1,0,1,0,1,1,0,1,0,1,0,1,0,0,0,0,0,1,1,0,1,1,1,1,1,1,1,1,0,0,1,1,0,0,1,0,1,1,0,1,0,1,0,1,1,0,1,1,0,1,1,1,1,0,1,0,0,0,0,0,1,0,1,0,0,1,1,1,0,1,1,0,1,0,0,0,0,0,1,1,0,1,0,0,0,0,1,1,0,1,1,1,0,0,0,1,0,1,1,1,0,1,0,0,0,1,0,0,0,1,1,0,0,0,0,1,0.0,-4501.799999999997,1
0,1,1,1,0,1,0,0,1,0,0,0,0,1,1,1,1,0,1,1,1,0,0,1,1,0,1,1,0,1,0,0,0,0,1,0,1,1,1,0,0,1,0,1,0,0,1,0,1,0,0,1,0,0,0,1,1,0,1,0,0,0,1,1,1,0,1,1,0,0,0,1,0,0,0,0,1,1,0,1,1,0,0,1,1,0,0,0,1,0,0,0,0,0,1,1,1,1,0,0,1,1,0,1,0,0,1,1,0,0,1,0,1,1,0,0,1,1,1,1,1,1,0,1,1,0,1,0,0,1,1,1,0,1,0,0,1,0,0,0,1,1,1,0,1,1,0,0,0,1,0,1,0,1,1,0,0,0,0,0,0,1,0,1,0,1,0,1,1,0,0,0,0,1,0,0,0,0,1,1,0.0,-4501.76,1
1,0,1,0,1,0,1,0,1,0,1,1,0,0,0,1,1,1,1,0,0,0,1,0,1,1,1,1,1,1,0,1,0,0,1,0,1,0,1,1,1,1,1,0,0,0,0,0,1,1,1,1,0,1,0,0,0,1,1,1,1,0,1,0,0,0,0,0,1,1,0,0,1,0,1,1,1,1,0,0,1,1,1,0,1,0,1,1,0,0,1,1,0,1,1,0,1,0,1,1,1,1,1,0,0,1,0,1,1,0,0,1,1,1,1,1,1,0,1,0,1,0,1,0,1,0,0,0,0,0,1,0,1,0,1,0,1,0,0,0,1,0,1,1,0,1,1,1,1,0,0,0,0,0,0,1,0,1,0,1,0,0,0,0,0,1,1,0,0,1,0,0,0,1,1,1,1,0,0,0,0.0,-4501.699999999997,1
0,0,0,0,1,1,0,1,0,1,0,1,1,1,1,1,0,0,1,0,1,0,0,0,1,1,1,1,1,0,0,1,1,0,1,0,1,0,0,1,1,1,1,0,0,1,0,1,0,1,0,0,1,1,0,1,0,0,0,1,1,1,1,0,0,1,1,1,0,0,1,0,0,1,1,1,0,0,1,0,1,1,1,1,0,0,1,1,1,1,1,1,0,1,0,0,1,0,1,1,0,0,1,0,1,1,0,1,1,1,0,0,0,1,1,0,1,1,0,1,1,0,1,1,0,0,0,1,1,0,0,0,0,0,1,0,1,1,1,0,0,0,0,1,0,1,1,1,1,0,1,1,0,0,0,1,1,1,0,0,1,1,1,1,0,0,1,0,0,1,0,0,1,0,1,1,1,0,1,0,0.0,-4501.339999999999,1
1,0,0,1,0,1,0,0,1,0,1,1,0,0,1,0,0,0,0,1,1,1,0,1,0,0,0,0,0,1,1,0,1,1,0,1,0,0,1,1,1,0,1,0,1,1,0,0,0,0,0,0,0,0,1,1,1,0,0,0,1,1,1,0,1,1,0,1,0,0,1,0,1,0,1,0,1,1,1,1,0,0,0,1,0,0,0,1,0,1,1,0,1,1,0,0,1,1,0,1,1,1,1,0,1,1,0,0,1,1,1,0,1,0,0,0,0,0,1,1,1,1,1,0,0,1,0,0,0,1,0,0,1,0,1,1,0,1,1,1,1,1,1,1,0,0,1,1,1,0,1,0,1,0,1,0,0,1,1,0,1,1,0,1,1,1,0,1,1,0,1,1,0,0,0,1,1,1,0,0,0.0,-4501.18,1
1,1,1,0,0,1,0,0,1,0,0,1,0,1,0,0,1,0,0,1,1,1,0,0,0,1,0,0,0,0,0,0,1,1,0,1,0,1,0,0,1,0,1,1,1,1,0,1,0,1,0,1,1,1,1,1,0,0,0,1,0,1,1,0,1,1,1,0,0,0,0,0,0,0,1,1,1,1,1,1,0,0,1,0,0,0,1,1,0,1,1,0,1,0,1,0,1,0,0,1,1,0,1,1,0,1,1,0,1,0,0,1,0,0,1,0,0,0,0,1,1,1,1,1,0,1,0,0,1,0,1,1,1,1,1,0,0,0,0,0,1,1,1,1,0,0,1,1,0,0,1,0,1,1,0,0,1,1,1,1,0,1,0,0,1,0,1,0,0,0,0,1,0,0,1,0,1,1,0,1,0.0,-4501.169999999998,1
0,1,0,0,1,0,1,1,0,1,1,0,1,0,0,1,0,0,1,0,0,0,1,1,1,0,1,1,1,0,0,0,0,0,1,0,1,0,0,1,0,1,0,0,0,0,0,0,1,1,1,0,1,1,0,0,0,0,0,1,0,0,1,1,0,0,0,0,1,1,1,1,1,0,1,0,0,0,1,1,1,0,0,1,1,1,1,0,1,0,1,1,0,1,0,0,1,0,0,0,0,1,1,0,1,0,0,1,0,1,0,0,0,1,0,0,1,1,1,0,0,1,0,0,1,0,1,1,0,0,0,0,0,0,0,0,1,1,1,0,0,0,0,0,1,1,1,0,1,1,0,1,0,0,0,1,0,1,0,1,1,0,1,0,0,0,1,0,1,0,0,0,1,0,0,1,0,0,0,1,0.0,-4501.1399999999985,1
0,0,0,1,1,1,0,1,0,1,1,0,1,1,1,1,0,0,1,0,1,0,0,1,1,1,1,1,1,0,0,1,1,0,1,0,1,0,0,1,1,1,1,0,0,1,0,1,0,1,0,0,1,1,0,1,1,0,0,0,1,1,1,0,0,1,0,1,0,0,1,0,1,0,0,1,0,0,0,0,1,0,1,0,0,1,1,1,1,0,0,0,0,1,0,0,0,0,1,1,1,0,1,0,1,1,0,1,1,1,1,0,0,1,0,0,1,1,0,1,0,0,1,1,0,0,0,1,1,1,0,0,0,0,1,0,1,1,1,0,0,1,0,1,0,1,0,1,1,0,0,0,0,0,1,1,1,1,0,0,1,0,1,1,0,0,0,0,0,0,0,0,1,0,0,1,1,0,1,0,0.0,-4500.999999999999,1
0,1,0,1,0,1,0,0,1,0,1,0,0,0,1,0,0,0,0,1,1,1,0,0,0,0,1,0,0,1,0,0,0,0,0,1,0,0,1,1,1,0,1,0,1,1,0,0,0,1,0,0,0,0,1,1,0,0,0,1,0,1,0,0,1,1,0,1,1,0,1,0,1,0,0,0,1,1,1,1,0,0,0,1,1,1,1,0,0,1,0,1,1,1,0,1,0,0,0,1,1,1,0,0,1,1,1,0,1,1,1,1,1,0,1,0,0,1,0,1,0,1,1,0,0,1,0,0,1,1,0,0,1,0,1,1,0,1,1,1,1,1,1,0,0,0,1,1,1,0,1,0,1,0,1,0,1,0,1,0,0,1,0,0,1,0,0,0,1,0,1,1,0,0,1,1,1,1,1,0,0.0,-4500.73,1
0,1,0,0,1,0,0,0,1,0,0,0,0,0,0,0,1,0,0,0,1,1,0,1,0,0,0,1,1,1,0,1,1,1,0,1,1,0,1,0,1,0,0,1,1,1,0,1,0,1,0,0,0,1,1,1,0,0,1,1,0,1,0,1,0,0,0,0,1,0,0,1,0,0,1,0,1,1,1,0,1,0,0,1,0,1,1,1,0,0,0,1,1,0,0,1,1,1,1,0,1,0,0,1,1,1,0,0,0,1,0,0,1,0,0,0,0,1,0,1,0,0,0,0,0,1,1,0,1,0,1,0,1,0,0,1,0,1,1,1,1,0,1,1,0,0,0,0,1,0,0,0,1,0,0,0,1,0,1,1,1,0,0,1,1,0,1,1,0,0,1,1,0,1,0,1,0,1,0,0,0.0,-4500.599999999999,1
0,0,0,0,1,0,0,0,1,0,1,0,0,1,0,1,0,0,1,0,1,0,0,1,1,1,0,1,1,1,0,1,0,1,0,0,1,0,1,1,1,1,0,0,0,1,0,1,0,0,0,0,0,1,0,1,1,0,0,0,1,1,1,1,0,0,0,0,1,0,1,1,1,0,1,1,1,1,0,0,1,0,1,0,1,1,0,1,1,1,1,1,0,1,0,0,1,1,1,0,1,0,1,0,1,1,1,1,0,1,0,0,1,1,0,0,1,1,0,1,0,0,0,1,0,0,1,0,1,0,0,0,0,0,0,0,1,1,1,0,1,0,1,1,1,1,0,0,1,0,1,1,0,0,0,1,1,1,0,1,1,0,0,0,0,0,1,1,0,0,0,0,0,0,0,1,0,0,0,0,0.0,-4500.119999999998,1
1,1,0,1,0,0,1,0,1,0,1,1,0,1,1,0,0,1,0,1,0,1,1,0,0,0,1,1,0,1,1,0,0,0,0,1,1,0,1,1,0,0,0,0,1,0,0,1,1,0,1,0,0,0,1,0,1,1,1,0,0,0,1,1,1,0,1,1,1,1,1,1,1,0,0,0,1,1,0,1,1,0,0,1,1,1,0,0,0,0,1,1,1,1,0,1,0,1,0,0,1,0,0,0,1,0,0,0,0,0,1,0,1,0,1,1,0,1,0,0,0,1,0,1,1,1,1,0,1,1,0,0,1,1,0,0,0,1,1,0,1,1,1,0,1,0,1,0,0,1,0,0,1,1,1,0,1,0,1,0,1,1,0,1,1,0,0,1,1,0,0,1,0,1,1,0,0,1,1,1,0.0,-4499.810000000001,1
1,0,0,1,1,1,1,1,0,1,1,1,1,1,1,0,0,1,0,0,0,0,1,0,1,1,1,0,1,0,1,1,0,0,0,1,0,0,0,1,1,1,1,0,0,0,0,1,1,1,1,0,1,1,0,0,1,1,0,0,1,0,0,0,0,1,0,1,0,1,1,0,1,0,0,1,0,0,1,0,0,0,1,0,1,0,1,1,1,1,0,0,0,1,0,1,0,0,1,1,0,0,0,0,1,1,0,1,1,1,1,1,0,1,1,0,0,1,0,0,1,0,1,1,1,1,0,1,1,1,0,0,0,0,1,1,0,1,1,1,0,0,0,1,1,1,0,1,1,0,1,1,1,0,1,1,1,0,0,0,0,0,1,1,0,0,0,0,0,0,1,1,1,0,1,1,1,0,0,0,0.0,-4499.4800000000005,1
0,1,0,1,1,1,0,0,1,0,1,1,0,0,1,1,1,0,1,0,1,0,0,1,1,0,1,1,1,1,1,1,0,0,1,0,1,0,1,1,0,1,0,0,0,1,1,0,0,1,0,0,0,1,0,1,1,0,0,0,0,1,1,1,0,1,0,1,0,0,1,1,1,0,0,0,1,1,0,0,1,0,0,1,1,1,1,1,1,1,1,0,0,1,0,0,1,1,1,0,1,1,1,0,1,0,0,1,0,1,1,0,1,1,0,0,1,1,1,1,0,0,0,0,0,0,1,0,0,1,0,0,0,0,0,0,1,1,1,0,1,1,1,1,1,1,0,0,0,1,1,1,0,1,1,0,0,1,0,0,1,0,0,0,0,1,0,1,0,0,0,0,0,0,0,0,0,0,1,1,0.0,-4499.479999999998,1
1,1,0,0,0,0,0,1,0,1,0,1,1,0,0,0,0,0,0,1,1,1,0,0,0,0,1,0,0,0,1,0,0,0,0,1,0,1,1,0,1,0,1,1,1,0,0,1,1,0,0,0,1,1,1,1,0,0,0,1,0,0,0,0,1,0,0,0,1,0,1,0,0,1,1,0,0,0,1,0,0,1,0,1,1,0,0,0,0,1,0,1,1,0,0,1,1,1,1,1,1,0,0,1,1,1,0,0,1,1,0,0,0,0,1,0,0,1,0,1,1,0,1,0,1,1,0,1,1,0,0,1,1,0,1,1,0,1,1,1,0,0,0,0,0,0,1,0,1,0,0,0,1,0,0,1,1,0,1,1,1,1,1,1,1,0,1,1,0,1,1,1,0,0,1,1,1,1,0,0,0.0,-4499.360000000001,1
0,0,0,0,1,0,0,1,0,1,0,0,1,1,1,1,0,0,1,0,1,0,0,0,1,1,1,1,1,0,0,1,1,0,1,0,1,0,0,0,0,1,1,1,0,1,0,1,0,0,0,0,1,1,0,1,0,0,0,1,1,1,1,0,0,0,0,1,1,0,1,0,0,1,1,1,0,0,1,0,1,1,1,0,0,1,0,1,1,0,0,1,0,0,0,1,1,0,1,1,1,0,0,1,1,1,0,1,0,1,0,1,0,1,1,0,1,1,0,1,0,0,1,1,1,0,1,1,1,0,0,0,0,0,0,0,1,1,1,0,0,0,0,1,1,1,1,1,1,0,0,1,0,0,0,1,1,0,0,0,0,0,1,0,0,0,1,0,0,1,0,0,0,0,1,1,0,0,0,1,0.0,-4498.8099999999995,1
0,0,0,1,0,0,1,1,0,1,1,0,1,1,1,1,0,1,1,1,0,0,1,1,1,0,1,1,1,0,0,0,0,0,0,0,1,0,0,1,1,1,1,0,0,0,0,0,1,0,1,0,1,0,0,0,1,1,0,0,1,0,1,0,0,0,0,1,1,1,1,0,1,1,0,1,0,0,0,0,1,1,1,0,1,1,0,1,1,1,1,1,0,1,0,1,0,1,1,1,0,1,0,0,1,1,0,1,1,1,1,1,0,1,0,1,1,1,1,0,0,0,1,1,1,0,0,1,0,1,0,0,0,0,1,0,1,1,1,0,0,0,0,1,0,1,0,1,1,0,1,1,0,0,1,1,0,0,0,0,0,1,1,0,0,1,0,1,0,1,0,0,1,0,0,1,1,0,1,0,0.0,-4498.499999999998,1
1,0,1,1,1,1,0,0,1,0,0,1,0,0,1,1,1,0,1,0,1,0,0,1,1,0,0,0,1,1,0,1,0,1,1,0,0,1,1,0,0,1,0,1,0,0,0,1,1,0,0,1,0,1,0,1,1,0,1,0,1,0,1,1,0,1,1,1,0,0,0,1,0,0,0,0,1,1,1,0,0,0,0,1,1,1,0,0,1,1,0,0,0,0,1,1,1,0,1,0,1,0,0,1,0,0,1,1,0,1,1,0,1,1,0,0,1,0,0,1,0,0,0,0,1,0,1,0,1,1,1,1,0,1,0,0,1,0,0,1,1,0,1,0,1,1,1,0,0,1,1,1,0,1,1,0,1,0,0,0,1,0,0,0,0,1,0,0,0,0,1,0,0,1,0,0,0,0,1,1,0.0,-4498.370000000002,1
0,1,0,0,0,0,1,1,0,1,1,0,1,0,0,0,1,1,0,1,0,1,1,1,0,0,1,0,0,0,1,0,0,0,0,1,0,0,0,1,1,0,0,0,1,0,1,1,1,0,1,0,1,0,1,0,0,1,1,1,0,0,0,1,1,0,0,0,0,1,0,1,1,1,1,1,0,0,0,0,0,1,1,0,1,0,0,0,0,1,1,0,1,1,0,1,1,1,1,0,0,0,0,0,1,0,0,0,0,0,0,0,0,0,0,1,0,0,0,0,1,0,0,0,0,1,1,1,1,0,1,0,1,0,0,1,0,1,1,1,0,0,0,0,1,0,0,0,1,1,1,0,1,0,0,0,1,0,1,1,1,1,1,1,1,1,1,1,1,1,1,1,1,1,0,1,0,1,0,0,0.0,-4498.27,1
0,1,0,1,1,1,1,1,0,1,1,0,1,1,1,1,1,1,1,0,0,0,1,0,1,1,1,1,1,0,1,1,0,0,1,0,1,0,0,1,1,1,0,0,0,0,0,1,1,0,1,0,1,1,0,0,1,1,0,0,0,0,1,0,0,1,0,1,0,1,1,0,1,1,0,1,0,0,0,0,1,1,1,0,1,1,0,1,1,0,0,0,0,1,0,1,1,1,1,1,0,0,0,0,1,1,0,1,1,1,1,0,0,1,1,1,1,1,0,0,0,0,1,1,0,0,0,1,1,1,0,0,1,0,1,0,1,1,1,0,0,1,0,1,0,1,1,1,1,0,0,0,0,0,1,1,1,0,0,0,1,0,1,1,0,1,0,1,1,1,0,0,1,0,1,1,1,0,1,0,0.0,-4497.949999999999,1
0,0,1,1,1,0,0,1,0,1,1,1,1,0,1,1,1,0,1,1,1,0,0,0,1,0,1,1,1,0,0,0,1,0,1,0,1,1,0,0,1,1,1,1,0,1,0,1,0,0,0,1,1,1,0,1,1,0,1,0,1,1,1,0,0,0,1,1,1,0,0,0,1,1,0,0,0,0,0,0,1,1,0,1,0,1,0,1,1,0,0,1,0,0,1,0,0,1,1,1,0,0,1,1,0,1,1,1,1,1,1,0,0,1,1,0,1,0,0,1,0,0,1,0,0,0,0,1,1,1,1,1,0,1,1,0,1,0,0,0,0,1,0,1,0,1,0,1,0,0,0,1,0,1,1,1,1,1,0,0,1,0,1,0,0,0,0,1,0,1,0,0,1,1,1,0,1,0,1,1,0.0,-4497.8600000000015,1
0,1,0,0,0,1,0,1,0,1,0,0,1,1,0,0,0,0,0,1,1,1,0,0,0,0,0,1,0,0,0,0,1,1,0,0,1,1,1,0,1,0,1,1,1,1,1,1,0,0,0,0,1,1,1,1,0,0,0,1,0,1,0,1,1,1,1,0,0,0,1,1,0,1,1,0,0,0,0,1,1,1,0,0,0,1,0,1,0,1,1,0,1,0,0,1,1,1,0,0,0,0,0,1,1,0,0,0,0,1,0,0,0,0,1,0,0,1,0,1,0,1,0,1,0,1,1,1,1,0,0,1,1,0,0,1,0,1,1,1,0,1,0,1,1,0,1,0,1,1,1,0,1,0,0,1,1,0,1,1,1,1,1,1,1,0,1,1,0,1,1,1,1,0,1,1,0,1,0,0,0.0,-4497.28,1
1,0,0,0,0,0,0,1,0,1,1,1,1,0,0,1,0,0,1,1,1,0,0,0,1,0,1,0,0,0,1,0,1,0,1,0,0,0,0,1,1,1,1,0,0,1,0,0,0,0,0,0,1,1,0,1,0,0,1,1,1,1,1,0,1,0,0,0,1,0,1,0,1,0,1,0,0,0,0,1,0,1,0,1,0,1,0,1,0,1,1,1,0,1,0,1,0,0,0,1,0,1,0,0,1,1,1,1,1,1,0,0,0,1,1,0,1,1,1,1,0,1,1,0,0,0,0,1,0,0,0,0,0,0,1,0,1,1,1,0,0,1,0,1,0,1,1,1,1,0,0,0,0,0,0,1,0,0,0,1,1,1,1,0,0,1,1,0,0,1,0,0,1,1,1,1,1,0,0,0,0.0,-4496.939999999999,1
1,1,1,0,0,1,0,1,0,1,0,1,1,1,0,0,1,0,0,1,1,1,0,1,0,0,1,0,0,0,0,0,0,0,0,1,0,1,0,0,1,0,0,1,1,1,1,0,0,1,0,1,1,0,1,1,0,0,1,1,0,1,0,1,1,1,1,0,0,0,0,0,0,1,1,0,0,0,1,1,0,1,0,1,1,1,1,0,0,1,1,0,1,0,1,0,1,1,0,1,0,1,1,1,0,0,1,0,0,0,0,0,0,0,0,0,0,0,1,1,0,1,0,1,0,1,1,1,0,0,1,1,0,1,0,1,0,0,0,1,0,0,0,0,1,0,0,0,1,1,1,1,1,0,0,1,0,1,1,1,1,1,1,0,1,1,1,1,1,1,1,1,1,1,0,1,0,1,1,0,0.0,-4496.669999999998,1
1,0,0,0,1,0,0,1,0,1,1,1,1,0,0,1,1,0,1,0,1,0,0,0,1,1,0,1,1,0,0,1,0,1,1,0,1,0,0,1,1,1,0,0,0,1,1,0,0,0,0,0,1,1,0,1,0,0,1,1,1,1,0,1,0,0,0,0,1,0,0,1,1,0,1,1,0,0,1,0,1,0,1,0,1,1,0,1,1,0,0,1,0,1,0,0,0,0,1,0,0,1,1,0,1,1,0,1,0,1,0,1,0,1,1,0,1,1,1,1,0,0,0,0,0,0,1,1,0,0,1,0,0,0,0,1,1,1,1,1,0,0,0,1,1,1,0,0,0,0,0,1,0,1,0,1,0,1,0,1,0,0,1,0,0,1,1,0,0,0,1,0,1,1,1,0,0,0,0,1,0.0,-4496.379999999999,1
1,1,1,1,0,0,1,0,0,0,1,0,1,1,1,1,1,1,1,1,0,0,1,1,1,1,1,0,0,1,1,0,0,0,1,0,0,0,1,1,0,1,0,0,0,0,1,1,1,0,1,1,0,1,0,0,1,1,1,0,0,0,1,1,1,0,1,1,1,1,0,1,1,0,0,1,1,1,0,0,0,0,1,0,1,0,0,0,1,1,0,0,0,1,1,0,0,0,1,0,1,0,1,0,0,0,1,1,0,0,1,1,1,1,0,1,1,0,0,0,1,0,0,1,0,0,1,0,1,1,1,0,0,1,0,0,1,0,0,0,1,1,1,0,1,1,1,0,0,1,0,0,0,1,1,0,1,1,0,0,0,1,0,0,0,1,0,0,1,0,0,0,0,1,0,0,0,0,1,1,0.0,-4496.33,1
0,1,1,0,0,0,0,0,1,0,1,0,0,1,0,0,1,0,0,1,1,1,0,1,0,0,0,0,0,1,0,0,1,1,0,1,0,1,1,1,0,0,0,0,1,1,1,1,0,0,0,1,0,1,1,1,0,0,1,1,0,1,0,1,1,0,1,0,1,0,0,1,1,1,1,0,1,1,1,1,0,0,0,1,0,1,0,0,0,1,0,1,1,1,1,0,0,1,0,0,1,0,1,0,0,0,1,1,0,0,0,0,1,0,0,0,0,0,0,1,0,1,0,1,1,1,1,0,1,0,1,1,1,1,0,1,0,0,0,1,1,0,1,0,1,0,0,0,0,1,0,0,1,1,0,0,1,1,1,1,1,1,0,1,1,1,1,1,0,0,1,1,0,1,0,0,0,1,0,1,0.0,-4496.310000000001,1
0,1,0,1,1,1,0,1,0,1,0,1,1,1,1,1,0,0,1,0,1,0,0,0,1,1,0,1,1,0,1,1,1,1,1,0,1,0,0,0,0,1,1,1,0,1,0,0,0,0,0,0,1,0,0,1,1,0,0,0,0,1,1,0,0,1,0,1,0,0,1,0,0,0,0,1,0,0,1,0,1,0,1,0,0,0,0,1,1,0,0,0,0,0,0,1,1,1,1,1,0,1,0,1,1,0,0,1,1,1,1,0,0,1,1,0,1,1,1,1,1,0,1,1,1,0,0,1,0,1,0,0,0,0,1,0,0,1,1,0,0,0,0,1,0,1,1,1,0,1,0,1,0,1,1,1,0,0,0,0,1,0,1,0,0,1,0,1,0,0,0,0,1,0,1,0,1,0,1,1,0.0,-4496.139999999999,1
1,1,1,0,1,1,1,0,1,0,1,0,0,0,0,1,1,1,1,0,0,0,1,1,0,0,1,1,1,1,1,0,0,0,1,0,1,0,1,1,1,1,1,0,0,0,1,0,1,0,1,1,0,1,1,0,0,1,0,1,0,0,1,0,0,1,0,0,0,1,0,0,1,0,1,0,1,1,0,1,1,0,0,1,1,0,0,0,1,0,0,0,0,1,1,0,0,1,0,1,1,1,1,0,0,0,1,1,1,0,0,1,1,0,0,1,1,0,1,0,1,1,1,0,1,0,0,0,0,0,1,0,1,1,1,0,1,0,0,0,1,1,1,0,1,1,0,1,1,1,1,0,0,0,0,0,0,1,0,1,0,0,0,0,1,1,1,1,1,0,0,0,0,0,0,1,1,0,0,0,0.0,-4496.119999999999,1
1,1,1,0,1,1,0,0,1,0,0,0,0,0,0,1,1,0,1,0,1,0,0,1,1,0,1,1,1,1,1,1,1,0,1,0,1,1,1,0,1,1,0,1,0,0,1,0,1,0,0,1,0,1,0,1,0,0,1,1,1,0,1,1,0,1,1,0,0,0,0,1,0,1,1,0,1,1,1,1,1,1,0,1,0,0,0,0,1,0,1,0,0,0,1,1,0,0,0,0,1,1,0,1,0,0,1,1,0,0,0,1,1,1,0,0,1,0,1,1,1,1,0,0,1,0,1,0,0,0,1,1,0,1,0,0,1,0,0,0,1,1,1,1,1,1,0,0,0,1,0,1,0,1,0,0,0,0,0,1,0,0,0,0,0,0,1,0,1,1,0,0,0,1,0,0,0,0,0,0,0.0,-4495.989999999999,1
0,1,1,1,1,0,0,0,1,0,0,0,0,0,1,1,0,0,1,0,1,0,0,1,1,0,0,0,1,1,0,1,0,1,1,0,0,1,1,0,0,1,0,1,0,1,0,0,0,0,0,1,0,0,0,1,1,0,0,0,0,1,0,1,0,0,0,1,1,0,1,1,0,0,0,0,1,1,1,1,0,0,0,1,1,1,0,0,1,1,1,1,0,0,1,0,1,1,0,0,0,1,1,1,0,0,1,1,0,0,1,1,1,1,0,1,1,0,1,1,0,1,0,0,1,0,1,0,0,1,0,1,0,1,0,1,1,0,0,1,1,1,1,0,1,1,0,0,0,1,1,1,0,1,1,0,0,1,0,0,0,0,0,0,0,1,0,1,1,0,1,0,1,0,0,0,0,0,1,1,0.0,-4495.93,1
1,0,1,0,0,1,0,1,0,1,0,1,1,1,0,1,1,0,1,1,1,1,0,1,1,1,1,0,0,0,0,0,1,0,1,0,0,1,1,0,0,0,1,1,0,1,1,1,0,1,0,1,1,1,0,1,0,0,1,1,1,1,1,0,1,1,1,0,0,0,0,0,0,1,1,1,0,0,1,0,0,1,1,0,0,0,1,0,1,1,1,0,0,0,1,1,1,0,1,1,0,0,0,1,0,1,1,0,1,0,0,1,0,1,0,0,1,0,0,1,1,0,1,1,0,0,0,1,1,0,1,1,0,1,1,0,1,0,0,0,0,0,0,0,0,1,0,1,1,0,1,0,0,0,0,1,1,0,1,1,0,1,1,1,0,0,1,0,0,1,0,0,1,1,0,1,1,0,1,0,0.0,-4495.919999999999,1
0,1,0,0,0,1,0,1,0,1,1,0,1,0,0,0,1,0,0,1,1,1,0,0,0,1,0,1,0,0,1,0,0,1,0,1,1,0,0,1,1,0,1,0,1,1,1,0,0,0,0,0,1,0,1,1,0,0,1,1,0,1,0,0,1,1,1,0,0,0,0,0,1,0,1,1,0,0,1,0,1,0,1,0,1,1,0,1,1,1,1,1,1,1,0,0,1,0,1,1,0,1,1,0,1,0,0,0,1,1,0,1,0,0,1,0,0,0,1,1,0,0,1,0,0,1,0,1,0,0,1,0,1,0,1,1,0,1,1,1,0,1,0,1,0,0,1,1,1,1,1,0,1,0,0,1,0,1,1,1,0,1,1,1,1,1,1,0,0,0,1,1,1,1,1,1,1,1,0,0,0.0,-4495.8899999999985,1
0,1,0,1,0,0,0,0,1,0,1,1,0,0,1,0,0,0,1,1,1,1,0,0,0,1,0,1,0,1,0,0,1,1,1,1,1,0,1,1,1,0,1,0,1,1,0,0,0,0,0,0,0,0,1,1,1,0,0,0,0,1,0,0,1,0,0,1,1,0,1,0,1,0,0,1,1,1,1,0,1,0,1,0,0,1,0,0,0,0,0,1,1,1,0,0,1,0,1,1,0,1,1,0,1,1,0,0,1,0,1,0,1,0,1,0,0,1,1,1,0,0,1,0,1,1,0,0,0,1,0,0,0,0,1,1,0,1,1,1,1,1,1,0,0,0,1,1,1,0,1,1,1,0,1,1,0,1,1,0,1,1,0,1,1,1,0,0,1,0,1,1,1,0,1,1,1,1,1,0,0.0,-4495.87,1
0,1,1,1,1,1,1,1,0,0,0,0,1,1,1,1,1,1,1,0,0,0,1,1,1,1,0,1,1,0,0,1,0,1,1,0,1,1,0,0,0,1,0,1,0,0,0,0,1,1,1,0,1,1,0,0,1,1,1,0,0,0,1,1,0,1,0,1,0,1,0,1,0,0,0,1,0,0,0,0,1,0,1,0,1,0,1,1,0,0,1,0,0,0,0,1,1,1,1,0,1,1,0,1,1,0,0,1,0,1,1,1,0,1,0,1,1,0,1,0,1,0,0,1,1,0,1,0,0,1,1,1,0,0,0,0,1,0,0,0,0,0,1,1,1,1,0,0,0,1,1,1,0,1,1,1,0,0,0,0,0,0,1,0,0,0,0,1,0,0,0,0,0,1,0,0,0,0,1,1,0.0,-4495.749999999998,1
1,0,1,1,0,0,0,1,0,1,1,1,1,0,1,0,0,0,0,1,1,1,0,0,0,0,1,0,0,0,0,0,1,0,1,1,0,0,0,1,0,0,1,0,1,1,1,1,0,0,0,1,1,1,1,1,1,0,0,0,1,1,0,0,1,0,0,1,1,0,1,0,1,0,0,0,0,0,1,0,0,0,0,1,0,1,0,1,0,1,1,1,1,1,1,1,1,1,1,1,0,0,0,0,0,1,1,0,1,0,1,0,0,0,1,0,0,0,0,1,0,1,1,0,0,1,0,1,1,1,0,0,1,1,1,1,0,0,0,1,0,0,0,1,0,0,1,1,0,0,1,0,1,1,1,1,1,0,1,0,1,1,0,0,1,0,0,1,0,0,1,1,1,0,1,0,1,1,1,1,0.0,-4495.48,1
0,1,1,1,1,1,0,0,1,0,0,1,0,1,0,1,0,0,1,0,1,0,0,1,1,0,1,1,1,0,0,1,1,0,1,0,1,1,0,0,0,1,0,1,0,1,0,1,0,0,0,1,1,0,0,1,1,0,1,0,0,1,1,1,0,1,1,0,0,0,0,1,0,0,0,0,1,1,1,1,1,0,0,1,0,0,0,0,1,0,1,0,0,0,1,1,0,0,0,0,0,0,0,1,0,1,1,1,1,0,1,0,0,1,0,0,1,0,0,1,1,1,0,1,1,0,1,0,1,1,1,1,0,1,1,0,1,0,0,0,1,1,1,0,0,1,1,0,0,0,0,0,0,1,1,0,1,0,0,1,1,0,0,0,0,0,0,0,1,0,0,0,1,1,0,0,0,0,0,1,0.0,-4495.4800000000005,1
1,0,0,0,0,0,0,1,0,1,1,1,1,0,0,0,0,0,0,1,1,1,0,1,0,1,1,1,0,0,0,0,1,0,0,1,1,0,0,1,1,0,1,0,1,1,1,0,0,1,0,0,1,1,0,1,0,0,0,1,1,1,0,0,1,0,0,0,1,0,1,0,1,0,0,1,0,0,0,0,1,0,1,0,0,0,1,1,1,0,1,0,1,1,0,1,1,0,1,1,0,1,0,0,1,1,0,0,1,1,0,0,0,0,0,0,0,1,1,1,1,0,1,0,0,1,0,1,0,0,0,0,0,0,1,1,0,1,1,1,0,0,0,1,0,0,0,1,1,0,0,1,1,0,0,0,0,0,1,1,1,1,1,0,1,1,1,0,0,0,1,1,1,0,0,1,1,1,0,0,0.0,-4495.369999999999,1
0,0,1,0,0,1,1,0,1,0,1,1,0,0,0,1,1,1,1,1,0,1,1,0,0,1,1,1,0,1,1,0,0,0,0,0,1,0,0,1,0,0,1,0,1,0,1,0,1,1,1,1,0,1,1,0,0,1,1,1,1,0,1,0,1,1,0,0,0,1,0,0,1,1,1,1,1,1,1,0,1,1,1,0,1,1,1,1,0,0,0,1,1,1,1,0,0,1,1,1,1,1,1,0,0,1,1,0,1,0,0,0,1,0,1,1,1,0,1,0,0,0,1,0,1,0,0,0,0,0,1,0,1,1,1,0,1,0,0,0,1,0,1,1,0,0,1,1,0,0,1,1,0,1,0,0,0,1,1,1,1,1,0,0,1,1,1,1,0,1,0,0,0,1,1,0,1,1,0,1,0.0,-4495.19,1
1,0,1,1,0,0,0,1,0,1,0,1,1,0,1,1,1,0,1,1,1,1,0,1,1,0,1,0,0,0,0,0,1,0,1,0,0,1,0,0,0,0,1,1,0,0,1,0,1,0,0,1,1,1,0,1,1,0,1,0,1,0,1,0,1,0,1,1,1,0,0,0,0,1,0,0,0,0,1,0,0,1,0,1,0,0,0,1,0,1,1,1,0,0,1,1,0,1,0,1,0,1,0,1,0,0,1,0,1,0,1,0,0,1,0,0,1,0,1,1,1,1,1,0,0,0,0,1,0,1,1,1,0,1,1,0,1,0,0,0,0,1,0,1,0,1,0,1,0,1,1,1,0,1,1,1,0,0,1,0,1,1,1,0,0,1,0,1,0,1,0,0,1,1,0,0,1,0,1,1,0.0,-4495.01,1
0,0,0,0,1,1,1,1,0,1,1,1,1,0,1,0,0,1,0,0,0,0,1,1,0,1,1,1,1,0,0,1,0,0,0,1,1,0,0,1,1,1,0,0,1,0,0,0,1,0,1,0,1,1,1,0,0,1,0,1,1,0,0,1,0,1,1,1,0,1,1,1,1,0,1,1,0,0,0,0,1,1,1,0,1,1,0,1,0,0,0,1,1,1,0,0,1,0,1,0,0,1,1,0,1,0,1,1,0,1,0,1,0,0,0,0,0,1,1,0,0,0,0,0,0,1,1,1,0,0,0,0,1,0,0,1,0,1,1,1,0,0,0,1,1,0,0,1,1,1,0,0,1,0,0,1,0,1,0,0,0,0,1,1,1,1,1,0,0,1,1,1,1,0,0,1,0,1,1,0,0.0,-4494.649999999999,1
0,1,1,0,0,0,1,0,1,0,1,0,0,0,1,1,1,1,1,1,0,0,1,1,1,1,0,1,0,1,1,0,0,1,1,0,1,1,1,0,0,1,0,1,0,0,0,0,1,0,1,1,0,0,0,0,0,1,0,1,0,0,1,1,1,0,1,1,1,1,1,1,1,1,1,1,1,1,0,0,1,0,1,0,1,1,0,0,1,0,1,1,0,0,1,0,0,1,1,0,1,1,1,1,0,0,1,1,0,0,0,1,1,1,0,1,1,0,1,0,0,0,0,0,1,0,1,0,0,0,0,1,1,1,0,0,1,0,0,0,1,1,1,0,1,1,0,0,0,1,0,0,0,1,0,0,0,1,0,0,0,1,0,1,0,1,1,1,1,0,0,0,0,0,0,0,0,0,1,1,0.0,-4494.549999999997,1
1,1,1,0,0,1,1,0,1,0,0,0,0,1,0,1,1,1,1,1,0,1,1,0,1,0,1,0,0,1,0,0,1,0,1,0,0,1,1,0,0,0,1,1,0,0,0,1,1,1,1,1,0,1,0,0,0,1,1,1,0,0,1,0,1,1,1,0,0,1,0,0,0,0,1,0,1,1,0,1,0,0,0,1,0,0,1,1,1,1,1,0,0,0,1,1,0,1,0,1,1,0,0,1,0,0,0,0,1,0,0,0,1,1,1,1,1,0,0,0,1,1,1,1,0,0,0,0,1,0,1,1,0,1,1,0,1,0,0,1,1,1,1,1,0,1,1,0,0,1,1,1,0,1,0,0,1,0,1,1,1,1,0,0,0,0,1,1,1,0,1,0,0,1,1,0,1,0,0,1,0.0,-4494.469999999999,1
0,0,1,1,0,1,0,0,1,0,1,1,0,0,1,0,0,0,0,1,1,1,0,1,0,1,1,1,0,1,0,0,1,0,0,1,1,0,0,1,0,0,1,0,1,1,1,0,0,1,0,1,0,0,1,1,1,0,0,0,1,1,0,0,1,1,0,1,0,0,1,0,1,0,0,1,1,1,0,0,1,0,1,0,0,0,1,0,0,0,0,0,1,1,1,0,1,1,1,1,1,1,1,0,0,0,1,0,1,0,1,0,1,0,0,0,0,1,1,1,1,0,1,1,0,1,0,0,0,1,0,0,1,1,1,1,0,0,0,1,1,0,1,0,0,0,1,1,0,1,0,0,1,1,1,0,0,1,1,0,1,1,0,0,1,1,0,1,1,0,1,1,0,0,0,0,1,1,1,1,0.0,-4494.27,1
0,1,1,1,0,0,1,0,1,0,1,0,0,1,1,0,1,1,0,1,0,1,1,0,0,0,1,0,0,1,0,0,1,0,0,1,0,0,1,1,0,0,1,0,1,0,1,0,1,0,1,1,0,1,1,0,1,1,1,0,0,0,0,0,1,0,1,1,1,1,0,0,1,0,0,0,1,1,0,1,0,0,0,1,0,0,0,0,0,1,1,1,1,1,1,1,0,1,0,1,1,1,0,0,0,1,1,0,1,0,1,0,1,0,1,0,0,0,0,1,1,1,1,1,0,1,0,0,1,1,1,0,1,1,1,1,0,0,0,1,1,1,1,0,0,0,1,1,0,0,1,0,1,1,1,1,1,0,1,0,1,1,0,0,1,0,0,1,1,0,1,1,0,1,1,0,1,1,1,1,0.0,-4494.200000000001,1
1,1,0,1,1,1,0,0,1,0,1,1,0,0,0,0,1,0,0,0,1,1,0,0,0,0,1,0,1,1,0,1,1,0,0,0,0,1,1,1,1,0,1,0,1,1,1,0,0,1,0,1,0,1,1,1,1,0,1,0,0,1,0,0,0,1,1,0,0,0,0,0,1,0,0,0,1,1,1,1,0,0,0,1,0,1,1,1,0,1,0,0,1,1,1,1,0,1,0,1,1,1,0,0,0,1,1,0,1,0,1,1,1,0,1,0,0,0,1,1,0,1,1,0,0,1,0,0,0,1,1,1,1,1,1,1,0,0,0,1,1,1,1,1,0,0,1,1,1,0,1,0,1,0,1,0,0,0,1,1,0,0,0,0,1,1,0,1,0,0,1,1,0,1,1,1,1,1,0,0,0.0,-4494.12,1
0,1,1,0,1,0,0,1,0,1,1,1,1,1,0,1,1,0,1,0,1,0,0,1,1,0,1,1,1,0,0,1,0,0,1,0,1,1,0,0,1,1,0,1,0,1,0,0,0,0,0,1,1,0,0,1,0,0,1,1,0,1,1,1,0,0,1,1,1,0,0,1,1,1,1,0,0,0,0,1,1,1,0,1,1,1,0,0,1,1,0,1,0,0,1,0,1,1,0,0,0,1,1,0,0,1,1,1,0,0,0,0,0,1,0,0,1,0,1,1,0,1,0,1,0,0,1,1,0,0,1,1,0,1,0,0,1,0,0,0,0,1,0,0,1,1,0,0,1,0,1,1,0,0,0,1,0,1,0,0,1,0,1,1,0,1,1,1,1,1,0,0,1,1,0,1,0,0,1,0,0.0,-4494.05,1
0,1,0,0,0,1,1,1,0,1,0,0,1,0,0,1,0,1,1,1,0,1,1,1,0,1,1,1,0,0,1,0,0,0,1,0,1,1,0,0,1,0,1,1,1,1,0,1,0,1,1,0,1,1,1,0,0,1,0,1,0,1,1,1,1,1,0,0,0,1,1,1,0,1,1,1,0,0,0,1,1,1,1,0,1,0,1,1,0,0,1,0,1,0,0,0,1,0,1,0,0,0,1,1,1,0,0,0,0,1,0,0,0,0,0,1,1,1,0,0,1,0,0,0,0,0,1,1,1,0,0,1,1,0,0,0,1,1,1,0,0,1,0,1,1,0,0,0,1,1,1,0,0,0,0,1,1,1,1,1,1,1,1,1,1,0,1,0,0,1,0,0,1,0,0,1,0,1,0,0,0.0,-4493.959999999998,1
1,0,0,0,0,0,0,1,0,1,0,1,1,1,0,1,0,0,1,1,1,1,0,1,1,1,1,0,0,0,1,0,0,0,0,0,0,1,0,0,1,0,1,1,0,0,1,1,1,0,0,0,1,1,0,1,0,0,0,1,1,0,1,0,1,0,1,0,1,0,1,1,0,1,1,1,0,0,1,0,0,1,1,0,1,1,0,1,1,0,0,1,0,0,0,1,1,1,1,0,0,0,0,1,1,1,1,0,1,1,0,1,0,1,0,0,1,1,0,1,0,0,0,1,0,0,0,1,1,0,0,1,0,0,1,0,1,1,1,0,0,1,0,1,0,1,0,0,1,0,0,1,0,0,0,1,1,0,1,1,0,1,1,0,0,0,1,1,0,1,0,0,1,0,0,1,1,0,0,0,0.0,-4493.45,1
0,1,0,1,0,1,0,0,1,0,1,0,0,0,1,0,1,0,0,1,1,1,0,1,0,1,1,0,0,1,0,0,1,0,0,1,0,0,1,0,1,0,1,1,1,1,1,0,0,0,0,0,0,0,1,1,1,0,1,0,0,1,0,1,1,1,0,1,0,0,0,1,1,1,0,1,1,1,1,0,0,0,1,0,0,1,0,0,0,1,1,0,1,0,0,1,1,0,1,0,1,1,0,0,1,0,0,0,0,1,1,0,1,0,0,0,0,1,1,1,0,0,0,0,1,1,1,0,0,1,1,0,1,0,0,1,0,1,1,1,1,0,1,0,1,0,1,0,1,1,1,0,1,0,1,1,0,0,1,0,1,1,0,1,1,1,0,0,1,0,1,1,0,1,0,1,0,1,1,0,0.0,-4493.4400000000005,1
0,0,0,1,0,1,1,1,0,1,1,0,1,1,1,1,0,1,1,1,0,0,1,0,1,1,1,1,0,0,0,0,0,0,1,0,1,0,0,1,1,1,1,0,0,0,0,1,1,1,1,0,1,0,0,0,1,1,0,0,1,0,1,0,0,0,0,1,0,1,1,0,1,1,0,1,0,0,0,0,1,1,1,0,1,1,1,0,1,0,0,0,0,1,0,0,1,1,1,1,0,0,1,0,1,1,0,1,1,1,1,1,0,1,1,1,1,1,0,0,0,0,1,1,1,0,0,1,1,1,0,0,0,0,1,0,1,1,1,0,0,1,0,0,0,1,0,1,1,0,0,1,0,0,1,0,1,1,0,0,0,1,1,1,0,1,0,1,1,1,0,0,1,0,1,1,1,0,1,0,0.0,-4493.109999999999,1
1,0,1,1,0,1,1,1,0,1,0,0,1,1,1,0,1,1,0,1,0,1,1,0,1,1,1,0,0,0,0,0,0,0,0,0,0,1,0,0,0,0,0,1,1,0,1,1,1,1,1,1,1,1,0,0,1,1,1,0,1,0,0,1,1,1,1,1,0,1,0,0,0,0,0,1,0,0,0,0,0,0,1,0,1,0,1,1,0,1,0,0,1,0,1,1,1,0,1,0,0,0,0,1,0,0,1,0,0,0,1,1,0,1,1,1,0,0,0,0,1,0,0,1,1,1,1,1,1,1,1,1,1,1,0,1,0,0,0,1,0,1,0,1,1,0,1,0,0,1,1,0,1,1,1,1,1,0,1,0,0,1,1,0,0,0,0,0,0,0,1,1,1,1,1,0,0,1,1,1,0.0,-4492.999999999999,1
0,0,1,0,0,0,0,0,1,0,1,1,0,1,1,0,1,0,0,1,1,1,0,1,0,1,1,1,0,1,0,0,1,0,1,1,1,0,1,1,0,0,0,0,1,1,1,1,0,1,0,1,0,0,1,1,0,0,1,1,1,1,0,1,1,0,1,1,1,0,0,1,1,0,1,1,1,1,1,0,1,0,1,0,0,0,1,0,1,0,1,0,1,1,1,0,0,1,1,0,1,0,1,0,0,1,1,0,0,1,0,0,1,0,0,0,0,0,0,1,1,0,0,1,0,1,0,0,1,0,1,0,1,1,0,1,0,0,0,1,1,0,1,0,1,0,0,0,0,0,0,0,1,1,0,0,1,1,1,0,1,1,0,0,1,0,1,1,1,0,1,1,0,1,0,0,0,1,1,1,0.0,-4493.000000000001,1
0,1,0,1,0,1,1,0,1,0,1,0,0,0,1,1,0,1,1,1,0,0,1,0,1,0,1,1,0,1,0,0,0,0,0,0,1,0,1,1,1,1,0,0,0,0,0,0,1,1,1,0,0,1,0,0,1,1,0,0,0,0,1,1,1,1,0,1,0,1,1,1,1,0,0,0,1,1,0,0,1,0,0,1,1,0,1,0,1,1,1,0,0,1,0,0,0,1,1,0,0,1,1,0,1,0,0,1,0,1,1,0,1,1,1,1,1,1,1,0,1,0,0,0,1,0,1,0,0,1,0,0,0,0,0,0,1,1,1,0,1,0,1,0,1,1,0,0,1,1,1,1,0,0,1,1,0,1,0,0,1,1,0,1,0,1,0,1,1,0,0,0,1,0,1,1,0,0,1,0,0.0,-4492.819999999999,1
0,0,0,1,1,0,0,1,0,1,0,1,1,0,1,1,0,0,1,0,1,0,0,0,1,1,1,1,1,1,0,1,1,0,0,0,1,1,1,0,0,1,1,1,0,1,0,1,0,0,0,0,0,1,0,1,1,0,0,0,1,1,1,0,0,0,1,1,1,0,1,0,0,1,0,1,0,0,1,0,1,1,1,0,0,1,0,1,1,0,1,1,0,0,0,0,1,1,1,1,1,0,1,1,1,1,0,1,1,1,1,1,1,1,1,0,1,1,0,1,0,0,1,0,0,0,0,1,1,1,0,1,0,0,1,0,1,1,1,1,1,0,0,1,0,1,0,1,1,0,0,0,0,0,1,1,1,1,0,0,0,0,1,1,0,0,0,1,0,1,1,0,0,0,1,1,1,0,1,1,0.0,-4492.37,1
1,1,0,1,1,0,0,1,0,1,1,1,1,1,1,0,0,0,0,0,1,1,0,1,0,0,0,1,1,0,0,1,0,1,0,1,1,0,0,1,1,0,1,0,1,1,0,1,0,0,0,0,1,0,1,1,1,0,0,0,0,1,0,0,0,0,1,0,1,0,1,0,1,0,1,0,0,0,1,0,1,0,0,1,1,1,0,0,0,0,0,1,1,1,0,1,1,1,1,1,0,0,0,0,1,1,0,0,0,1,1,1,0,0,0,0,0,1,0,1,0,0,1,1,0,1,0,1,1,1,0,0,1,0,1,1,0,1,1,1,0,0,0,0,0,0,1,1,1,0,1,0,1,0,1,0,1,0,1,1,0,0,1,1,1,0,0,1,1,0,1,1,1,0,0,1,1,1,0,0,0.0,-4492.190000000002,1
0,1,0,0,0,0,0,1,0,1,1,0,1,1,1,0,0,0,0,1,1,1,0,0,0,0,1,1,0,0,0,0,1,0,1,1,1,0,0,1,1,0,0,0,1,1,0,1,0,1,0,0,1,1,1,1,0,0,0,1,0,1,0,1,1,0,0,1,1,0,1,1,1,0,0,0,0,0,1,1,1,0,0,1,0,1,1,1,0,0,0,1,1,1,0,0,1,1,0,0,1,0,1,0,1,0,0,0,0,1,0,0,0,0,1,0,0,1,0,1,0,1,0,1,1,1,1,1,1,0,0,0,0,0,0,1,0,1,1,1,0,1,0,1,1,0,0,1,1,1,0,1,1,0,0,1,1,1,1,0,1,1,1,0,1,0,1,1,0,0,1,1,0,0,1,1,0,1,1,0,0.0,-4492.14,1
1,1,1,1,0,1,0,0,1,0,0,1,0,0,1,1,1,0,1,1,1,1,0,1,1,1,0,0,0,1,1,0,1,1,1,0,0,0,0,0,1,0,1,1,0,1,1,1,0,0,0,1,0,1,0,1,1,0,1,0,0,1,1,0,1,1,1,1,0,0,0,1,0,0,0,1,1,1,1,0,0,0,1,0,0,0,0,0,1,1,1,0,0,0,1,1,0,1,1,0,1,0,0,1,0,1,1,0,1,0,1,1,1,1,0,0,1,0,0,1,1,0,0,0,0,0,0,0,1,1,1,0,0,1,1,0,1,0,0,0,1,0,1,0,0,1,0,0,1,0,1,1,0,0,1,0,1,0,1,0,0,1,0,0,0,0,0,1,0,0,0,0,0,1,0,1,1,0,1,0,0.0,-4492.080000000002,1
1,0,1,1,0,1,0,1,0,1,0,1,1,0,1,0,1,0,0,1,1,1,0,0,0,0,1,0,0,0,1,0,1,0,0,1,0,1,0,0,0,0,1,1,1,1,1,1,0,0,0,1,1,1,1,1,1,0,1,0,1,1,0,0,1,1,1,1,0,0,0,0,0,1,0,0,0,0,1,0,1,1,0,1,0,1,0,0,0,0,1,0,1,0,1,1,0,1,1,1,0,0,0,1,0,1,0,1,1,0,1,0,0,0,1,0,0,1,0,1,0,0,1,0,1,1,0,1,1,1,1,1,1,1,1,1,0,0,0,1,0,0,0,0,0,0,1,1,0,0,0,0,1,1,1,1,1,0,1,0,1,1,1,1,1,0,0,1,0,1,1,1,1,1,1,0,1,1,1,1,0.0,-4491.870000000002,1
0,1,0,1,0,0,0,0,1,0,1,0,0,1,1,1,0,0,1,1,0,0,1,0,1,1,0,0,0,1,0,0,1,1,1,0,0,0,1,1,1,1,1,0,0,1,0,1,0,0,0,0,0,0,0,1,1,0,1,0,0,1,1,0,1,0,1,1,1,0,1,0,1,1,0,1,1,1,0,0,0,1,1,0,0,1,0,1,1,0,1,1,0,1,0,1,1,0,1,1,1,0,0,0,1,1,0,1,1,0,1,1,1,1,1,0,1,1,0,0,0,0,1,1,1,0,0,0,1,1,0,0,1,0,1,0,1,1,1,0,1,1,1,1,0,1,1,1,1,0,0,0,0,0,1,0,1,0,0,0,0,1,0,0,0,0,0,0,0,1,0,0,0,1,1,1,1,0,1,0,0.0,-4491.739999999999,1
0,0,1,0,1,1,1,0,1,0,0,1,0,1,1,1,1,1,1,0,0,0,1,0,1,1,1,1,1,1,1,1,0,0,1,0,1,0,0,0,0,1,0,1,0,0,1,1,1,0,1,1,0,0,0,0,0,1,1,1,1,0,1,1,0,1,0,1,0,1,0,1,0,0,1,1,1,1,0,1,1,0,1,0,1,0,0,1,1,0,0,0,0,0,1,1,0,0,0,0,1,0,0,1,0,1,1,1,0,0,0,0,1,1,1,1,1,0,0,0,1,1,0,1,0,0,1,0,1,0,1,1,0,1,0,0,1,0,0,0,1,0,1,1,1,1,0,0,0,0,0,1,0,1,0,0,1,0,0,0,0,0,0,0,0,0,1,0,0,0,0,0,0,1,1,0,0,0,1,1,0.0,-4491.420000000001,1
0,0,1,0,0,1,1,0,1,0,1,0,0,0,0,0,1,1,0,1,0,1,1,1,0,0,1,1,0,1,0,0,0,0,0,1,1,0,0,1,0,0,0,0,1,0,1,0,1,1,1,1,1,0,1,0,0,1,0,1,1,0,0,1,1,1,0,0,0,1,0,1,1,0,1,0,1,1,1,1,1,0,0,1,1,1,1,0,0,0,1,1,1,1,1,1,0,1,0,0,0,1,0,0,0,0,1,0,0,0,0,1,1,0,0,1,0,0,1,0,0,1,0,0,0,1,1,0,0,0,1,0,0,1,0,1,0,0,0,1,1,0,1,0,1,0,1,0,0,1,0,1,1,1,0,0,0,0,1,1,0,1,0,0,1,0,1,1,1,0,1,1,1,0,0,0,0,1,0,1,0.0,-4491.379999999999,1
1,1,0,0,1,1,0,0,1,0,1,0,0,0,0,1,0,0,1,0,1,0,0,0,1,0,1,1,1,1,0,1,1,0,1,0,1,0,1,1,1,1,0,0,0,1,0,1,0,1,0,0,0,0,0,1,0,0,0,1,0,1,1,0,0,1,1,0,0,0,1,0,1,1,1,0,1,1,0,1,1,1,0,1,0,1,1,0,1,1,0,1,0,1,0,0,1,1,0,1,1,0,1,0,1,1,0,1,1,1,0,0,1,1,1,0,0,1,0,1,0,1,1,0,0,0,0,0,1,0,0,0,0,0,1,0,1,1,1,0,1,1,1,1,0,1,1,1,1,0,1,1,0,0,0,0,1,1,0,1,1,0,0,1,0,0,1,1,1,1,0,0,0,0,1,1,1,0,0,0,0.0,-4491.32,1
1,1,0,1,0,0,0,1,0,0,0,1,1,0,1,0,0,0,0,1,1,1,0,1,0,1,0,0,0,0,1,0,1,1,0,1,0,1,0,0,1,0,1,1,1,1,1,0,0,0,0,0,1,1,1,1,1,0,0,0,0,1,0,0,1,0,1,1,1,0,1,0,0,0,0,1,0,0,1,0,0,0,1,0,0,1,0,0,0,1,1,1,1,0,0,0,0,0,1,1,1,1,1,1,1,0,0,0,0,1,1,0,0,0,0,0,0,0,1,1,0,0,1,0,0,1,0,0,0,1,0,1,1,0,1,1,0,1,1,1,0,0,1,0,0,0,1,1,1,1,0,0,1,0,1,1,0,1,1,0,1,1,1,1,1,0,0,0,1,0,1,1,0,0,0,1,1,1,1,0,0.0,-4491.2,1
0,0,1,0,0,0,1,0,1,0,1,0,0,1,0,1,0,1,1,1,0,0,1,1,1,1,1,0,0,1,1,0,0,0,1,0,0,0,0,1,1,1,1,0,0,0,0,1,1,0,1,1,0,0,0,0,0,1,0,1,0,0,1,0,1,0,1,0,1,1,1,0,1,0,1,1,1,1,0,1,0,0,1,0,1,1,0,0,1,1,0,1,0,1,1,0,1,0,0,1,1,0,1,0,0,0,1,1,1,0,0,1,1,1,0,1,1,0,0,0,0,1,1,1,1,0,0,0,1,0,0,0,1,1,1,0,1,0,0,0,1,1,1,0,0,1,0,1,1,1,1,0,0,0,0,1,1,1,0,1,0,1,0,0,0,0,1,0,1,0,0,0,0,0,0,1,1,0,0,0,0.0,-4491.0199999999995,1
1,1,0,1,1,1,0,1,0,1,0,0,1,0,1,1,1,0,1,0,1,0,0,1,0,1,1,1,1,0,0,1,1,0,1,0,1,1,1,0,1,1,1,1,0,1,1,1,0,1,0,0,0,1,1,1,0,0,1,1,0,1,1,0,0,1,1,1,0,0,0,0,0,0,0,1,0,0,1,0,1,0,1,0,0,0,1,0,1,0,0,0,0,0,0,1,1,0,1,1,0,0,0,1,1,1,0,1,1,0,1,1,0,0,0,0,1,1,0,1,1,0,1,0,1,0,0,1,1,1,1,1,1,0,1,0,1,1,1,0,0,1,0,0,0,1,0,1,1,0,0,0,0,0,1,1,1,0,0,0,0,0,1,0,1,0,0,0,1,0,0,0,1,1,0,1,1,0,1,0,0.0,-4490.8499999999985,1
0,1,1,0,0,0,1,0,1,0,1,0,0,1,0,1,1,1,1,1,0,1,1,1,1,0,1,0,0,1,1,0,1,0,1,0,0,0,0,1,0,0,1,0,0,1,1,0,0,1,1,1,0,1,0,0,0,1,0,1,0,1,1,0,1,0,1,1,1,1,0,0,1,0,1,0,1,1,0,0,0,0,0,1,0,0,1,1,1,1,0,1,0,1,1,0,0,1,1,1,1,1,1,0,0,1,1,0,1,0,0,0,1,1,0,1,1,0,1,0,1,0,1,1,1,0,0,0,0,0,1,0,0,1,1,0,1,0,0,0,1,0,1,1,0,1,0,1,0,0,1,1,0,1,0,0,0,1,1,0,1,1,0,0,0,1,1,1,0,0,0,0,0,0,0,0,1,0,1,1,0.0,-4490.169999999997,1
0,1,0,0,0,0,1,1,0,1,0,0,1,1,0,0,0,1,0,1,0,1,1,0,0,1,0,0,0,0,1,0,0,1,0,1,0,1,0,0,1,0,1,1,1,0,0,0,1,1,1,0,1,1,1,0,0,1,0,1,0,0,0,0,1,0,1,0,1,1,1,0,0,1,1,1,0,0,0,0,1,1,1,0,1,0,1,1,0,0,0,1,1,0,0,1,1,0,1,1,1,1,0,1,1,1,0,0,1,1,0,0,0,0,1,1,0,1,1,1,1,0,1,1,1,1,0,1,0,0,0,1,1,0,1,1,0,1,1,1,0,0,0,1,0,0,1,1,1,1,0,0,1,0,0,1,0,0,1,1,1,1,1,1,1,1,1,0,0,1,1,1,0,0,1,1,1,1,0,0,0.0,-4490.139999999999,1
0,1,1,1,1,1,1,0,1,0,1,0,0,0,1,0,1,1,0,1,0,1,1,1,0,0,0,1,1,1,1,0,0,1,0,1,1,1,1,1,0,0,1,0,1,0,1,0,1,1,1,1,0,1,1,0,0,1,0,1,0,0,0,0,0,1,0,1,0,1,0,0,1,0,0,0,1,1,0,1,1,0,0,1,1,0,1,1,0,0,1,0,1,1,1,0,0,1,0,1,1,1,1,0,0,0,1,0,1,0,1,0,1,0,0,1,0,0,1,0,1,1,1,0,0,1,0,0,0,1,1,1,1,1,1,1,0,0,0,1,1,1,1,1,0,0,1,1,0,1,0,0,1,1,1,0,0,1,1,0,1,0,0,0,1,1,0,1,0,0,1,1,0,0,0,0,1,1,1,1,0.0,-4490.079999999998,1
0,0,0,1,0,0,0,1,0,1,1,1,1,1,1,1,0,0,1,1,1,0,0,0,1,1,1,1,0,0,0,0,1,0,0,0,1,0,0,1,0,1,1,0,0,1,0,1,0,0,0,0,1,0,0,1,1,0,0,0,1,1,1,0,1,0,0,1,1,0,1,0,1,0,0,1,0,0,0,0,1,0,1,0,0,1,0,0,1,1,1,1,0,1,0,1,0,0,1,1,0,0,0,0,1,1,0,1,1,1,1,1,0,1,1,0,1,1,0,1,0,0,1,1,0,0,0,1,1,1,0,0,0,0,1,0,1,1,1,1,0,0,0,0,0,1,1,1,0,0,1,1,0,1,1,1,1,0,0,0,0,1,1,1,0,0,0,0,1,0,1,0,1,0,1,0,1,0,1,1,0.0,-4489.4800000000005,1
0,0,0,0,1,1,0,1,0,1,1,1,1,0,0,1,0,0,1,0,1,0,0,1,1,0,1,1,1,0,1,1,1,0,1,0,1,1,0,0,1,1,1,1,0,1,1,1,0,1,0,0,1,0,0,1,0,0,0,1,1,1,1,0,0,1,0,0,0,0,1,0,1,0,1,0,0,0,1,0,1,0,0,1,0,1,1,0,1,0,0,0,0,0,0,1,1,1,1,1,1,0,0,0,1,1,0,1,1,1,0,0,0,1,0,0,1,0,0,1,0,0,1,0,1,0,0,1,1,0,0,1,0,0,1,0,1,1,1,0,0,0,0,1,0,1,0,1,1,0,0,0,0,0,0,1,1,0,0,1,1,0,1,0,0,0,1,1,1,0,0,0,0,0,0,1,1,0,0,0,0.0,-4489.329999999999,1
1,0,1,1,0,0,0,1,0,0,1,1,1,1,1,0,1,0,0,1,1,1,0,0,0,1,1,0,0,0,0,0,1,0,0,1,0,0,0,1,0,0,1,0,1,1,1,1,0,1,0,1,1,0,1,1,1,0,1,0,1,1,0,0,1,0,0,1,1,0,0,0,1,1,0,1,0,0,1,0,0,0,1,0,0,0,1,0,0,1,1,1,1,1,1,1,0,0,0,1,1,0,0,0,0,0,1,0,1,0,1,0,0,0,1,0,0,1,0,1,1,1,1,1,0,1,0,0,1,1,1,0,0,1,1,1,0,0,0,1,0,0,1,0,0,0,1,1,0,1,1,0,1,1,1,1,1,0,1,0,1,1,1,1,1,0,0,0,1,0,1,1,0,1,1,0,1,1,1,1,0.0,-4488.960000000001,1
0,1,0,0,0,1,0,1,0,1,1,1,1,0,0,0,0,0,0,1,1,1,0,1,0,0,0,0,0,0,0,0,1,1,0,1,0,0,0,1,1,0,1,0,1,1,0,0,0,0,0,0,1,0,1,1,1,0,0,0,0,1,0,0,1,1,1,0,0,0,1,0,1,0,1,0,0,0,1,1,0,0,0,1,0,0,0,1,0,1,0,0,1,1,0,1,1,1,0,1,0,1,0,0,1,1,0,0,0,0,1,1,0,0,0,0,0,1,1,1,1,1,1,0,0,1,0,1,0,0,0,0,0,0,1,1,0,1,1,1,0,1,0,1,0,0,1,1,1,0,0,1,1,0,0,1,0,0,1,1,0,1,1,0,1,1,0,1,1,0,1,1,1,0,0,1,1,1,0,0,0.0,-4488.95,1
0,1,1,0,0,1,0,0,1,0,1,1,0,1,0,0,1,0,0,1,1,1,0,1,0,0,1,0,0,1,0,0,0,0,1,1,0,0,0,1,0,0,0,0,1,0,1,0,1,1,0,1,1,1,1,1,0,0,1,1,0,1,0,1,1,1,0,0,0,0,0,0,1,0,1,0,1,1,1,1,0,0,0,1,1,0,1,0,0,1,1,0,1,1,1,0,0,1,0,1,1,1,1,0,0,0,1,0,0,0,0,0,1,0,0,0,0,0,1,1,1,1,1,1,0,1,1,0,0,0,1,0,1,1,0,1,0,0,0,1,1,0,1,0,1,0,1,1,0,1,1,0,1,1,0,0,0,1,1,1,1,1,0,1,1,1,1,1,1,0,1,1,0,1,0,0,0,1,0,1,0.0,-4488.689999999999,1
1,1,1,0,0,0,0,0,0,0,0,1,1,0,0,1,0,0,1,1,1,0,0,0,1,0,1,0,0,1,0,0,1,0,0,0,0,1,1,0,0,1,1,1,0,1,1,1,0,0,0,1,0,1,0,1,0,0,1,1,0,1,1,0,1,0,1,0,1,0,0,0,0,1,1,0,1,1,1,0,0,1,0,1,0,0,0,1,0,1,1,1,0,0,1,0,0,1,1,1,1,0,1,1,0,1,1,1,1,0,0,1,1,1,1,0,1,0,0,1,1,0,1,0,1,0,0,0,1,0,1,1,0,1,1,0,1,0,0,0,1,0,1,1,0,1,0,1,0,0,1,1,0,1,0,0,1,1,0,1,0,1,0,1,0,0,1,1,0,1,0,0,0,1,1,0,1,0,0,1,0.0,-4488.500000000001,1
1,0,1,1,0,1,1,0,1,0,0,1,0,1,1,0,1,1,0,1,0,1,1,0,0,1,1,0,0,1,1,0,0,0,0,1,0,1,0,0,0,0,1,1,1,0,1,1,1,1,1,1,1,1,0,0,1,1,1,0,1,0,0,0,1,1,0,1,0,1,0,0,0,1,0,1,1,1,0,0,0,1,1,0,1,0,1,1,0,1,0,0,1,0,1,1,0,0,1,1,1,0,0,1,0,0,1,0,1,0,1,0,1,0,1,1,0,0,0,0,1,0,1,1,1,1,0,0,1,1,1,1,1,1,1,1,0,0,0,1,1,0,1,1,1,0,0,0,0,1,1,0,1,1,1,1,1,0,1,0,1,1,0,0,1,1,0,0,0,1,1,1,0,1,1,0,1,1,1,1,0.0,-4488.4900000000025,1
0,0,1,0,0,1,0,0,1,0,0,0,0,0,0,1,0,0,1,1,0,1,1,0,0,0,1,0,0,1,0,0,1,0,1,0,0,1,1,0,1,0,0,1,1,1,0,0,0,0,0,1,0,0,1,1,0,0,0,1,1,1,1,0,1,1,1,0,0,0,1,0,0,0,1,0,1,1,0,1,0,0,0,1,0,1,0,1,0,1,1,0,1,0,1,1,0,1,0,1,1,1,0,1,0,0,1,0,1,0,0,0,1,0,1,0,1,0,1,0,0,1,1,0,0,0,0,0,0,0,0,1,1,1,1,0,1,0,0,0,1,0,1,1,0,0,1,1,0,1,1,0,0,1,0,0,0,0,1,1,1,1,0,0,1,1,1,1,1,0,0,0,0,0,1,0,1,1,0,0,0.0,-4487.7699999999995,1
1,1,1,0,1,0,0,0,1,0,0,1,0,0,0,1,1,0,1,0,1,0,0,0,0,0,1,1,1,1,0,1,0,0,1,0,1,1,1,0,0,1,1,1,0,0,1,1,1,0,0,1,0,1,1,1,0,0,1,1,0,0,1,0,0,0,1,0,1,0,0,0,0,0,1,0,1,1,1,0,1,0,0,1,1,1,0,1,1,0,1,1,0,0,1,1,0,0,1,1,0,0,0,1,0,1,1,1,1,0,0,1,1,0,1,0,1,1,0,1,0,0,1,0,0,0,0,0,1,0,1,1,1,1,1,0,1,0,0,0,1,0,1,1,1,1,1,1,0,0,0,0,0,1,0,0,1,0,0,1,0,0,0,1,1,1,1,0,0,0,0,0,1,1,1,0,1,0,0,1,0.0,-4487.740000000001,1
1,1,1,0,1,0,0,0,1,0,0,1,0,0,0,1,1,0,1,0,1,0,0,1,1,1,1,0,1,1,0,1,1,0,1,0,0,1,1,0,1,1,1,1,0,1,1,1,0,1,0,1,0,0,0,1,0,0,1,1,0,1,1,0,0,0,1,0,1,0,0,0,0,0,1,0,1,1,1,0,0,0,1,1,0,1,1,0,1,1,1,1,0,0,1,1,0,0,1,1,0,0,0,1,0,1,1,1,1,0,0,0,1,1,0,0,1,0,0,1,0,0,1,1,1,0,0,0,1,0,1,1,0,1,1,0,1,0,0,0,1,1,1,0,0,1,1,1,1,0,1,0,0,0,0,0,1,0,0,1,1,0,0,0,0,0,1,0,1,0,0,0,1,1,0,1,1,0,0,0,0.0,-4487.1900000000005,1
1,1,1,1,1,0,1,0,1,0,1,0,0,0,0,1,1,1,1,0,0,0,1,1,1,0,1,0,1,1,1,1,1,0,1,0,0,0,1,1,1,1,0,0,0,1,1,1,0,0,1,1,0,0,0,0,1,1,1,0,0,1,1,0,0,0,1,0,1,1,0,0,1,0,1,0,1,1,0,1,0,0,0,1,0,1,0,0,1,1,1,1,0,1,1,1,0,1,0,1,1,0,0,0,0,1,1,1,1,1,1,0,1,1,0,1,1,0,0,0,0,1,1,0,0,0,0,0,1,1,1,0,0,1,1,0,1,0,0,0,1,1,1,0,0,1,0,1,1,0,1,1,0,0,1,0,1,1,0,1,1,0,0,1,0,0,0,1,1,0,0,0,0,1,0,1,1,0,0,0,0.0,-4487.17,1
0,1,1,0,0,0,0,1,0,1,0,1,1,0,0,0,0,0,0,1,1,1,0,1,0,1,1,1,0,0,1,0,0,0,0,1,1,1,0,0,0,0,0,1,1,0,0,0,1,1,0,1,1,0,1,1,0,0,0,1,0,0,0,0,1,0,0,0,1,0,1,0,0,1,1,1,0,0,1,0,1,1,1,0,1,1,1,0,1,0,0,1,1,0,1,0,0,1,1,1,0,1,1,1,0,1,1,0,1,0,0,0,0,0,0,0,0,0,1,1,0,0,1,0,0,1,0,1,0,0,0,1,0,1,1,1,0,0,0,1,0,0,0,0,0,0,0,1,0,0,0,1,1,1,0,1,0,1,1,1,1,1,1,1,1,1,1,1,1,1,1,1,1,0,0,0,1,1,0,1,0.0,-4487.11,1
0,0,1,1,1,1,1,0,1,0,0,1,0,0,1,1,0,1,1,0,0,0,1,0,1,1,1,1,1,1,1,1,0,0,1,0,1,0,1,1,1,1,1,0,0,0,0,0,1,0,1,1,0,1,0,0,1,1,0,0,1,0,0,0,0,1,1,1,0,1,1,0,0,0,0,1,1,1,0,0,1,0,1,0,1,1,0,0,0,0,0,0,0,1,1,0,0,0,1,1,1,1,1,1,0,1,1,1,1,0,1,1,1,1,1,1,1,0,1,0,0,0,1,0,0,0,0,0,0,1,0,0,0,1,1,1,1,0,0,1,1,0,1,0,0,1,0,1,0,0,0,1,0,1,1,0,0,1,0,0,0,0,0,1,0,1,0,0,1,0,1,0,0,0,1,0,1,0,1,1,0.0,-4487.05,1
1,1,0,1,0,0,0,1,0,1,0,1,1,0,1,1,0,1,1,1,0,0,1,0,1,1,1,0,0,0,1,0,0,0,1,0,0,1,0,0,0,1,1,1,0,0,1,1,1,1,1,0,1,1,0,0,1,1,0,0,0,0,1,0,1,0,1,1,1,0,1,0,0,1,0,1,0,0,0,0,0,1,1,0,1,1,1,1,1,1,1,1,0,0,0,1,0,1,1,1,0,0,0,1,1,1,0,1,1,1,1,0,0,1,1,1,1,1,0,0,0,0,1,0,1,0,0,1,1,1,0,1,0,0,1,0,1,1,1,0,0,1,0,1,0,1,1,1,0,0,1,1,0,1,1,0,1,0,0,0,1,1,1,1,0,0,0,1,0,1,0,0,1,0,1,0,1,0,1,1,0.0,-4486.869999999999,1
1,1,1,0,0,0,0,1,0,1,1,1,1,0,0,1,1,0,1,1,1,0,0,0,1,0,0,0,0,0,0,0,1,1,1,0,0,1,0,0,1,1,1,1,0,1,0,0,0,1,0,1,1,1,0,1,0,0,1,1,0,1,1,0,1,0,1,0,1,0,0,0,1,1,1,0,0,0,1,1,0,1,0,1,0,0,1,1,0,1,0,1,0,0,1,1,0,1,0,1,0,1,0,1,0,1,1,1,1,0,0,1,0,1,1,0,1,0,1,0,1,1,1,0,1,0,0,1,0,0,1,1,0,1,1,0,1,0,0,1,0,1,0,1,0,1,1,1,1,0,1,1,0,0,0,1,0,0,0,1,0,1,1,0,0,1,1,1,0,1,1,0,1,1,1,1,1,0,0,0,0.0,-4486.749999999998,1
1,0,0,0,1,1,0,1,0,1,1,1,1,1,0,1,1,0,1,0,1,0,0,1,0,1,0,0,1,0,0,1,1,1,1,0,1,0,0,1,1,1,1,0,0,1,1,1,0,0,0,0,1,1,1,1,0,0,0,1,1,1,1,0,0,1,0,0,0,0,0,0,1,1,1,1,0,0,1,0,0,1,1,0,0,1,0,0,1,1,1,0,0,1,0,1,1,1,1,1,0,0,0,0,1,1,0,1,1,1,0,1,0,0,0,0,1,1,0,1,0,0,1,1,1,0,0,1,1,0,0,0,0,0,1,0,1,1,1,0,0,0,0,0,0,1,0,1,1,0,1,0,0,0,0,1,1,0,0,1,0,0,1,1,0,0,1,1,0,1,0,0,1,0,0,1,1,0,0,0,0.0,-4486.699999999999,1
1,0,1,1,0,1,1,0,1,0,1,1,0,0,1,0,0,1,0,1,0,1,1,0,0,1,1,0,0,1,1,1,0,0,1,1,0,1,1,0,0,0,0,1,1,0,0,0,1,1,1,1,0,0,1,0,1,1,1,0,1,0,0,1,1,1,0,1,0,1,0,1,1,0,0,1,1,1,0,1,0,0,1,0,1,1,1,0,0,1,0,0,1,0,1,0,0,0,1,0,1,1,1,0,0,1,1,0,1,0,1,0,1,0,1,1,0,0,1,0,0,0,0,0,1,1,1,0,0,1,1,1,1,1,0,1,0,0,0,1,1,1,1,0,1,0,1,0,0,0,1,0,1,1,1,0,0,1,1,0,1,1,0,0,1,1,0,0,1,0,1,1,0,1,1,0,0,1,1,1,0.0,-4486.529999999999,1
1,0,0,1,0,1,0,0,1,0,1,1,0,1,1,1,0,0,1,1,1,0,0,1,1,0,0,1,0,1,0,0,1,1,1,1,0,0,0,1,1,1,1,0,0,1,0,0,0,0,0,0,0,0,0,1,1,0,0,0,1,1,1,0,1,1,0,1,0,0,1,0,1,1,0,0,1,1,1,1,1,1,0,1,0,0,0,0,0,0,0,0,0,1,0,1,1,1,0,1,1,1,0,0,1,1,1,1,1,1,1,0,1,1,0,0,1,1,1,1,1,1,1,1,0,0,0,0,0,1,0,0,0,0,1,0,1,1,1,0,1,1,1,0,0,1,0,0,1,0,1,1,0,0,1,0,0,0,0,0,1,1,0,1,0,1,0,1,1,1,0,0,0,0,0,1,1,0,1,0,0.0,-4486.2,1
1,0,0,0,0,0,0,1,0,1,1,1,1,1,0,1,0,0,1,1,1,0,0,1,0,1,1,0,0,0,0,0,1,0,1,0,0,0,0,1,1,1,1,0,0,1,1,0,0,0,0,0,1,0,1,1,1,0,0,0,1,1,1,0,1,0,1,0,1,0,1,0,1,1,1,1,0,0,1,0,0,1,1,0,0,1,0,0,1,0,0,1,0,1,0,1,0,1,1,1,0,1,0,0,1,1,1,1,1,1,0,1,0,0,0,0,1,1,1,1,0,0,1,1,0,0,0,1,0,0,0,0,1,0,1,0,1,1,1,0,0,0,0,0,0,1,0,1,1,0,0,0,0,0,0,1,0,0,0,1,0,1,1,0,1,1,1,1,0,1,0,0,1,0,0,1,1,0,0,0,0.0,-4486.139999999999,1
1,1,0,0,0,1,0,1,0,1,0,0,1,1,0,0,0,0,0,0,1,1,0,0,0,0,1,1,0,0,1,1,1,0,0,1,1,1,0,0,1,0,1,1,1,0,0,0,1,1,0,0,1,1,1,1,0,0,0,1,0,0,0,0,1,1,1,0,0,0,1,0,0,1,1,0,0,0,1,1,1,1,0,1,0,0,1,1,0,0,0,0,1,0,0,1,1,1,0,1,0,1,0,1,1,1,0,0,1,1,0,0,0,0,1,0,0,1,1,1,1,1,1,1,0,1,0,1,0,0,0,1,1,0,1,1,0,1,1,1,0,1,0,1,0,0,1,1,0,0,0,1,1,1,0,1,0,0,1,1,1,1,1,1,1,1,1,1,0,1,1,1,1,0,1,0,1,1,0,0,0.0,-4486.05,1
1,1,1,1,0,0,0,1,0,1,1,1,1,1,1,0,1,0,0,1,1,1,0,1,0,0,1,0,0,0,0,0,1,0,0,1,0,0,0,1,1,0,0,0,1,1,1,0,0,0,0,1,1,1,1,1,1,0,1,0,0,1,0,1,1,0,0,1,1,0,0,1,1,0,0,0,0,0,1,0,0,0,0,1,0,1,0,1,0,1,0,1,0,1,1,1,0,1,1,0,0,1,0,0,0,0,1,0,0,0,1,0,0,0,0,0,0,0,1,1,0,0,0,1,0,1,0,1,0,1,1,0,1,0,0,1,0,0,0,1,0,0,0,1,1,0,0,0,1,1,1,0,1,0,1,1,0,0,1,0,1,1,1,0,1,0,0,1,0,0,1,1,1,1,0,1,0,1,1,0,0.0,-4485.430000000001,1
0,1,1,0,1,0,1,0,1,0,1,0,0,1,0,0,1,1,0,0,0,1,1,1,0,0,1,1,1,1,1,1,0,0,0,1,1,0,1,1,1,0,1,0,1,0,0,0,1,0,1,1,0,0,1,0,0,1,1,1,1,0,0,1,0,0,1,0,1,1,0,1,1,0,1,0,1,1,0,1,1,0,0,1,1,1,0,0,0,1,1,1,1,1,1,0,1,1,0,0,0,1,1,0,0,1,1,0,0,0,0,0,1,0,0,1,0,0,1,0,0,1,0,1,1,1,1,0,0,0,1,0,1,1,0,1,0,0,0,1,1,0,1,0,1,0,1,0,1,0,1,0,1,0,0,0,0,1,1,1,1,0,0,0,1,1,1,1,1,0,1,1,1,1,0,1,0,1,0,0,0.0,-4484.81,1
1,1,0,0,0,0,1,1,0,1,0,0,1,1,0,1,1,1,1,1,0,0,1,1,1,0,1,0,0,0,0,0,0,0,1,0,0,1,0,0,0,1,0,1,0,0,1,0,1,1,1,0,1,0,0,0,0,1,1,1,0,0,1,1,1,0,1,0,1,1,0,1,0,0,0,0,0,0,0,0,0,1,0,1,1,1,1,0,1,1,1,1,0,0,0,1,1,0,1,0,0,1,0,1,1,0,0,1,0,1,0,0,0,1,0,1,1,0,1,0,0,0,0,1,1,0,1,1,0,0,1,1,0,0,0,0,1,1,1,0,0,0,0,0,1,1,0,0,0,1,1,1,0,1,0,1,0,0,0,1,1,1,1,1,0,0,1,0,1,1,0,0,1,1,0,0,0,0,1,1,0.0,-4484.709999999998,1
1,1,0,0,1,1,1,1,0,1,1,0,1,0,1,1,0,1,1,0,0,0,1,0,1,1,0,1,1,1,1,1,0,1,1,0,1,0,1,1,0,0,1,0,0,0,0,0,1,1,1,0,0,0,0,0,0,1,0,1,0,0,1,0,0,1,0,1,0,1,1,0,1,0,1,1,0,0,0,0,1,0,1,0,1,0,1,0,1,0,1,0,0,1,0,1,1,0,1,1,0,1,0,0,1,1,0,0,1,1,0,0,1,1,1,1,1,1,1,0,1,0,1,0,1,0,0,1,0,0,0,0,0,0,1,0,1,1,1,0,1,0,0,0,0,1,0,1,0,0,0,1,0,1,0,1,0,0,1,0,1,0,1,0,0,1,1,0,1,0,0,0,1,0,1,0,1,0,1,1,0.0,-4484.0999999999985,1
1,0,1,0,0,1,0,1,0,1,1,0,1,1,0,1,0,0,1,1,1,1,0,1,1,0,0,0,0,0,0,0,0,1,1,0,0,0,0,1,1,0,1,0,0,0,0,1,1,1,0,1,1,0,0,1,0,0,0,1,1,1,1,0,1,1,0,0,0,0,1,0,1,0,0,0,0,0,1,1,0,0,0,1,1,0,1,0,0,1,1,0,0,1,1,1,0,1,0,1,0,0,0,0,0,1,1,0,1,0,0,0,0,1,0,0,1,0,0,1,1,1,1,1,1,0,0,1,1,0,0,0,0,1,1,0,1,0,0,0,0,1,0,0,0,1,0,1,0,0,1,1,0,1,0,0,1,0,1,1,1,1,1,0,0,0,1,1,1,0,0,0,1,0,0,0,1,0,0,0,0.0,-4483.87,1
0,0,0,0,0,0,0,1,0,1,1,1,1,0,1,1,0,0,1,1,1,0,0,0,1,1,1,1,1,0,0,0,1,0,0,0,1,0,0,1,1,1,1,0,0,1,1,1,0,1,0,0,1,1,0,1,0,0,1,1,1,1,1,0,0,0,0,1,1,0,1,0,1,1,1,1,0,0,0,0,1,1,1,0,0,1,1,0,1,0,1,1,0,1,0,0,1,1,1,1,0,0,1,0,1,0,0,1,1,1,0,1,0,1,1,0,1,1,0,1,0,0,1,0,1,0,0,1,1,0,0,0,0,0,1,0,1,1,1,0,0,0,0,0,0,1,0,0,1,1,0,1,0,0,0,1,1,1,0,0,0,1,1,1,0,0,1,1,0,1,0,0,1,1,1,1,1,0,1,0,0.0,-4483.669999999999,1
1,0,0,0,1,1,0,0,1,0,1,1,0,0,0,1,0,0,1,0,1,0,0,0,1,1,1,1,1,1,0,1,1,0,1,0,1,0,1,1,0,1,1,0,0,1,0,0,0,1,0,0,0,1,0,1,0,0,0,1,1,1,1,0,0,1,0,0,0,0,1,0,1,0,1,1,1,1,1,1,1,0,1,0,0,0,1,0,1,0,0,0,0,1,0,0,0,1,1,1,1,1,1,0,1,0,0,1,1,1,0,0,1,1,1,0,1,1,1,1,1,0,1,0,0,0,0,0,0,0,0,0,0,1,1,0,1,1,1,0,1,1,1,0,1,1,1,1,1,1,1,1,0,0,0,0,0,1,0,1,1,0,0,0,0,1,1,1,0,0,0,0,0,0,1,1,1,0,0,0,0.0,-4482.719999999999,1
1,0,1,0,1,1,0,0,1,0,0,1,0,1,1,1,1,0,1,0,1,0,0,1,1,1,1,0,1,1,0,1,1,0,1,0,1,0,1,1,0,1,1,0,0,1,1,1,0,1,0,1,0,0,0,1,0,0,1,1,1,1,1,0,0,1,0,1,0,0,0,0,0,1,1,1,1,1,0,1,0,1,1,0,0,0,1,0,0,1,1,0,0,1,1,1,0,1,0,1,1,0,0,1,0,0,1,1,1,0,0,0,1,1,0,0,1,1,0,1,1,1,1,1,1,0,0,0,1,0,1,0,0,1,1,0,1,0,0,0,1,0,1,0,0,1,0,1,0,1,1,1,0,1,0,0,1,0,0,0,1,0,0,1,0,0,1,1,1,1,0,0,0,1,0,0,1,0,1,1,0.0,-4482.52,1
1,1,1,0,0,0,0,1,0,0,0,0,1,0,0,1,1,0,1,1,1,1,0,0,1,1,1,0,0,1,0,0,0,0,1,0,0,1,1,0,1,0,1,1,0,1,1,0,0,1,0,1,0,1,0,1,0,0,1,1,0,1,1,0,1,0,1,0,1,0,0,0,0,0,1,1,0,0,1,0,0,0,1,0,1,1,1,1,1,1,1,1,0,0,1,0,0,1,1,1,1,1,1,1,0,1,1,0,1,1,0,1,1,1,1,0,1,1,1,1,0,0,1,0,0,0,0,0,0,0,1,1,0,1,1,0,1,0,0,0,1,0,1,1,0,1,1,1,1,0,1,1,0,0,0,1,0,1,1,1,0,1,1,1,0,1,1,1,0,0,0,0,0,1,1,1,1,0,0,0,0.0,-4482.519999999999,1
1,1,1,1,1,1,0,0,1,0,0,1,0,1,1,1,1,0,1,0,1,0,0,0,1,0,1,0,1,1,0,1,1,0,1,0,0,0,1,1,1,0,0,0,0,1,1,1,0,1,0,1,0,1,0,1,1,0,1,0,0,1,1,0,0,1,0,1,0,0,0,0,1,1,0,0,1,1,0,1,0,0,0,1,0,0,1,1,1,1,0,0,0,1,1,1,0,1,0,1,1,0,0,0,0,1,1,0,1,0,1,0,1,1,1,0,1,0,0,1,1,1,1,1,1,0,0,0,1,1,1,0,0,1,1,0,1,0,0,0,1,1,1,1,0,1,0,1,1,0,1,0,0,0,1,0,1,0,1,0,1,0,0,1,0,0,0,1,0,0,0,0,0,1,1,1,1,0,1,0,0.0,-4481.9,1
0,1,1,0,0,0,0,0,1,0,1,1,0,1,0,0,1,0,0,1,1,1,0,1,0,1,0,1,0,1,1,0,0,1,0,1,1,0,1,1,1,0,0,0,1,0,0,0,1,0,0,1,0,0,1,1,0,0,1,1,0,0,0,1,1,0,0,0,1,0,0,1,1,0,1,1,1,1,1,0,1,0,1,0,1,0,0,0,0,0,0,0,1,1,1,1,1,1,1,0,1,1,0,0,0,0,1,0,0,0,0,0,1,0,0,0,0,0,1,1,1,0,0,1,0,1,1,0,0,0,1,0,1,1,0,1,0,0,0,1,1,1,1,0,1,0,1,1,1,1,0,1,1,0,0,0,0,0,1,1,1,1,0,1,1,1,1,1,1,0,1,1,0,1,0,1,0,1,0,0,0.0,-4481.650000000001,1
1,0,1,0,0,1,0,0,1,0,1,1,0,1,1,0,0,0,0,1,1,1,0,1,0,1,0,0,0,1,0,0,1,1,1,1,0,0,1,1,0,0,0,0,1,1,0,1,0,1,0,1,0,0,1,1,0,0,1,1,0,1,0,1,1,1,1,1,0,0,0,1,1,0,1,1,1,1,1,0,0,0,1,0,0,1,1,0,0,1,0,0,1,1,1,0,0,0,1,0,1,0,1,0,0,1,1,0,0,0,0,0,1,0,0,0,0,0,0,1,0,0,0,1,0,1,1,0,1,0,1,0,1,1,0,1,0,0,0,1,1,0,1,0,1,0,0,0,0,0,1,0,1,1,0,0,1,1,1,0,0,1,0,0,1,1,1,0,1,0,1,1,0,1,0,0,0,1,1,1,0.0,-4481.09,1
0,0,1,0,1,1,0,0,1,0,1,1,0,1,0,1,1,0,1,0,1,0,0,0,1,1,1,0,1,1,1,1,1,0,1,0,0,0,0,1,1,1,1,0,0,1,1,1,0,0,0,1,0,0,0,1,0,0,1,1,1,1,1,0,0,1,0,0,0,0,0,0,1,0,1,1,1,1,1,0,0,0,1,0,0,1,0,0,1,0,1,0,0,1,1,1,0,0,1,1,1,0,0,0,0,1,1,1,1,0,0,1,1,1,1,0,1,1,0,1,0,0,1,1,1,0,0,0,1,0,1,0,0,1,1,0,1,0,0,0,1,1,1,0,1,1,1,1,1,0,0,1,0,0,0,0,1,0,0,1,0,1,0,0,0,0,1,0,1,0,0,0,0,1,1,1,1,0,0,0,0.0,-4481.000000000001,1
0,1,1,1,0,0,0,0,1,0,0,1,0,0,0,1,1,0,1,1,1,0,0,1,1,0,0,0,0,1,1,0,1,1,1,0,0,1,1,0,0,1,1,1,0,0,0,1,1,0,0,1,0,1,0,1,1,0,1,0,0,0,1,0,1,0,1,0,1,0,0,0,0,0,0,0,1,1,1,0,0,0,0,1,0,1,0,1,1,1,0,1,0,0,1,1,0,1,1,1,1,0,0,1,0,1,1,1,1,0,1,0,1,1,0,0,1,0,0,1,0,0,1,0,0,0,0,0,1,1,1,1,0,1,1,0,1,0,0,0,1,0,1,1,0,1,1,1,0,0,1,1,0,1,0,0,1,0,0,1,1,1,0,1,0,0,0,1,0,0,0,0,0,1,0,0,1,0,0,1,0.0,-4480.830000000002,1
1,1,1,1,1,1,1,0,1,0,1,0,0,0,0,1,1,1,1,0,0,0,1,0,1,1,1,1,1,0,1,0,0,0,1,0,1,0,0,1,1,1,1,0,0,0,1,0,1,0,1,1,1,1,0,0,1,1,1,0,0,0,1,0,0,1,0,0,0,1,0,0,1,0,0,1,1,1,0,0,1,0,1,0,1,0,0,1,1,1,1,0,0,1,1,1,0,0,1,1,1,1,0,0,0,1,1,1,1,0,1,0,0,1,1,1,1,0,1,0,1,0,1,0,1,0,0,0,0,1,1,0,0,1,1,0,1,0,0,0,0,1,1,1,1,1,1,1,1,0,1,1,0,0,1,0,0,0,0,1,1,0,0,0,0,0,0,0,0,0,0,0,0,1,1,1,1,0,0,0,0.0,-4479.979999999999,1
0,1,1,1,0,0,0,1,1,1,1,0,0,1,1,1,1,0,1,1,1,0,0,1,1,1,1,1,1,0,0,0,1,0,1,0,1,0,0,1,0,1,1,0,0,1,0,0,0,0,0,1,1,0,0,1,1,0,1,0,0,1,1,0,0,0,1,1,1,0,0,0,1,1,0,1,0,0,1,1,1,0,1,0,0,1,0,0,1,0,0,1,0,1,1,1,0,0,0,1,0,1,0,0,0,1,1,1,1,1,1,1,0,1,0,0,1,0,1,1,0,1,1,1,1,0,0,1,0,1,1,0,1,1,1,0,1,0,0,0,0,1,0,0,0,1,0,1,0,0,0,0,0,1,1,0,0,0,0,0,0,1,1,1,0,1,0,0,1,0,0,0,1,1,0,0,1,0,1,1,0.0,-4479.9299999999985,1
1,0,1,1,0,0,0,0,1,0,0,0,0,0,1,0,1,0,0,1,1,1,0,1,0,0,1,0,0,1,0,0,0,0,0,1,0,1,1,0,1,0,0,1,1,0,1,0,1,0,0,1,0,0,1,1,1,0,0,0,1,0,0,1,1,0,1,1,1,0,1,1,0,0,0,0,1,1,1,1,0,0,0,1,1,0,0,0,0,1,1,1,1,0,1,1,1,1,0,0,1,1,0,1,0,0,1,0,0,0,1,1,1,0,0,0,0,0,0,1,1,1,0,0,0,1,1,0,1,1,0,1,1,1,0,1,0,0,0,1,1,1,1,0,1,0,0,0,0,1,1,0,1,1,1,0,1,0,1,0,0,1,0,0,1,1,0,1,1,0,1,1,0,0,0,0,0,1,1,1,0.0,-4479.43,1
0,0,0,1,1,0,0,1,0,1,0,0,1,1,1,0,0,0,0,0,1,0,0,1,1,1,1,1,1,0,1,1,0,0,0,1,1,1,0,0,1,1,1,1,0,0,1,1,1,0,0,1,1,0,0,1,1,0,0,0,1,0,0,0,0,0,1,1,1,0,1,0,0,0,0,1,0,0,1,0,1,0,1,0,1,1,0,0,0,1,0,1,0,0,1,1,0,0,1,1,0,0,0,1,0,0,1,1,1,0,1,0,0,1,0,0,0,1,0,1,0,0,1,1,0,1,0,1,1,1,0,1,0,1,1,1,0,1,1,1,0,0,0,0,0,1,1,1,1,1,1,1,1,0,1,1,1,0,0,0,1,0,1,1,0,0,0,0,1,0,1,1,1,0,0,1,1,0,1,0,0.0,-4478.640000000001,1
0,1,0,0,0,1,1,1,0,1,1,1,1,0,0,1,0,1,1,1,1,1,0,1,1,1,1,0,0,0,0,0,0,0,1,0,0,0,0,1,1,0,0,0,0,0,0,0,1,0,1,0,1,0,0,0,0,1,0,1,0,0,1,1,1,1,0,0,0,1,1,1,1,1,1,1,0,0,1,0,1,1,1,0,1,0,0,0,1,0,1,0,0,1,0,1,1,1,1,0,1,1,0,0,1,0,0,0,1,1,0,1,0,1,0,1,1,0,1,1,1,0,0,0,0,0,1,1,0,0,0,0,0,0,0,0,1,1,1,0,0,1,0,0,1,1,0,0,1,1,0,1,0,0,0,1,0,0,1,1,0,1,1,1,0,1,1,1,1,1,0,0,0,0,0,1,0,0,0,0,0.0,-4478.57,1
0,1,1,1,1,1,1,1,0,1,0,1,1,1,1,1,1,1,1,0,0,0,1,0,0,1,0,1,1,0,0,1,0,1,1,0,1,1,0,0,0,1,0,1,0,0,1,0,1,1,1,1,1,1,1,0,1,1,1,0,0,0,1,1,0,1,1,1,0,1,0,1,0,1,0,1,0,0,0,0,1,1,1,0,1,0,1,0,1,0,0,0,0,0,1,0,0,0,1,0,0,1,1,1,0,0,1,0,0,0,1,0,0,0,1,1,1,0,1,0,1,0,0,1,1,0,1,1,0,1,1,1,0,1,0,0,1,0,0,0,0,0,0,0,1,1,1,0,0,1,0,1,0,1,1,0,0,1,0,0,1,0,0,0,1,1,0,0,0,1,0,0,1,1,1,0,0,0,1,1,0.0,-4478.299999999998,1
0,0,0,1,0,1,0,1,0,1,0,1,1,1,1,0,0,0,0,1,1,1,0,0,0,1,1,0,0,0,1,0,1,0,0,1,0,0,0,0,1,0,0,1,1,1,0,1,0,0,0,0,1,1,1,1,1,0,0,0,1,1,0,1,1,1,1,1,0,0,1,1,0,0,0,1,0,0,1,1,0,0,1,0,0,0,0,1,0,0,0,0,1,0,0,1,1,0,1,0,0,0,0,1,1,1,0,0,0,0,1,1,0,0,1,0,0,1,0,1,1,0,0,1,0,1,1,1,1,1,0,0,1,0,0,1,0,1,1,1,0,1,0,1,1,0,1,1,1,0,0,0,1,0,1,0,1,0,1,0,0,1,1,1,1,0,0,0,0,0,0,1,1,0,1,1,0,1,1,0,0.0,-4477.870000000001,1
1,1,0,1,0,1,0,1,0,1,1,0,1,0,1,0,0,0,0,1,1,1,0,1,0,1,1,1,0,0,0,0,1,0,0,1,0,0,0,1,0,0,1,0,1,1,1,1,0,0,0,0,1,1,1,1,0,0,0,1,0,1,0,0,1,1,1,1,0,0,1,0,1,1,0,1,0,0,1,0,1,1,1,0,0,0,0,0,0,0,1,0,1,1,0,1,0,0,1,1,0,0,0,0,1,1,1,0,1,1,1,1,0,0,0,0,0,1,0,0,1,0,1,0,0,1,0,1,1,1,0,0,1,0,1,1,0,1,1,1,0,0,0,0,0,0,0,1,0,0,0,0,1,1,1,1,1,0,1,0,0,1,1,0,1,0,0,0,0,1,1,1,1,0,0,0,1,1,1,1,0.0,-4477.56,1
0,0,0,1,1,1,0,0,1,1,0,1,0,1,1,1,0,0,1,0,1,0,0,0,0,0,1,1,1,1,0,1,1,0,1,0,1,1,1,0,1,1,1,1,0,1,0,0,0,1,0,0,0,1,1,1,1,0,0,0,1,1,0,0,0,1,1,1,0,0,1,1,0,1,0,0,1,1,1,1,1,1,0,1,0,0,1,1,1,0,0,0,0,0,0,0,1,1,0,0,0,1,1,1,1,0,0,1,1,1,1,0,1,0,1,0,1,1,1,1,1,1,1,1,1,0,0,1,0,1,0,1,1,0,1,1,1,1,1,1,1,1,0,1,0,1,0,1,1,1,0,0,0,0,1,0,0,1,0,0,1,0,0,1,1,1,0,1,0,1,1,0,1,0,1,1,1,0,1,0,0.0,-4477.299999999999,1
0,0,0,0,0,1,1,1,0,1,1,1,1,1,0,1,0,1,1,1,1,1,0,1,0,1,1,0,0,0,0,0,0,0,1,0,0,0,0,1,1,0,0,0,1,0,0,1,1,0,1,0,1,1,1,0,0,1,0,1,1,0,1,1,1,1,1,0,0,1,1,1,1,1,1,1,0,0,1,0,0,1,1,0,1,0,0,1,0,1,0,0,1,1,0,1,1,0,1,0,0,0,0,0,1,0,0,0,0,1,0,1,0,0,0,0,1,1,1,1,1,0,0,1,0,0,1,1,1,0,0,0,1,0,0,0,1,1,1,0,0,0,0,1,1,0,0,0,1,1,1,1,0,0,0,0,1,0,1,1,0,1,1,1,1,1,1,0,0,1,0,0,1,0,0,1,0,1,0,0,0.0,-4477.099999999999,1
0,1,0,0,1,1,0,0,1,0,1,0,0,1,0,1,0,0,1,0,1,0,0,1,1,0,1,1,1,1,0,1,1,0,1,0,1,1,1,0,1,1,0,1,0,1,1,0,0,1,0,0,0,0,0,1,0,0,0,1,0,1,1,1,0,1,1,0,0,0,1,1,1,1,1,0,1,1,1,1,1,1,0,1,0,1,1,1,0,0,1,1,0,0,0,0,1,1,0,0,1,1,1,1,1,0,0,1,0,0,0,1,1,1,0,0,1,1,1,1,0,1,0,1,1,0,1,0,0,0,0,1,0,0,0,0,1,1,1,0,1,1,1,1,1,1,1,0,1,1,0,1,0,0,0,1,0,1,0,1,0,0,0,1,0,1,1,1,1,1,0,0,0,0,0,1,0,0,1,0,0.0,-4476.809999999998,1
1,1,1,0,1,1,0,0,1,1,1,1,0,0,0,1,1,0,1,0,1,0,0,0,1,1,0,1,1,1,0,1,1,1,1,0,1,1,1,0,0,1,0,1,0,1,1,0,0,1,0,1,0,1,0,1,0,0,1,1,0,1,1,1,0,1,1,0,0,0,0,1,0,0,1,1,0,0,1,0,1,0,1,0,0,1,1,1,1,0,0,0,0,0,1,0,0,0,1,0,0,1,1,1,0,0,1,1,0,0,0,1,1,1,1,0,1,0,1,1,0,0,0,0,0,0,1,1,0,0,1,1,0,1,0,0,1,0,0,0,0,0,0,1,1,1,1,0,0,1,0,1,0,1,0,0,0,1,0,1,0,0,0,0,0,1,1,0,0,0,0,0,1,1,1,0,0,0,1,1,0.0,-4476.4699999999975,1
1,1,1,0,1,1,1,0,1,0,1,0,0,0,0,0,1,1,0,0,0,1,1,1,0,1,1,0,1,1,1,0,0,0,0,1,0,0,1,1,0,0,0,0,1,0,1,0,1,0,1,1,0,0,1,0,0,1,1,1,0,0,0,1,0,1,0,0,0,1,0,0,1,0,0,1,1,1,1,0,0,0,1,0,1,0,0,0,0,0,1,0,1,1,1,1,0,0,1,0,1,1,0,0,0,0,1,0,0,0,0,0,1,0,0,1,0,0,1,0,1,0,0,0,0,1,1,0,0,0,1,0,1,1,0,1,0,0,0,1,1,0,1,0,1,0,0,0,0,1,0,0,1,1,0,0,0,0,1,1,1,0,0,1,1,1,1,0,1,0,1,1,0,1,0,0,0,1,0,1,0.0,-4476.46,1
0,1,1,0,1,0,1,0,1,0,1,0,0,1,1,1,0,1,1,0,0,0,1,0,1,0,1,1,1,1,0,1,0,0,1,0,1,0,1,1,0,1,0,0,0,1,0,0,0,0,1,1,0,1,1,0,0,1,0,1,0,1,1,1,0,0,0,1,1,1,1,1,1,0,1,0,1,1,0,0,1,0,0,1,1,1,0,1,1,0,0,1,0,1,1,0,0,1,1,0,1,1,1,0,0,0,1,1,0,0,0,0,1,1,1,1,1,0,1,0,0,0,0,1,0,0,1,0,0,0,0,0,0,1,0,0,1,0,0,0,1,0,1,1,1,1,0,0,0,1,0,1,0,1,0,1,0,1,0,0,1,1,0,1,0,1,1,1,0,0,0,0,0,0,1,0,0,0,1,1,0.0,-4476.439999999999,1
1,0,1,0,0,1,0,0,1,0,1,0,0,0,1,1,0,0,1,1,1,1,0,1,1,1,1,0,0,1,0,0,1,0,1,0,0,0,0,1,0,0,1,0,0,1,1,1,0,0,0,1,1,1,0,1,0,0,0,1,1,1,1,0,1,1,1,1,0,0,1,0,1,0,1,1,1,1,1,1,0,1,1,0,0,1,0,1,1,1,1,0,0,1,1,1,0,0,1,1,1,0,0,0,0,1,1,0,1,0,0,1,1,1,0,0,1,0,0,1,0,0,1,0,1,0,0,0,1,0,0,0,0,1,1,0,1,0,0,0,1,1,1,1,0,1,1,1,0,0,1,1,0,1,0,0,1,0,1,0,0,1,0,0,0,0,1,0,0,1,0,0,0,0,0,0,1,0,1,1,0.0,-4475.5599999999995,1
1,1,1,1,1,0,0,1,0,1,0,1,1,1,1,1,1,0,1,0,1,0,0,0,1,1,1,0,1,0,0,1,1,0,1,0,0,1,0,0,0,1,0,1,0,1,1,0,0,1,0,1,1,0,0,1,1,0,1,0,0,1,1,1,0,0,0,1,1,0,0,1,0,1,1,1,0,0,1,0,0,1,1,0,0,0,1,0,1,1,0,0,0,0,1,0,0,1,1,0,0,1,1,1,0,1,1,1,0,0,1,1,0,1,0,0,1,0,1,1,1,0,0,1,1,0,1,1,0,1,1,1,0,1,0,0,1,0,0,0,0,0,0,0,1,1,1,0,0,0,1,1,0,1,1,1,0,1,0,0,0,0,1,1,0,1,0,1,1,1,0,0,1,1,1,0,0,0,1,1,0.0,-4475.179999999999,1
0,1,1,0,0,1,1,1,1,1,0,0,0,0,0,0,0,1,0,1,0,1,1,1,0,1,1,1,0,0,0,0,0,0,0,1,1,0,0,1,0,0,0,0,1,0,0,0,1,1,1,1,1,0,1,0,0,1,0,1,0,0,0,1,1,1,0,1,0,1,1,1,0,1,1,1,0,0,0,0,1,1,1,0,1,0,1,0,0,0,0,0,1,1,1,1,0,0,1,0,0,1,0,0,0,0,1,0,0,0,0,1,0,0,0,1,0,0,1,0,1,0,0,0,0,1,1,1,0,0,0,0,1,1,0,1,0,0,0,1,0,1,0,0,1,0,0,0,0,1,0,0,1,1,0,1,0,0,1,0,0,1,1,0,1,1,1,0,0,1,1,1,1,0,0,0,0,1,1,1,0.0,-4475.059999999999,1
0,0,1,0,0,1,0,0,1,0,1,0,0,0,0,0,1,0,0,1,1,1,0,1,0,1,1,0,0,1,0,0,0,0,0,0,0,0,1,1,0,0,1,0,1,0,1,0,1,0,0,1,0,1,1,1,0,0,1,1,1,0,0,0,1,1,0,0,0,0,0,0,1,1,1,1,1,1,0,0,0,0,1,0,1,1,0,1,0,1,1,0,1,1,1,1,1,0,1,1,1,1,0,0,0,1,1,0,1,0,0,1,1,0,0,0,0,0,1,1,0,0,1,0,1,1,0,0,0,0,1,0,1,1,1,1,0,0,0,1,1,0,1,1,0,0,1,1,0,0,1,1,1,1,0,0,0,0,1,1,0,1,1,0,1,0,1,0,0,0,1,1,0,1,0,0,1,1,0,1,0.0,-4474.129999999999,1
0,0,0,1,1,0,0,1,0,1,0,1,1,1,1,1,0,0,1,0,1,0,0,1,1,0,1,0,1,0,0,1,1,0,1,0,0,0,0,0,1,1,1,1,0,1,1,1,0,0,0,0,1,1,0,1,1,0,0,0,1,1,1,0,0,0,1,1,1,0,1,0,0,0,0,0,0,0,1,0,0,0,0,1,0,0,0,1,1,1,0,1,0,0,0,1,1,1,1,1,0,0,0,1,1,1,1,1,1,0,1,0,0,1,0,0,1,1,0,1,1,0,1,1,1,0,0,1,1,1,0,1,0,0,1,0,1,1,1,0,0,1,0,1,0,1,0,0,1,0,1,0,0,0,1,1,1,0,0,0,1,0,1,0,0,0,0,1,0,0,0,0,1,0,0,1,1,0,1,0,0.0,-4474.11,1
0,1,0,1,1,1,1,1,0,1,1,0,1,1,0,1,1,1,1,0,0,0,1,0,1,0,0,1,1,0,1,1,0,1,1,0,1,1,0,0,1,1,1,1,0,0,0,1,1,1,1,0,1,0,0,0,1,1,1,0,0,0,1,0,0,1,1,0,0,1,0,0,1,1,0,0,0,0,1,1,1,1,0,0,1,0,1,1,1,0,1,0,0,0,0,1,0,1,0,1,1,0,0,1,1,1,0,1,1,1,1,1,0,1,1,1,1,1,0,0,1,1,1,1,0,0,0,1,1,1,1,1,0,1,1,0,1,1,1,0,0,1,0,1,0,1,1,1,1,0,0,1,0,0,1,1,1,0,0,1,0,0,1,1,0,0,0,1,1,1,0,0,0,1,1,1,1,0,0,0,0.0,-4474.03,1
0,1,1,0,0,1,0,0,1,0,1,1,0,0,0,1,1,0,1,1,1,1,0,0,1,0,1,0,0,1,0,0,0,0,1,0,0,1,1,0,1,0,0,1,0,1,0,0,0,1,0,1,0,1,0,1,0,0,1,1,0,1,1,1,1,1,1,0,0,0,0,1,0,0,1,0,1,1,1,1,0,0,0,1,1,0,1,1,1,1,0,0,0,0,1,1,0,0,0,0,1,1,0,1,0,0,1,0,0,1,0,1,1,1,1,0,1,0,1,1,1,1,0,0,1,0,1,0,0,0,1,1,1,1,0,0,1,0,0,0,1,0,1,1,1,1,1,0,1,1,1,1,0,0,0,0,0,0,1,1,0,1,0,1,0,1,1,0,0,0,0,0,0,1,1,1,0,0,0,0,0.0,-4473.959999999999,1
0,1,1,0,0,1,0,0,0,0,0,0,1,1,0,0,1,0,0,1,1,1,0,1,0,0,0,0,0,1,0,0,1,1,0,0,0,1,1,0,0,0,1,1,1,1,1,1,0,1,0,1,0,0,1,1,0,0,1,1,0,1,0,0,1,1,1,0,0,0,0,0,0,0,1,0,1,1,1,1,0,0,0,1,0,0,1,0,0,1,1,0,1,0,1,1,0,1,0,1,1,0,0,1,0,1,0,0,1,0,0,1,1,0,0,0,0,1,0,1,1,1,1,1,1,1,0,0,1,0,1,1,1,1,1,1,0,0,0,0,1,1,1,0,0,0,0,0,0,0,0,0,1,1,0,0,1,0,1,1,0,1,0,1,1,0,1,1,1,0,0,1,0,1,0,0,1,1,0,1,0.0,-4473.67,1
0,0,1,0,0,0,0,0,1,0,1,1,0,0,0,1,1,0,1,1,1,1,0,1,1,1,0,1,0,1,0,0,1,1,1,0,1,0,1,1,1,0,1,0,0,1,1,0,0,1,0,1,0,0,0,1,0,0,1,1,1,1,1,0,1,0,0,0,1,0,0,0,1,0,1,1,1,1,1,1,1,0,1,1,0,0,1,1,1,0,1,1,0,1,1,1,0,0,0,1,1,1,0,0,0,1,1,0,0,0,0,1,1,1,0,0,1,0,1,1,1,1,1,0,1,0,0,0,0,0,1,0,0,1,1,0,1,0,0,0,1,1,1,1,0,1,0,1,1,0,0,1,0,0,0,0,0,0,1,1,0,1,0,0,0,1,1,0,0,0,0,0,0,1,0,1,1,0,1,0,0.0,-4473.589999999997,1
0,0,0,0,1,0,0,0,0,0,0,1,1,0,1,1,0,0,1,0,1,0,0,0,1,0,1,1,1,1,1,1,0,0,1,0,1,1,1,0,1,1,1,1,0,0,1,0,1,0,0,0,0,1,0,1,1,0,0,0,1,0,1,0,0,0,1,1,1,0,1,0,0,0,1,0,1,1,1,0,1,0,0,1,1,1,0,1,0,0,0,1,0,0,0,0,1,0,1,1,1,1,1,1,1,1,0,1,1,1,0,0,1,1,1,0,1,1,1,1,0,0,1,0,0,0,0,0,0,0,0,1,0,0,1,0,1,1,1,0,1,0,1,1,0,1,1,0,1,0,0,1,0,0,0,0,0,1,0,0,1,0,0,1,0,1,1,0,0,0,0,0,0,0,1,1,1,0,1,0,0.0,-4473.3099999999995,1
0,0,1,0,0,0,0,1,0,1,0,1,1,1,0,1,1,0,1,1,1,1,0,0,1,0,1,1,0,0,1,0,1,0,1,0,0,1,0,0,0,0,1,1,0,1,0,1,0,0,0,1,1,0,0,1,0,0,1,1,1,1,1,0,1,0,1,0,1,0,0,0,0,1,1,0,0,0,1,1,1,1,0,1,0,1,0,1,1,0,0,1,0,0,1,1,1,1,0,1,0,0,0,1,0,1,1,0,0,0,0,0,0,1,1,0,1,0,0,1,0,1,1,1,0,0,0,1,1,0,1,1,0,1,1,0,1,0,0,0,0,1,0,1,0,1,0,1,0,0,0,0,0,1,0,1,1,0,1,1,1,1,1,1,0,1,1,1,1,1,0,0,1,1,1,0,1,0,1,1,0.0,-4473.06,1
0,1,0,0,0,1,0,0,1,0,0,1,0,0,1,1,1,0,1,1,1,1,0,0,0,0,1,1,0,1,0,0,0,0,0,0,0,1,1,0,1,0,1,1,1,1,1,0,0,0,0,0,0,1,1,1,0,0,1,1,0,1,1,0,1,1,1,1,0,0,0,0,0,0,1,0,1,1,1,0,1,0,0,1,1,0,0,1,1,0,0,0,1,0,0,0,1,0,1,1,1,1,1,1,1,0,0,0,1,0,0,0,1,0,1,0,1,1,1,1,1,0,1,0,1,0,0,0,0,0,1,1,1,0,1,0,1,1,1,0,1,0,1,1,0,0,1,1,1,1,0,0,0,0,0,0,0,1,1,0,1,1,0,1,1,1,1,0,0,0,0,0,0,1,1,1,1,1,1,0,0.0,-4473.029999999999,1
0,1,0,0,1,1,0,0,1,0,1,1,0,0,0,0,0,0,0,0,1,0,0,0,0,0,0,0,1,1,0,1,1,1,0,1,0,0,1,1,0,1,1,0,1,1,0,0,0,0,0,0,0,0,1,1,0,0,0,1,0,1,0,0,0,1,0,0,0,0,1,0,1,0,1,0,1,1,1,0,0,0,0,1,0,1,0,1,1,1,0,1,1,1,0,0,1,1,1,1,1,1,1,0,1,0,0,1,0,1,0,0,1,0,1,0,0,1,1,1,0,0,1,0,0,1,0,0,0,0,0,0,1,0,1,1,0,1,1,1,1,0,1,1,0,0,1,1,0,1,1,0,1,1,0,0,0,1,0,1,1,0,0,1,1,0,1,1,0,0,1,1,0,0,1,0,1,1,0,1,0.0,-4472.889999999999,1
1,0,0,0,1,0,1,0,1,0,1,1,0,0,1,1,0,1,1,0,0,0,1,1,1,0,0,0,1,0,1,1,0,1,1,0,0,0,0,1,0,1,0,0,0,0,1,0,1,1,1,0,1,0,0,0,0,1,0,1,1,0,1,1,0,0,0,1,1,1,1,1,1,0,1,0,1,1,1,0,0,0,0,1,1,0,1,0,1,1,1,0,0,1,0,1,1,1,1,0,1,1,0,0,1,1,0,1,1,1,0,0,0,1,0,1,1,1,1,0,1,0,0,0,1,0,1,0,0,0,0,0,0,0,0,0,1,1,1,0,1,0,1,0,1,1,1,0,0,0,1,1,0,1,0,0,0,0,0,0,1,0,0,1,0,1,1,1,1,0,0,0,0,0,0,0,0,0,1,1,0.0,-4472.59,1
0,0,1,1,0,1,0,0,1,0,1,1,0,0,1,1,0,0,1,1,1,1,0,1,1,1,1,1,0,0,0,0,1,0,1,0,1,0,0,1,0,0,0,0,0,1,1,0,0,0,0,1,1,1,0,1,1,0,0,0,1,1,1,1,1,1,1,1,0,0,1,1,1,0,0,1,1,1,1,0,1,0,1,0,0,1,0,1,1,1,0,0,0,1,1,1,0,0,1,0,1,1,0,0,0,1,1,0,0,0,1,0,0,1,0,0,1,0,1,1,0,0,0,0,0,0,1,0,0,1,0,0,0,1,0,0,1,0,0,0,1,0,1,1,1,1,0,1,0,0,1,1,0,1,1,0,0,0,1,0,1,1,0,1,0,1,0,0,0,0,0,0,0,0,0,0,0,0,1,1,0.0,-4472.469999999999,1
1,1,0,0,0,1,0,0,0,0,0,0,1,0,1,0,0,0,0,1,1,1,0,1,0,0,0,0,0,1,0,0,0,1,0,1,0,1,1,0,1,0,1,1,1,1,1,0,0,0,0,0,0,0,1,1,0,0,1,1,0,1,0,0,1,1,1,1,0,0,1,0,0,0,1,0,1,1,1,1,0,0,0,1,1,0,0,0,1,1,1,0,1,0,0,1,1,1,0,1,1,1,0,1,1,1,0,0,1,1,0,0,1,0,0,0,0,1,1,0,1,1,1,0,0,1,0,0,0,0,0,1,1,0,1,1,0,1,1,1,1,1,1,0,0,0,1,1,1,0,0,0,1,0,0,1,0,0,1,0,1,1,0,1,1,1,1,1,1,0,1,1,0,1,0,1,1,1,1,0,0.0,-4471.95,1
0,0,0,0,0,1,0,1,1,1,1,1,0,1,0,0,0,0,0,1,1,1,0,1,0,0,1,0,0,0,0,0,1,0,0,1,0,0,1,1,1,0,1,0,1,1,1,0,0,0,0,0,1,0,1,1,0,0,1,1,1,1,1,0,1,1,0,0,0,0,1,0,1,0,1,0,0,0,1,1,0,0,0,1,0,0,0,0,0,1,1,0,1,1,0,1,1,0,0,1,0,1,0,0,1,0,0,0,1,1,0,0,0,0,0,0,0,0,1,1,1,1,1,1,1,1,0,1,0,0,0,0,1,0,1,0,0,1,1,0,0,0,0,0,0,0,1,1,1,1,1,0,1,0,0,1,0,0,1,1,1,1,1,0,1,1,1,0,1,0,0,1,1,1,0,1,1,1,0,0,0.0,-4471.709999999999,1
0,1,0,1,1,1,1,1,0,1,0,1,1,1,1,1,1,1,1,0,0,0,1,1,1,0,1,1,1,0,1,1,0,0,1,0,1,1,0,0,1,1,1,1,0,0,0,1,1,1,1,0,1,1,0,0,1,1,1,0,0,0,1,0,0,1,0,1,0,1,0,0,0,0,0,0,0,0,0,1,1,0,0,1,1,0,1,0,0,0,1,0,0,0,0,0,0,0,0,1,1,0,1,1,1,1,0,1,1,1,1,0,0,1,0,1,1,1,0,0,1,1,1,1,1,0,0,1,1,1,1,1,0,0,1,0,1,1,1,1,0,0,0,0,0,1,0,1,1,0,0,1,0,0,1,1,1,1,0,0,1,0,0,1,0,0,0,0,1,0,1,0,0,1,0,1,1,0,1,0,0.0,-4471.680000000001,1
0,1,0,0,1,0,0,0,1,0,1,0,0,1,1,1,0,0,1,0,1,0,0,0,1,1,0,1,1,1,1,1,1,1,1,0,1,0,1,1,0,1,0,0,0,1,0,0,0,0,0,0,0,0,0,1,0,0,0,1,0,1,1,1,0,0,1,1,1,0,1,1,1,0,1,1,1,1,0,0,1,0,1,0,0,1,0,0,1,0,0,1,0,1,0,0,1,0,1,0,1,1,1,0,1,0,0,1,0,0,0,0,1,1,1,0,1,1,1,1,0,0,0,1,0,0,1,0,0,0,0,0,0,0,0,0,1,1,1,0,1,0,1,0,1,1,1,0,1,1,0,0,0,0,0,0,0,0,0,0,1,0,0,1,0,1,1,0,0,0,0,0,0,0,1,1,0,0,1,1,0.0,-4471.679999999999,1
0,0,1,0,0,1,0,0,1,0,0,1,0,1,1,0,1,0,0,1,1,1,0,0,0,0,1,0,0,1,0,0,1,0,0,1,0,1,1,0,0,0,1,1,1,1,1,0,0,0,0,1,0,0,1,1,0,0,0,1,1,1,0,0,1,1,0,1,0,0,0,0,0,0,1,0,1,1,1,1,0,0,0,1,0,0,0,0,0,1,0,0,1,0,1,1,1,1,0,1,0,1,0,1,0,1,1,0,1,0,0,1,1,0,1,0,0,0,0,1,1,1,1,1,0,1,0,0,1,0,1,1,0,1,1,1,0,0,0,1,1,0,1,0,0,0,0,1,0,0,1,1,1,1,0,0,1,0,1,0,0,1,0,0,1,1,1,1,1,0,1,1,1,0,1,0,1,1,1,1,0.0,-4471.560000000001,1
0,1,1,1,1,1,0,0,1,0,1,0,0,1,1,1,0,0,1,0,1,0,0,1,1,1,1,1,1,1,0,1,1,0,1,0,1,1,1,1,0,1,0,0,0,1,0,1,0,0,0,1,0,1,0,1,1,0,0,0,0,1,1,1,0,1,0,1,0,0,1,1,1,0,0,1,1,1,0,0,0,0,1,0,0,0,0,1,1,1,0,0,0,1,1,0,0,1,1,0,1,0,1,0,0,1,1,1,0,0,1,0,1,1,0,0,1,0,0,1,1,0,0,1,1,0,1,0,1,1,0,0,0,1,0,0,1,0,0,0,1,0,1,1,1,1,0,0,0,0,1,1,0,1,1,0,1,1,0,0,1,0,1,0,0,1,0,1,0,0,0,0,0,0,0,0,0,0,1,1,0.0,-4470.38,1
0,1,1,0,1,1,0,1,0,1,0,0,1,0,1,1,1,0,1,0,1,0,0,0,0,0,1,1,1,0,1,1,1,0,1,0,1,1,0,0,0,1,1,1,0,1,1,1,0,1,0,1,1,0,1,1,0,0,1,1,0,1,1,0,0,1,1,1,0,0,0,0,0,1,1,0,0,0,0,1,1,1,0,1,0,1,1,0,1,0,0,1,0,0,1,0,0,0,0,1,0,0,1,1,0,1,1,1,1,1,0,1,0,0,1,0,1,0,0,1,0,1,1,0,1,0,0,1,1,0,1,1,1,1,1,0,1,0,0,0,0,0,0,0,0,1,1,1,0,0,0,1,0,1,0,0,1,1,0,0,0,0,1,1,1,0,1,0,1,1,0,0,1,1,1,0,1,0,1,1,0.0,-4469.450000000001,1
0,1,0,0,1,0,0,1,0,1,1,1,1,0,1,0,0,0,0,0,1,1,0,1,0,0,1,1,1,0,0,1,1,0,0,1,1,0,0,1,1,0,1,0,1,1,0,1,0,0,0,0,1,0,1,1,0,0,0,1,0,1,0,0,0,0,1,1,1,0,1,1,1,1,1,0,0,0,1,1,1,1,0,1,0,1,0,0,0,0,1,1,1,1,0,1,1,1,0,0,0,0,0,0,1,1,0,0,0,0,0,0,0,0,0,0,0,1,0,1,0,1,0,0,0,1,1,1,1,0,0,0,0,0,0,1,0,1,1,1,0,1,0,0,1,0,1,0,1,0,0,1,1,0,0,1,1,0,1,0,1,0,1,1,1,0,1,1,1,1,1,1,1,0,0,1,0,1,1,0,0.0,-4469.270000000001,1
0,1,1,1,1,0,0,1,0,1,0,1,1,0,0,1,1,0,1,0,1,0,0,0,1,0,0,1,1,0,0,1,1,1,1,1,1,1,0,0,1,1,1,1,0,1,1,1,0,0,0,1,1,0,0,1,1,0,1,0,0,1,1,0,0,0,1,0,1,0,0,0,0,1,0,0,0,0,0,0,1,1,0,1,0,1,0,0,1,1,1,0,0,0,1,1,0,1,0,1,0,0,0,1,0,1,1,1,1,0,1,0,0,1,1,0,1,0,0,1,0,1,1,0,1,0,0,1,1,1,1,1,0,1,1,0,1,0,0,0,0,1,0,0,0,1,1,1,0,0,1,1,0,1,1,1,1,0,0,1,1,0,1,0,0,0,0,1,1,1,0,0,1,1,1,0,1,0,0,1,0.0,-4468.900000000001,1
0,0,1,0,1,1,0,0,1,0,1,1,0,0,1,1,1,0,1,0,1,0,0,1,0,1,0,1,1,1,0,1,1,1,1,0,1,0,1,1,0,1,1,0,0,1,0,0,0,1,0,1,0,1,1,1,0,0,0,1,1,1,1,1,0,1,0,1,0,0,0,1,1,1,1,1,1,1,1,0,1,0,1,0,0,0,1,1,1,0,0,0,0,1,1,1,0,0,1,0,1,1,0,0,0,0,1,1,0,0,0,1,1,0,0,0,1,0,1,1,1,0,0,0,1,0,1,0,0,0,1,0,1,1,0,0,1,0,0,0,1,0,1,0,1,1,0,0,0,1,1,0,0,1,0,0,0,0,0,0,0,0,0,0,1,0,1,0,0,0,0,0,0,0,0,0,0,0,0,1,0.0,-4468.859999999999,1
0,1,0,1,1,0,1,1,0,1,1,1,1,1,1,1,0,1,1,0,1,0,0,1,1,1,1,1,1,0,1,1,0,0,1,0,1,1,1,0,1,1,1,1,0,0,0,1,1,0,1,1,0,1,0,0,1,1,0,0,0,0,1,0,0,0,0,1,1,1,1,0,1,0,0,1,0,0,1,0,1,0,1,0,1,1,0,1,1,0,0,1,0,0,1,1,1,0,1,1,0,0,0,0,0,1,1,1,1,0,1,0,0,1,0,1,1,1,0,1,0,0,1,1,1,0,0,1,1,1,0,1,0,1,1,0,1,1,1,0,0,0,0,1,0,1,1,1,1,0,0,1,0,0,1,1,1,0,0,0,1,0,1,1,0,1,0,0,0,0,0,0,1,0,0,1,1,0,1,0,0.0,-4468.79,1
0,1,1,1,1,1,0,1,0,1,0,0,1,1,1,1,1,0,1,0,1,0,0,0,1,1,1,0,1,1,0,1,1,0,1,0,0,1,1,0,0,1,1,1,0,1,1,0,0,0,0,1,0,1,0,1,1,0,1,0,0,1,1,0,0,1,1,1,0,0,0,0,0,1,0,1,0,0,1,0,0,1,1,0,0,1,0,1,1,0,1,1,0,0,1,1,0,0,1,1,0,1,0,1,0,0,1,1,1,0,1,1,1,1,1,0,1,0,1,1,0,0,1,1,1,0,0,1,0,1,1,1,0,1,1,0,1,0,0,0,1,0,0,1,0,1,0,1,0,1,0,1,0,1,1,1,0,0,0,0,0,0,1,1,0,1,0,0,0,1,1,0,1,1,1,0,1,0,1,1,0.0,-4468.249999999998,1
1,0,1,1,0,1,0,0,1,0,1,0,0,0,1,1,1,0,1,1,1,1,0,0,0,0,1,0,0,1,0,0,0,0,1,0,0,0,1,1,0,0,1,0,1,0,1,1,1,1,0,1,0,1,1,1,1,0,1,0,1,0,1,0,1,1,0,1,0,0,0,1,1,0,0,0,1,1,0,1,0,0,0,1,1,0,1,1,0,1,0,0,0,1,1,1,0,1,0,0,1,0,0,0,0,1,1,0,1,0,1,0,1,0,1,0,1,0,0,1,1,1,1,0,1,0,0,0,1,1,1,0,1,1,1,0,1,0,0,0,1,1,1,1,0,0,1,1,0,0,1,1,0,1,1,0,1,0,1,0,1,1,0,1,1,1,0,1,0,0,0,0,0,1,1,0,1,1,1,1,0.0,-4467.940000000001,1
0,0,0,1,1,0,0,1,0,1,0,1,1,0,1,1,0,0,1,0,1,0,0,1,1,0,1,1,1,0,0,1,0,0,1,0,1,1,0,0,1,1,1,1,0,0,1,0,1,1,0,1,1,1,0,1,1,0,0,0,1,0,1,1,0,0,0,1,1,0,1,1,0,1,0,0,0,0,1,1,1,1,0,1,1,1,1,1,1,0,1,1,0,0,0,1,1,0,1,0,0,1,0,1,1,0,1,1,0,1,1,1,0,1,0,0,1,1,1,1,0,0,0,0,0,0,1,1,0,1,0,1,0,0,0,0,1,1,1,0,0,1,0,1,1,1,0,0,1,1,0,1,0,0,1,0,0,0,0,0,0,0,1,0,0,1,0,0,0,1,0,0,1,0,0,1,0,0,1,0,0.0,-4466.829999999998,1
0,1,0,1,0,0,0,0,1,0,1,1,0,1,1,0,0,0,0,1,1,1,0,0,0,1,0,1,0,1,0,0,1,1,0,1,1,0,0,1,1,0,0,0,1,1,0,0,0,0,0,1,0,1,1,1,1,0,0,0,0,1,0,1,1,0,1,1,1,0,1,1,1,0,0,1,1,1,1,0,1,0,1,0,0,1,0,1,0,1,0,1,1,1,0,1,1,0,1,0,1,1,0,0,1,1,1,0,1,0,1,1,1,0,1,0,0,1,1,1,0,0,0,1,0,1,0,0,0,1,0,0,0,0,1,1,0,1,1,1,1,0,1,1,0,0,1,0,1,0,1,1,1,0,1,1,0,0,1,0,0,1,0,0,1,1,0,0,0,0,1,1,0,0,1,1,1,1,1,0,0.0,-4466.820000000001,1
1,1,0,1,1,0,0,1,0,1,0,1,1,1,1,0,0,0,0,0,1,0,0,0,1,1,1,1,1,0,0,1,0,0,0,0,1,1,0,0,0,1,1,1,0,1,0,0,0,1,0,0,1,1,0,1,1,0,0,0,0,1,0,0,0,0,0,1,1,0,1,0,0,0,0,1,0,0,0,0,1,0,1,0,1,1,1,0,1,1,1,1,0,0,0,1,0,0,1,1,0,1,0,1,1,1,0,1,1,1,1,0,0,1,1,0,0,1,1,1,0,0,1,1,0,1,0,1,0,1,0,1,0,0,1,1,0,1,1,1,0,0,0,0,0,1,1,1,0,0,0,1,1,1,1,1,0,0,0,0,1,0,1,1,0,1,0,0,0,0,1,0,1,0,1,0,1,0,1,1,0.0,-4466.739999999999,1
0,0,1,1,0,1,0,0,1,0,1,0,0,0,1,1,1,0,1,1,1,0,0,1,0,0,0,1,0,1,1,0,0,1,1,0,1,0,0,1,0,1,1,0,0,0,1,0,1,0,0,1,0,1,1,1,1,0,1,0,1,0,1,0,1,1,1,1,0,0,0,0,1,0,0,0,1,1,1,1,1,0,0,1,1,0,0,0,1,0,0,0,0,1,1,1,0,0,0,1,1,1,0,0,0,1,0,1,1,0,1,0,1,0,0,0,1,0,1,1,1,1,1,0,1,0,0,0,0,1,1,0,0,1,1,0,1,0,0,0,1,1,1,0,0,1,0,1,0,0,0,1,0,1,1,0,0,0,0,0,1,1,0,0,0,1,0,0,0,0,0,0,0,1,0,0,1,0,1,1,0.0,-4466.46,1
0,0,1,0,0,0,0,0,1,0,1,1,0,0,1,0,1,0,0,1,1,1,0,0,0,1,1,1,0,1,1,0,1,0,0,1,1,0,1,1,1,0,1,0,1,1,1,0,0,0,0,1,0,1,1,1,0,0,0,1,1,1,0,0,1,0,0,1,1,0,0,0,1,1,0,1,1,1,1,0,1,1,1,0,0,1,0,1,0,0,1,1,1,1,1,1,0,0,1,1,1,1,0,0,0,1,1,0,1,0,0,0,1,0,1,0,0,0,1,1,0,0,1,0,0,1,0,0,0,0,1,0,1,1,1,1,0,0,0,1,1,0,1,1,0,0,1,0,1,0,0,0,1,0,0,0,0,0,1,0,0,1,1,1,1,1,1,0,0,1,1,1,0,0,1,1,1,1,1,0,0.0,-4466.409999999999,1
1,1,1,0,0,1,0,0,1,0,1,1,0,1,0,0,1,0,0,1,1,1,0,1,0,0,1,0,0,1,0,0,0,0,0,1,0,1,1,0,0,0,1,1,1,1,1,1,0,1,0,1,0,1,1,1,1,0,1,0,0,1,0,0,1,1,1,0,0,0,0,0,1,0,1,0,1,1,1,0,1,0,0,1,1,0,1,0,0,0,1,0,1,0,1,1,0,0,1,1,1,0,0,1,0,1,1,0,0,0,0,1,1,0,0,0,0,0,0,1,1,0,1,1,0,1,0,0,1,0,1,1,0,1,1,1,0,0,0,1,1,0,1,0,0,0,0,1,0,0,0,0,1,1,0,0,1,0,1,1,0,1,0,0,1,0,1,0,0,0,1,1,0,1,0,0,1,1,0,1,0.0,-4466.230000000001,1
0,1,0,0,0,0,1,1,0,1,1,1,1,0,0,0,0,1,0,1,0,1,1,1,0,0,1,0,0,0,0,0,1,0,0,1,0,1,0,0,1,0,1,1,1,0,1,0,1,0,1,0,1,1,1,0,0,1,0,1,0,0,0,0,1,0,0,0,0,1,1,0,1,1,1,0,0,0,0,1,0,0,0,1,0,0,0,0,0,1,0,0,1,0,0,0,1,0,0,1,0,1,1,1,1,1,1,0,1,0,0,0,0,0,0,1,0,1,1,0,1,1,1,0,1,1,0,1,0,0,0,1,1,0,1,1,0,1,1,1,0,1,0,0,0,0,0,1,1,0,1,0,1,0,0,1,0,1,1,1,1,1,1,0,1,0,1,0,1,0,1,1,1,0,0,1,1,1,0,0,0.0,-4466.129999999999,1
1,1,1,0,0,1,0,0,1,0,1,1,0,0,0,1,1,0,1,1,1,0,0,0,0,0,1,0,0,1,0,0,1,0,0,0,0,0,1,1,1,1,1,0,0,1,1,0,0,1,0,1,0,1,1,1,0,0,1,1,0,1,1,0,0,1,1,0,0,0,0,0,1,1,1,0,1,1,0,1,0,1,0,1,0,0,1,1,1,1,1,0,0,1,1,1,0,0,0,1,1,1,0,0,0,1,1,1,1,0,0,0,1,0,1,0,1,0,0,1,1,1,1,0,1,0,0,0,0,0,1,0,1,1,1,0,1,0,0,0,1,1,1,1,0,1,0,1,1,0,1,0,0,0,0,0,0,0,0,1,1,1,0,1,1,1,1,0,0,1,0,0,0,1,1,1,1,0,0,0,0.0,-4466.019999999998,1
1,0,0,1,0,0,0,0,1,0,1,0,0,0,1,1,0,0,1,1,1,1,0,0,1,1,0,0,0,1,0,0,0,1,1,0,0,0,1,1,1,0,1,0,0,1,0,0,0,1,0,0,0,1,0,1,1,0,0,0,1,1,1,0,1,0,0,1,1,0,1,0,1,0,0,1,1,1,0,0,0,0,1,0,1,1,1,1,1,1,1,1,0,1,0,0,1,1,1,1,1,1,1,0,1,1,0,0,1,1,1,0,1,1,1,0,1,1,1,1,0,0,1,0,1,0,0,1,0,1,0,0,0,0,1,0,1,1,1,0,1,0,1,1,0,1,1,1,1,0,1,1,0,0,1,0,0,1,1,0,1,1,0,1,0,1,0,1,0,0,0,0,0,0,1,1,1,0,1,0,0.0,-4465.61,1
1,0,0,1,0,0,0,1,0,1,0,1,1,0,1,0,0,0,0,1,1,0,0,0,1,1,1,0,0,0,1,0,0,0,0,1,0,0,0,1,1,1,0,0,0,0,0,0,1,0,0,0,1,0,0,1,1,0,0,0,1,1,0,1,1,0,1,1,1,0,1,1,0,1,0,1,0,0,1,1,0,1,1,0,1,1,0,0,0,1,0,1,0,1,0,1,1,0,0,0,0,1,0,1,1,0,1,1,0,1,1,0,0,1,1,0,0,1,1,1,0,1,0,0,0,1,1,1,0,1,0,0,0,0,0,1,0,1,1,1,0,1,0,0,1,1,1,0,1,1,1,1,1,0,1,1,0,0,0,0,1,1,1,0,0,1,0,0,1,1,1,1,1,0,1,1,0,0,1,0,0.0,-4465.510000000001,1
1,1,0,0,0,0,0,1,0,1,1,1,1,0,0,1,0,0,1,1,1,0,0,1,1,1,1,0,0,0,1,0,0,0,1,1,0,1,0,0,1,1,0,1,0,0,1,0,1,0,0,0,1,0,0,1,0,0,0,1,0,0,1,1,1,0,1,0,1,0,1,1,0,1,1,1,0,0,1,1,0,1,1,0,1,1,0,0,1,1,1,1,0,0,0,1,1,1,0,0,0,1,0,1,1,0,0,1,0,0,0,1,0,1,0,0,1,0,1,1,0,1,0,0,0,0,1,1,0,0,0,1,0,0,0,0,1,1,1,0,0,1,0,0,1,1,0,1,1,1,1,1,0,0,0,1,0,0,0,1,0,1,1,1,0,0,1,1,1,1,0,0,1,0,0,1,0,0,0,0,0.0,-4465.219999999999,1
1,0,1,1,1,0,0,1,0,1,1,0,1,1,0,1,1,0,1,0,1,0,0,0,1,1,1,0,1,0,0,0,1,0,1,0,0,1,0,0,0,1,1,1,0,1,1,1,0,1,0,1,1,0,0,1,1,0,1,0,1,1,1,0,0,0,0,0,1,0,0,0,1,0,0,1,0,0,1,0,0,0,1,1,0,1,1,1,1,0,1,1,0,0,1,0,0,0,1,1,0,0,1,0,0,0,1,1,1,0,1,0,0,1,1,0,1,0,0,1,0,0,1,1,0,0,0,1,1,1,1,1,0,1,1,0,1,0,0,0,0,0,0,1,0,1,0,1,0,1,0,1,0,1,1,1,1,1,0,1,1,0,1,0,0,0,0,0,0,0,0,0,1,1,1,0,1,0,0,1,0.0,-4464.660000000001,1
1,1,1,0,0,0,1,0,1,0,1,1,0,0,0,1,1,1,1,1,0,1,1,1,1,1,1,0,0,1,1,0,1,0,0,0,0,0,1,1,0,0,0,0,0,1,1,1,0,0,1,1,0,0,0,0,0,1,1,1,0,1,1,1,1,0,0,0,1,1,0,0,1,0,1,1,1,1,0,1,0,0,1,0,0,1,0,0,1,1,1,1,0,1,1,0,0,0,0,1,1,0,1,0,0,1,1,0,0,0,0,0,1,1,0,1,1,0,0,0,0,1,0,0,0,0,1,0,1,0,1,0,0,1,0,0,1,0,0,0,1,1,1,0,1,1,0,0,0,0,0,0,0,1,0,1,1,1,1,1,1,1,0,0,0,1,1,0,1,0,0,0,0,1,0,0,0,0,0,1,0.0,-4463.749999999999,1
1,0,0,0,0,0,0,1,0,1,0,1,1,0,0,1,1,0,1,1,1,0,0,0,1,0,1,0,0,0,0,0,0,0,1,0,0,1,0,0,1,1,0,1,0,1,1,0,0,0,0,0,1,0,0,1,0,0,1,1,0,1,1,1,1,0,1,0,1,0,0,1,0,1,1,0,0,0,0,1,0,1,0,1,1,1,0,0,1,1,1,0,0,0,0,1,1,1,0,0,0,1,0,1,1,0,0,1,0,1,0,1,0,1,1,0,1,1,1,1,0,1,0,0,0,0,1,1,0,0,1,1,0,0,0,0,1,1,1,0,0,1,0,0,0,1,1,0,1,1,0,1,0,0,0,1,0,0,0,1,0,1,1,0,0,1,1,1,1,1,0,0,1,1,1,1,0,0,0,0,0.0,-4462.919999999998,1
0,1,1,1,1,0,1,1,0,1,1,0,1,0,0,0,1,1,0,0,0,1,1,1,0,1,0,1,1,0,1,1,1,1,0,1,1,1,0,1,0,0,1,0,1,1,0,0,0,1,1,1,1,0,1,0,1,1,1,0,0,1,0,0,1,0,1,0,1,1,0,0,1,0,0,1,0,0,1,1,1,0,1,0,0,0,1,0,0,0,0,1,1,1,1,0,0,0,0,1,0,1,1,0,0,1,1,0,1,0,1,0,0,0,0,1,0,0,1,0,1,1,1,0,0,1,0,1,0,1,1,1,1,1,1,1,0,0,0,1,0,1,0,0,0,0,0,1,0,0,0,0,1,1,1,1,0,1,1,1,1,0,1,0,1,1,0,0,1,0,1,1,1,1,0,0,1,1,0,1,0.0,-4462.8099999999995,1
0,1,0,0,1,1,1,1,0,1,1,0,1,1,0,1,0,1,1,0,1,0,0,1,1,1,1,0,1,0,1,1,1,0,1,0,0,0,0,1,0,1,0,0,0,0,0,1,1,0,1,0,1,0,0,0,0,1,0,1,0,0,1,1,0,1,0,0,0,1,1,1,1,0,1,1,0,0,1,0,0,1,1,0,0,1,0,0,1,1,0,1,0,1,0,1,0,0,1,0,0,0,0,0,1,0,0,1,0,1,0,1,0,1,0,1,1,1,0,1,0,0,0,1,0,0,1,1,1,0,0,0,0,0,0,0,1,1,1,0,0,0,0,0,1,1,0,0,0,0,1,1,0,1,0,1,1,0,0,1,0,0,1,1,0,1,1,0,1,1,0,0,1,0,0,0,0,0,0,1,0.0,-4462.31,1
0,1,1,0,0,0,0,1,0,1,1,0,1,0,0,1,1,0,1,1,1,0,0,1,1,0,1,0,0,0,0,0,1,0,1,0,0,0,0,1,1,1,0,0,0,1,1,0,0,0,0,1,1,0,1,1,0,0,1,1,0,1,1,1,1,0,1,0,1,0,0,1,1,1,1,0,0,0,1,1,0,1,0,1,0,0,0,0,1,1,0,0,0,1,1,0,1,1,0,0,0,1,1,0,0,1,1,0,0,0,0,0,0,1,0,0,1,0,1,1,1,1,0,0,1,0,1,1,0,0,1,0,0,1,0,0,1,0,0,0,0,1,0,0,1,1,1,0,0,0,1,1,0,1,0,1,0,1,0,1,1,1,1,1,0,1,1,1,1,1,0,0,1,1,0,0,0,0,0,1,0.0,-4462.28,1
0,1,1,1,0,1,0,0,1,0,1,1,0,1,1,0,0,0,0,1,1,1,0,1,0,1,1,0,0,1,0,0,1,0,0,1,1,0,1,1,1,0,1,0,1,1,0,0,0,1,0,1,0,0,1,1,1,0,0,0,0,1,0,0,1,1,0,1,1,0,1,0,1,1,0,1,1,1,1,1,0,1,1,0,0,0,1,0,0,1,0,1,1,1,1,1,1,1,0,1,1,1,0,0,0,1,1,0,1,0,1,1,1,0,0,0,0,0,1,1,1,1,1,1,0,1,0,0,0,1,0,0,1,1,1,1,0,0,0,1,1,1,0,0,0,0,1,1,1,0,1,0,1,0,1,0,0,0,1,0,0,1,0,1,1,1,0,1,1,1,1,1,0,0,0,1,1,1,1,0,0.0,-4462.169999999999,1
1,0,0,1,0,1,0,0,1,0,1,1,0,1,1,0,1,0,0,1,1,1,0,0,0,0,1,0,0,1,0,0,1,0,0,1,0,0,0,1,1,0,1,0,1,1,0,0,0,0,0,1,1,0,0,1,1,0,1,0,1,1,0,0,1,1,0,1,0,0,0,1,1,0,0,0,1,1,1,1,0,0,0,1,0,0,0,0,0,1,0,0,1,1,1,0,0,1,0,0,1,1,1,0,0,1,1,0,0,0,1,0,1,0,1,0,0,0,1,1,1,1,1,1,0,1,0,0,0,1,1,0,1,1,1,1,0,0,0,1,1,0,1,0,0,0,1,1,1,0,1,0,1,0,1,0,0,1,1,0,1,1,0,1,1,1,0,1,1,0,1,1,0,1,1,1,1,1,1,0,0.0,-4462.030000000001,1
1,1,0,1,1,1,1,0,1,0,1,1,0,0,1,1,1,1,0,0,0,0,1,1,1,0,1,1,1,1,1,1,0,0,0,0,1,0,1,1,1,1,0,0,0,0,1,1,1,0,1,0,0,0,0,0,1,1,1,0,0,0,0,1,0,1,0,1,0,1,0,1,1,0,0,0,1,1,1,0,1,0,0,1,1,0,0,0,0,0,0,0,0,1,0,0,0,0,0,0,1,0,1,0,1,0,0,1,0,1,1,1,1,1,0,1,1,1,0,0,1,1,0,0,0,0,1,0,1,1,1,0,0,1,0,1,1,1,1,1,1,0,1,0,1,1,0,0,1,1,0,1,0,0,1,1,1,1,0,0,0,0,0,1,0,0,0,0,1,0,1,0,0,1,0,1,0,0,1,0,0.0,-4461.380000000001,1
0,1,1,1,0,0,0,1,0,1,0,1,1,1,1,0,1,0,0,1,1,1,0,0,0,0,1,0,0,0,0,0,1,0,0,1,0,0,0,1,0,0,0,0,1,1,1,0,0,0,0,1,1,0,1,1,1,0,1,0,0,1,0,1,1,0,0,1,1,0,0,1,0,0,0,0,0,0,1,0,0,0,0,1,0,1,0,0,0,1,1,1,0,1,1,0,0,1,1,0,1,1,1,1,0,1,1,0,1,0,1,0,0,0,1,0,0,0,1,1,0,0,0,1,0,1,1,1,0,1,1,0,1,1,0,1,0,0,0,1,0,1,0,0,1,0,0,0,0,0,1,0,1,1,1,1,0,1,1,0,1,1,1,1,1,1,0,1,1,0,1,1,0,1,1,0,0,1,1,1,0.0,-4461.310000000001,1
1,1,0,1,1,1,0,0,1,0,0,1,0,0,1,1,0,0,1,0,1,0,0,0,1,0,1,1,1,1,0,1,1,0,1,0,1,0,1,1,0,1,0,0,0,1,0,0,0,0,0,0,0,1,0,1,1,0,0,0,0,1,1,1,0,1,1,0,0,0,1,1,0,0,0,0,1,1,0,0,1,0,0,0,0,0,0,1,1,0,1,0,0,1,0,1,1,0,1,0,1,1,0,1,1,0,0,1,1,1,1,0,1,1,1,0,1,1,1,1,1,0,0,0,0,0,1,0,0,1,0,0,0,0,0,0,1,1,1,0,1,0,1,1,1,1,1,0,0,1,0,1,0,1,1,1,0,0,0,1,1,0,0,0,0,1,0,0,0,0,0,0,0,0,1,0,0,0,0,1,0.0,-4461.240000000001,1
0,0,1,0,1,0,0,0,1,0,0,1,0,0,0,1,0,0,1,0,1,0,0,0,1,0,1,1,1,1,0,1,1,0,0,1,1,0,1,1,0,1,1,0,0,1,0,0,0,0,0,1,0,1,0,1,1,0,0,0,1,1,1,0,0,0,1,0,1,0,1,0,0,0,1,0,1,1,1,0,1,0,0,1,0,1,0,1,1,1,0,1,0,1,1,0,0,0,1,1,0,1,1,1,0,1,1,1,1,0,0,0,1,1,1,0,1,0,1,1,0,0,1,0,1,0,0,0,0,0,0,0,0,1,1,0,1,0,0,0,1,1,1,1,0,1,1,1,0,0,1,1,0,1,0,1,0,1,0,1,1,0,0,1,0,1,1,0,0,0,0,0,1,0,1,0,1,0,0,1,0.0,-4460.459999999999,1
0,1,0,1,0,1,0,1,0,1,1,0,1,0,1,0,1,0,1,1,0,1,1,1,0,0,1,1,1,0,0,0,1,0,1,1,1,0,0,1,1,0,1,0,1,1,0,1,0,1,0,0,1,1,1,1,1,0,1,0,0,1,0,0,0,1,0,1,0,0,0,0,1,1,0,0,0,0,0,0,1,1,0,1,0,0,1,1,0,1,0,0,1,1,0,1,1,1,1,1,0,0,0,0,1,1,0,0,1,1,1,0,0,0,0,0,0,1,0,0,1,0,1,0,0,0,0,1,1,1,1,0,1,0,1,1,1,1,1,1,0,0,0,1,0,0,1,1,1,0,1,0,1,0,1,1,1,0,1,0,1,1,1,0,1,1,0,1,0,1,1,1,1,1,0,1,1,1,1,0,0.0,-4460.450000000001,1
0,0,1,0,0,0,0,0,1,0,0,1,0,0,0,0,0,0,0,1,1,1,0,0,0,0,0,0,0,1,0,0,1,1,0,1,0,1,1,0,1,0,1,1,1,1,0,1,0,1,0,1,0,0,1,1,0,0,0,1,1,1,0,0,1,0,1,0,1,0,1,0,0,1,1,0,1,1,1,0,0,0,0,1,0,1,1,1,1,0,0,1,1,0,1,1,0,1,1,1,1,0,0,1,0,1,1,0,1,0,0,0,1,0,1,0,0,0,0,1,0,0,1,0,1,1,0,0,1,0,0,1,1,1,1,1,0,0,0,1,1,0,1,1,0,0,1,1,0,0,0,0,1,1,0,0,1,0,1,1,0,1,0,1,1,0,1,1,1,0,1,1,0,0,1,0,1,1,1,0,0.0,-4460.000000000001,1
1,0,1,0,0,0,0,0,1,0,1,1,0,1,1,0,1,0,0,1,1,1,0,0,0,0,0,0,0,1,0,0,1,1,0,1,0,0,1,1,1,0,1,0,1,1,1,1,0,1,0,1,0,0,1,1,0,0,1,1,1,1,0,0,1,0,0,1,1,0,0,0,1,1,1,0,1,1,0,1,0,1,0,1,0,1,1,1,0,0,0,1,1,1,1,1,0,1,0,1,1,0,0,0,0,0,0,0,1,0,0,0,1,0,1,0,0,0,0,1,0,1,1,1,0,1,0,0,1,0,1,0,1,1,1,1,0,0,0,1,1,1,0,1,0,0,1,1,0,1,0,0,1,1,0,1,1,0,1,0,1,1,1,0,1,0,1,1,1,1,1,1,0,1,1,0,1,1,1,1,0.0,-4459.83,1
0,1,1,0,0,1,0,1,0,1,1,1,1,1,0,0,1,0,0,1,1,1,0,0,0,0,0,1,0,0,0,0,0,1,0,0,1,0,0,1,1,0,0,0,1,1,1,0,0,1,0,1,1,0,1,1,0,0,1,1,0,1,0,1,1,1,0,0,0,0,0,1,1,1,1,0,0,0,1,0,1,1,0,1,1,1,1,0,0,0,1,1,1,1,1,1,1,1,1,0,0,1,0,0,0,0,1,0,0,0,0,0,0,0,1,0,0,0,1,1,0,0,0,1,0,1,1,1,0,0,1,0,1,0,0,1,0,0,0,1,0,0,0,0,1,0,0,0,1,1,0,0,1,0,0,1,0,0,1,1,1,1,1,0,1,1,1,1,0,1,1,1,1,1,1,1,0,1,0,0,0.0,-4458.969999999999,1
1,0,0,1,1,0,1,1,0,1,0,0,1,1,1,1,0,1,1,0,0,0,1,0,1,0,1,1,1,0,0,1,0,0,1,0,1,0,0,0,1,0,0,1,0,0,0,1,1,0,1,0,1,0,0,0,0,1,0,1,1,0,1,1,0,0,1,1,1,1,1,1,0,1,0,0,0,0,0,1,1,1,0,1,1,1,0,1,1,1,0,1,0,0,0,1,0,0,0,0,1,0,0,1,1,0,0,0,0,1,1,0,0,1,1,1,1,1,0,0,0,1,0,1,0,0,1,1,1,1,0,0,1,0,0,0,1,1,1,0,0,1,0,1,1,1,1,0,1,1,1,0,0,0,1,1,1,0,1,0,1,0,1,1,0,0,0,0,1,1,0,0,0,0,1,1,0,0,1,0,0.0,-4458.94,1
1,1,0,0,0,0,0,0,1,0,1,0,0,1,0,0,0,0,0,1,1,1,0,1,0,1,1,0,0,1,0,0,1,0,0,1,0,1,1,0,1,0,0,1,1,1,1,1,0,0,0,0,0,0,1,1,0,0,0,1,0,1,1,1,1,0,0,0,1,0,1,1,1,0,0,1,1,1,0,0,0,0,1,0,0,1,0,0,0,1,0,1,1,0,0,0,1,1,1,0,1,0,1,0,1,0,1,0,0,1,0,1,1,0,0,0,0,1,0,1,0,0,0,1,0,1,1,0,1,0,0,1,0,0,0,0,0,1,1,0,1,1,1,0,1,0,0,0,1,1,1,0,1,0,0,0,1,1,1,1,0,1,0,1,1,0,1,1,1,0,0,1,0,0,0,1,0,1,0,0,0.0,-4458.47,1
1,1,0,1,1,0,0,0,1,1,0,1,0,1,1,1,0,0,1,0,1,0,0,0,1,1,1,0,1,1,1,0,1,0,1,0,0,0,1,0,1,1,1,1,0,1,1,1,0,1,0,0,0,0,0,1,1,0,0,0,0,1,1,0,0,0,1,1,1,0,1,0,0,1,0,1,1,1,1,1,0,1,1,0,0,1,1,0,1,0,1,1,0,0,0,0,1,1,0,1,0,0,1,1,1,1,0,1,1,0,1,0,1,1,1,0,1,1,0,1,0,1,1,1,0,0,0,1,1,1,0,0,0,0,1,0,1,1,1,0,1,1,0,0,0,1,0,1,1,0,0,1,0,0,1,0,1,1,0,0,1,0,0,0,0,0,0,1,1,1,0,0,1,0,1,1,1,0,1,0,0.0,-4458.36,1
0,0,1,1,1,0,0,1,0,1,0,1,1,0,1,1,1,0,0,0,1,0,0,0,1,1,0,1,1,0,0,1,0,1,0,0,1,1,0,0,0,1,0,1,0,0,0,1,1,0,0,1,1,0,0,1,1,0,1,0,1,0,0,1,0,0,1,1,1,0,0,1,0,0,0,1,0,0,1,0,1,0,1,0,1,0,0,0,1,0,0,1,0,0,1,0,0,0,1,0,0,0,1,1,0,1,1,1,0,0,1,1,0,1,1,0,1,0,0,1,1,0,0,0,0,1,1,1,1,1,1,1,0,1,0,1,0,0,0,1,0,1,0,0,1,1,1,0,0,0,0,1,0,1,1,1,1,1,0,0,0,0,1,1,0,0,0,0,1,0,1,0,1,1,1,0,0,0,1,1,0.0,-4458.250000000002,1
0,0,1,0,0,0,0,0,1,0,1,0,0,1,1,0,1,0,0,1,1,1,0,0,0,0,1,1,0,1,0,0,0,0,0,1,1,0,1,1,1,0,0,0,1,0,0,0,1,1,0,1,0,0,1,1,0,0,1,1,1,0,0,1,1,0,0,1,1,0,0,1,1,0,1,0,1,1,1,1,1,1,0,1,1,0,1,0,0,0,0,1,1,1,1,0,0,1,0,0,1,1,1,0,0,0,1,0,0,0,0,1,1,0,1,0,0,0,1,1,1,1,0,1,0,1,1,0,0,0,1,0,1,1,0,1,0,0,0,1,1,1,1,0,0,0,1,0,0,1,0,0,1,1,0,1,0,1,1,0,0,1,0,0,1,1,1,1,1,1,1,1,0,1,1,0,0,1,1,0,0.0,-4457.28,1
1,1,1,0,0,0,1,1,0,1,1,0,1,0,0,1,0,1,1,1,0,0,1,0,1,1,1,0,0,0,0,0,0,0,1,0,0,0,0,1,0,1,0,0,0,0,1,0,1,1,1,1,1,0,0,0,0,1,0,1,0,0,1,1,1,0,1,0,1,1,1,1,1,0,1,1,0,0,0,0,0,0,1,0,1,1,1,0,1,1,1,1,0,1,1,0,0,0,1,0,0,1,1,0,0,0,1,0,0,0,0,0,0,1,1,1,1,0,0,0,0,0,0,0,0,0,1,1,1,0,0,0,0,1,0,0,1,0,0,0,0,0,0,0,1,1,1,0,0,1,0,1,0,1,0,0,1,1,0,1,1,1,1,1,0,0,1,0,1,0,0,0,1,0,1,0,0,0,0,1,0.0,-4456.959999999999,1
1,0,0,0,0,0,0,1,0,1,1,1,1,0,0,1,0,0,1,1,1,1,0,1,1,0,1,0,0,0,0,0,0,0,1,1,0,0,0,1,1,0,1,0,0,1,0,0,0,1,0,0,1,0,0,1,0,0,0,1,1,1,1,0,1,0,1,0,1,0,1,1,1,1,1,0,0,0,1,0,0,1,0,0,1,1,1,0,1,1,1,1,0,1,0,1,1,0,0,1,0,1,0,0,1,0,0,0,1,1,0,0,0,1,0,0,1,1,1,1,0,1,1,0,1,0,0,1,0,0,0,0,0,0,1,0,1,1,1,0,0,0,0,0,0,1,0,1,1,1,1,0,0,0,0,1,0,0,1,1,1,1,1,0,0,1,1,0,1,1,0,0,1,0,0,1,1,0,0,0,0.0,-4456.299999999998,1
0,1,0,1,0,0,0,0,1,1,0,1,0,0,1,0,0,0,0,1,1,1,0,0,0,1,1,0,0,0,0,0,1,0,0,1,0,0,0,1,1,0,0,0,1,1,1,0,0,1,0,0,1,0,1,1,1,0,0,0,0,1,0,1,1,0,0,1,0,0,1,1,0,1,1,1,0,0,1,0,1,1,1,0,0,0,1,1,0,0,1,0,1,1,0,1,1,1,1,0,0,1,0,1,1,0,0,0,0,1,1,0,0,0,1,0,0,1,1,1,1,0,0,0,0,1,1,1,0,1,0,0,1,0,0,1,0,1,1,1,0,0,0,1,1,0,1,0,1,1,0,0,1,0,1,0,0,0,1,0,1,1,0,1,1,1,0,1,0,1,1,1,1,0,1,1,0,1,1,0,0.0,-4455.609999999999,1
0,1,1,0,1,1,0,0,0,0,0,1,1,0,0,1,0,0,1,0,1,0,0,1,0,0,0,1,1,1,0,1,0,1,0,0,1,1,1,0,1,1,0,1,0,0,0,0,1,1,0,1,0,0,1,1,0,0,0,1,0,0,1,1,0,1,1,0,1,0,1,1,0,0,1,0,1,1,1,1,1,0,0,1,1,1,1,0,1,1,0,1,0,0,1,1,0,1,0,0,1,1,0,1,0,0,1,1,0,0,0,0,1,0,0,0,1,0,1,1,0,1,0,0,1,0,1,0,0,0,0,1,1,1,0,0,1,0,0,0,1,1,1,0,1,1,0,0,0,1,1,0,0,1,0,0,0,0,0,1,1,0,0,0,1,0,1,1,1,0,0,0,0,0,0,0,0,0,0,0,0.0,-4455.3499999999985,1
1,1,0,0,0,0,1,0,1,1,0,0,0,1,0,0,0,1,0,1,0,1,1,1,0,0,1,0,0,1,0,0,0,0,0,1,0,1,1,1,1,0,1,0,1,0,1,1,1,1,1,0,0,1,1,0,0,1,0,1,0,0,0,0,1,0,0,0,1,1,1,0,1,1,1,0,1,1,1,0,0,1,0,1,1,1,1,0,0,1,1,1,1,1,0,0,0,1,1,1,0,0,1,0,1,1,0,0,1,0,0,0,1,0,0,1,0,1,0,0,0,0,1,1,0,1,0,1,1,0,0,1,1,0,1,1,0,1,1,1,1,0,0,0,0,0,1,1,1,0,1,0,1,0,0,0,1,1,1,1,1,1,0,0,1,1,1,1,0,1,1,1,1,0,0,1,1,1,0,0,0.0,-4454.449999999999,1
1,1,0,0,1,1,0,1,1,1,0,1,0,0,0,1,0,0,1,0,1,0,0,0,1,0,1,1,1,0,0,1,1,0,1,0,1,1,0,0,1,1,1,1,0,1,1,1,0,1,0,1,1,1,0,1,0,0,0,1,0,1,1,0,0,1,1,0,0,0,1,0,0,1,1,0,0,0,1,0,0,1,0,1,0,0,1,1,1,0,1,0,0,0,1,1,1,0,0,1,0,0,0,1,0,1,1,1,1,0,0,0,0,1,1,0,1,1,0,1,1,1,1,0,1,0,0,1,1,0,0,1,1,1,1,0,1,1,1,0,0,0,0,1,0,1,0,1,1,0,0,0,0,0,0,1,1,0,0,1,1,0,1,1,0,0,1,0,0,1,0,0,1,0,1,1,1,0,0,0,0.0,-4453.899999999999,1
0,1,1,0,0,1,0,0,1,0,1,0,0,0,0,0,0,0,0,1,1,1,0,1,0,1,1,0,0,0,0,0,0,0,0,1,0,0,0,1,0,0,1,0,1,1,0,1,0,1,0,1,1,0,1,1,0,0,0,1,0,1,0,0,1,1,0,0,0,0,1,0,1,0,1,1,1,1,1,0,0,0,1,0,1,0,1,1,0,1,1,0,1,1,1,0,0,0,1,1,1,0,1,0,0,1,0,0,1,1,0,1,0,0,0,0,0,0,0,1,1,0,1,0,0,1,0,0,1,0,0,0,1,1,1,1,0,0,0,1,0,0,1,1,0,0,0,1,0,0,1,0,1,0,0,0,1,1,1,1,0,1,0,0,1,0,1,0,0,0,1,1,0,0,0,0,1,1,0,1,0.0,-4453.659999999999,1
0,1,1,1,0,1,0,1,0,1,0,1,1,1,1,0,1,0,0,1,1,1,0,0,0,1,0,1,0,0,0,0,0,1,0,1,1,1,0,1,1,0,1,0,1,0,1,0,1,1,0,1,1,0,1,1,1,0,1,0,0,0,0,0,1,1,0,1,0,0,0,0,0,1,0,1,0,0,0,1,1,1,1,0,1,0,1,0,0,0,1,0,1,1,1,1,0,1,0,1,0,1,0,0,0,1,1,0,1,1,1,0,0,0,1,0,0,0,1,1,1,1,1,1,0,1,0,1,0,1,1,1,1,1,1,1,0,0,0,1,0,0,0,0,0,0,1,1,1,0,0,0,1,0,1,1,0,0,1,0,1,1,1,0,1,0,0,1,1,1,1,1,1,1,1,1,1,1,1,0,0.0,-4453.379999999999,1
0,1,1,1,0,1,1,0,1,0,1,1,0,0,1,0,1,1,0,0,0,1,1,0,1,1,0,0,0,1,1,1,0,1,1,1,0,1,1,1,0,0,0,0,1,0,1,0,1,0,1,1,0,1,1,0,1,1,1,0,0,0,0,1,1,1,0,1,0,1,0,1,1,0,0,1,1,1,0,0,0,0,1,0,1,0,0,1,0,1,0,0,1,1,1,0,0,1,1,0,0,1,1,0,0,1,1,0,0,0,1,0,1,1,1,1,0,0,1,0,1,0,0,0,1,1,1,0,0,1,1,1,0,1,0,1,0,0,0,1,1,0,1,1,1,0,1,0,0,0,1,1,1,1,1,0,0,1,1,0,1,1,0,1,0,0,0,1,0,0,1,1,1,1,1,0,0,1,1,1,0.0,-4453.22,1
1,0,1,0,0,0,1,0,1,0,1,0,0,1,0,0,1,1,0,1,1,1,0,0,0,1,1,0,0,0,1,0,1,0,0,1,0,0,0,1,0,0,1,0,1,0,1,0,1,0,1,1,1,1,1,0,1,1,1,0,1,0,0,0,1,0,0,0,1,1,0,0,1,1,1,1,1,1,1,0,0,1,1,0,0,0,0,1,0,1,1,0,1,1,1,1,0,0,1,1,1,1,0,0,0,1,1,0,1,0,0,1,0,0,1,1,0,0,1,1,1,0,1,1,0,1,0,0,0,0,1,0,1,1,1,1,0,0,0,1,1,0,1,1,0,0,1,0,0,0,0,0,1,1,0,0,0,0,1,1,0,1,0,1,1,1,1,0,0,1,1,1,0,1,1,0,1,1,0,1,0.0,-4453.18,1
0,1,1,0,1,0,1,0,1,0,1,0,0,1,1,1,1,0,1,0,0,0,1,0,1,0,0,1,1,1,0,1,0,1,1,0,1,0,1,1,0,1,1,0,0,0,1,0,1,1,1,1,0,0,0,0,1,0,1,0,0,0,1,0,0,0,0,1,1,1,0,1,1,0,0,0,1,1,0,1,1,0,0,1,1,1,1,0,1,0,0,1,0,1,1,1,0,1,0,0,1,1,0,0,0,1,0,1,1,0,0,0,1,1,1,0,1,0,1,0,0,1,1,1,0,0,0,0,0,0,1,0,0,1,1,0,1,0,0,0,1,1,1,0,0,1,1,1,0,0,0,1,0,1,0,0,0,0,0,0,1,0,0,0,0,1,0,1,1,0,0,0,0,1,1,0,1,0,1,1,0.0,-4453.11,1
0,1,0,1,0,0,0,1,0,1,0,1,1,0,1,1,0,0,1,1,1,0,0,0,1,0,1,0,0,0,0,0,1,0,1,0,0,0,0,0,1,1,1,1,0,1,1,1,0,0,0,0,1,1,0,1,0,0,0,1,0,1,1,0,1,0,0,1,1,0,1,0,0,0,0,0,0,0,1,1,0,0,0,1,0,1,0,1,1,1,0,1,0,0,0,0,1,0,0,1,0,0,1,1,1,1,0,1,0,1,0,1,0,1,1,0,1,1,0,1,0,1,1,0,1,0,0,1,1,1,0,0,0,0,1,0,1,1,1,0,0,1,0,1,0,1,0,0,1,0,1,1,0,0,1,1,1,1,0,0,0,1,1,1,0,0,1,0,0,0,0,0,1,0,1,1,1,0,1,0,0.0,-4452.049999999999,1
0,0,1,1,0,0,0,0,1,0,0,1,0,1,1,1,0,0,1,1,0,0,1,1,1,1,0,0,0,1,0,0,0,1,1,0,0,1,1,0,0,1,0,1,0,0,0,1,1,0,0,1,0,1,0,1,0,0,0,1,1,0,1,1,1,0,1,1,1,0,1,1,0,0,0,1,1,1,0,0,0,0,1,0,1,0,0,0,1,1,1,0,0,0,1,1,0,0,1,0,1,0,0,1,0,0,1,1,0,0,1,1,1,1,0,0,1,0,0,0,1,0,0,1,1,0,1,0,1,1,0,1,0,0,0,0,1,0,0,0,1,0,1,0,1,1,0,0,0,1,1,1,0,1,1,0,1,0,0,0,0,1,0,0,0,0,0,0,1,0,0,0,0,0,0,0,0,0,1,1,0.0,-4451.57,1
0,0,1,1,1,1,0,0,1,0,0,1,0,0,1,0,1,0,0,0,1,0,0,0,1,0,1,1,1,1,0,1,1,0,0,1,1,1,0,0,1,1,0,1,0,1,1,0,0,1,0,1,0,0,0,1,1,0,1,0,0,1,0,1,0,1,1,1,0,0,0,1,0,1,0,0,1,1,1,1,1,1,0,1,0,1,1,1,1,0,0,0,0,0,1,0,0,1,0,0,1,1,1,1,0,0,1,1,0,1,1,0,1,1,1,0,0,0,1,0,0,1,0,0,1,1,1,0,0,1,1,1,0,1,0,1,0,0,0,1,1,1,1,1,1,1,1,0,0,1,0,1,1,1,1,0,0,1,0,0,1,0,0,1,0,1,0,1,1,1,1,1,0,1,1,0,0,0,1,1,0.0,-4451.4800000000005,1
0,0,1,1,0,1,1,0,1,0,1,0,0,0,1,1,1,1,1,1,0,0,1,0,1,1,1,0,0,1,1,0,1,0,1,0,0,0,1,1,0,1,1,0,0,0,1,1,1,1,1,1,0,0,0,0,1,1,1,0,1,0,1,0,1,1,1,1,0,1,0,0,0,1,0,1,1,1,0,1,0,1,1,0,0,1,1,1,1,1,1,1,0,1,1,0,0,1,0,1,1,0,1,1,0,1,1,1,1,0,1,1,1,1,1,1,1,0,0,0,0,1,1,0,1,0,0,0,1,1,1,0,0,1,1,0,1,0,0,0,1,1,1,1,0,1,1,1,0,0,0,1,0,1,1,0,1,1,0,0,0,1,0,1,0,0,0,1,1,1,0,0,0,1,1,0,1,0,1,1,0.0,-4451.280000000001,1
0,1,0,1,1,1,0,0,1,0,0,0,0,1,1,1,0,0,1,0,1,0,0,0,1,0,1,1,1,1,0,0,1,0,1,0,1,1,1,0,0,1,0,1,0,1,0,1,0,1,0,0,0,0,0,1,1,0,0,0,0,1,1,0,0,1,1,0,0,0,1,0,0,0,0,0,1,1,0,0,1,0,0,1,0,1,1,1,1,0,1,0,0,0,0,1,0,1,1,1,1,0,0,1,1,1,0,1,1,1,1,1,1,1,1,0,1,1,0,1,0,0,1,1,0,0,0,0,1,1,0,1,0,0,1,0,1,1,1,0,1,1,1,1,0,1,1,1,0,0,0,1,0,1,1,0,1,0,0,1,0,0,0,0,0,0,0,1,0,0,0,0,0,0,1,0,1,0,0,1,0.0,-4450.350000000001,1
0,0,1,1,1,1,0,0,1,0,1,1,0,0,1,1,0,0,1,0,1,0,0,1,1,0,0,1,1,1,1,1,0,1,1,0,1,0,1,1,0,1,1,0,0,1,0,0,0,1,0,1,0,1,0,1,1,0,1,0,1,1,1,0,0,1,0,1,0,0,0,0,1,1,0,0,1,1,1,0,1,1,0,1,1,0,1,1,0,0,1,0,0,1,1,1,0,0,1,1,1,1,0,1,0,1,1,0,1,0,1,0,1,1,0,0,1,0,1,1,1,0,1,0,0,0,0,0,0,1,1,0,0,1,1,0,1,0,0,0,1,0,1,1,0,1,0,1,0,0,0,0,0,1,1,0,0,0,0,0,1,0,0,1,0,1,0,0,0,1,0,0,0,1,0,0,1,0,1,1,0.0,-4450.309999999999,1
0,1,1,0,1,0,0,1,0,1,0,0,1,0,0,0,1,0,0,0,1,0,0,0,1,1,0,1,1,1,0,1,1,1,0,1,1,1,1,0,0,1,1,1,0,0,1,1,1,0,0,1,0,1,0,1,0,0,1,1,0,0,0,0,0,0,1,0,1,0,0,0,0,1,0,1,0,0,1,0,1,1,1,0,0,1,0,1,0,0,0,1,0,0,1,1,0,0,1,1,0,0,0,1,0,1,1,1,1,0,0,0,1,1,1,0,0,0,0,1,0,0,1,0,0,1,0,1,1,0,1,1,0,1,1,1,0,0,0,1,0,1,0,1,1,1,1,1,0,0,0,1,1,1,0,1,1,0,0,1,1,0,1,0,0,0,1,0,0,1,1,1,1,1,1,0,1,0,0,1,0.0,-4449.270000000001,1
0,1,1,1,1,0,0,1,0,1,0,1,1,0,1,1,1,0,1,0,1,0,0,0,1,0,1,1,1,0,0,1,0,0,1,0,1,0,0,1,0,1,1,0,0,1,0,0,0,1,0,1,1,1,1,1,1,0,1,0,0,1,1,0,0,0,1,1,1,0,0,0,0,0,0,0,0,0,0,0,1,0,0,1,1,0,1,1,1,0,1,0,0,1,1,0,0,1,1,1,0,1,1,0,0,1,1,1,1,0,1,0,0,1,1,0,1,0,1,0,1,0,1,0,1,0,0,1,0,1,1,0,0,1,1,0,1,0,0,0,0,0,0,1,0,1,0,1,0,0,0,1,0,1,1,1,0,1,0,0,1,0,1,0,0,1,0,1,0,0,0,0,1,1,1,0,1,0,0,1,0.0,-4448.659999999999,1
1,0,1,0,0,1,1,1,0,1,1,0,1,1,0,0,1,1,0,1,1,1,0,0,0,0,1,1,0,0,1,0,0,0,0,0,1,0,0,1,0,0,0,0,1,0,1,1,1,1,1,1,1,1,1,0,1,1,1,0,1,0,1,1,1,1,0,0,0,1,0,1,1,1,1,0,0,0,0,1,1,1,0,1,1,1,1,1,0,0,1,0,1,1,1,0,0,1,0,0,0,0,1,0,0,1,1,0,0,0,0,0,0,0,1,1,0,0,0,1,0,1,0,1,0,1,1,1,1,0,1,0,1,1,0,0,0,0,0,0,0,1,0,1,1,0,1,0,0,0,0,0,1,1,0,0,1,1,1,1,1,1,1,0,1,0,1,1,0,1,0,1,1,1,1,0,0,1,0,1,0.0,-4448.399999999999,1
0,1,1,0,1,0,1,1,0,1,0,1,1,0,0,0,1,1,1,0,0,1,1,0,0,0,1,1,1,0,0,1,1,0,1,1,1,0,0,1,1,0,1,0,1,0,1,1,1,0,1,1,1,0,1,0,0,1,1,1,0,0,0,0,0,0,0,0,1,1,0,0,0,1,1,0,0,0,0,1,1,1,0,1,0,1,0,1,1,0,1,1,1,1,1,0,0,1,0,1,0,0,1,0,0,1,1,0,1,0,0,1,0,0,1,1,0,0,0,0,0,1,1,0,0,1,0,1,1,0,1,0,1,1,1,1,0,0,0,1,0,0,0,1,0,0,1,1,0,0,0,0,1,1,0,1,1,1,1,1,0,0,1,0,1,0,1,1,1,1,1,1,1,1,1,0,1,1,0,1,0.0,-4448.260000000001,1
0,0,0,0,0,0,0,1,0,1,0,1,1,0,0,0,1,0,1,1,1,1,0,0,0,0,1,1,0,0,0,0,1,0,1,1,1,0,0,1,1,0,0,0,1,1,0,0,0,1,0,0,1,0,1,1,0,0,0,1,1,1,0,1,1,0,0,0,1,0,1,1,0,0,1,0,0,0,1,0,1,0,0,1,0,1,1,0,0,0,1,1,1,1,0,1,0,1,0,0,0,1,0,0,1,0,0,0,0,1,0,0,0,0,1,0,0,1,1,1,0,1,0,0,0,0,1,1,0,0,0,0,1,0,0,1,1,1,1,1,0,0,0,1,1,0,1,0,1,1,1,1,1,0,0,1,0,0,1,1,1,1,1,1,1,1,1,1,1,0,1,1,1,0,1,1,0,1,0,0,0.0,-4448.100000000001,1
0,1,0,0,1,0,1,1,0,0,0,0,1,1,0,1,0,1,1,0,0,0,1,0,1,0,0,1,1,0,1,1,1,1,1,0,1,0,1,0,1,1,1,1,0,0,0,0,1,0,1,0,1,1,0,0,0,1,0,1,0,0,1,1,0,0,0,0,1,1,1,1,0,0,1,0,0,0,0,0,1,0,0,1,0,1,0,1,1,0,1,1,0,0,0,0,1,1,1,0,1,1,1,1,1,1,1,1,0,1,0,0,0,1,1,1,1,0,1,0,0,0,0,1,0,0,1,0,0,0,0,0,0,0,0,0,1,1,1,0,0,0,1,1,1,1,0,0,1,0,0,1,0,0,0,1,0,1,0,1,1,0,1,0,0,1,1,1,0,0,0,0,0,0,1,1,0,0,0,0,0.0,-4448.059999999999,1
0,1,0,1,0,0,1,1,0,1,0,0,1,1,1,0,1,1,0,1,0,1,1,0,0,0,1,0,0,0,1,0,0,0,0,1,0,1,0,0,1,0,0,1,1,0,1,1,1,1,1,0,1,0,1,0,1,1,1,0,0,0,0,1,1,0,0,0,1,1,0,1,0,1,0,0,0,0,0,1,0,1,0,1,1,1,1,1,1,0,1,1,1,0,0,0,1,1,0,0,1,0,1,1,1,1,0,0,0,1,1,0,0,0,1,1,0,1,0,0,0,1,0,1,0,1,1,1,1,1,1,1,0,0,0,1,0,1,1,1,0,1,1,1,1,0,1,0,1,0,1,1,1,0,1,1,1,1,1,1,1,1,1,1,1,1,0,1,1,1,1,1,0,1,1,1,0,1,0,0,0.0,-4447.9400000000005,1
1,1,1,0,0,1,0,0,0,0,1,0,1,1,0,0,1,0,0,1,1,1,0,0,0,0,1,0,0,1,0,0,0,0,0,1,0,1,1,0,1,0,1,1,1,1,1,1,0,1,0,1,0,1,1,1,0,0,1,1,0,1,1,0,1,1,1,0,0,0,0,0,1,1,1,0,1,1,1,0,0,0,0,1,1,0,1,1,0,1,1,0,0,0,1,1,0,0,1,1,1,0,0,0,0,1,1,0,1,0,0,0,1,0,1,0,0,0,0,1,1,0,1,1,1,1,0,0,1,0,1,1,1,1,1,0,0,0,0,0,1,0,1,1,0,0,1,1,0,0,1,0,1,1,0,0,1,0,1,1,1,1,0,1,1,0,1,0,0,0,0,1,0,1,1,0,1,1,0,0,0.0,-4447.44,1
0,1,0,0,1,1,0,1,0,1,0,1,1,1,1,1,0,0,1,0,1,0,0,0,1,1,1,1,1,0,0,1,1,0,1,0,1,0,1,1,0,1,0,0,0,1,0,1,0,0,0,0,0,1,0,1,0,0,0,1,0,1,1,1,0,1,1,1,0,0,1,1,0,0,1,1,0,0,1,0,1,0,1,0,0,1,0,0,1,0,1,0,0,1,0,1,0,0,1,0,0,0,0,1,1,0,0,1,0,1,0,0,0,1,1,0,1,1,0,1,0,0,0,1,1,0,1,1,1,0,0,0,0,0,0,0,1,1,1,0,0,0,0,0,1,1,1,0,0,1,1,0,0,1,0,1,1,0,0,0,1,0,1,1,0,1,1,0,0,0,0,0,1,0,1,0,0,0,1,1,0.0,-4446.879999999999,1
0,1,0,0,0,0,0,1,0,1,0,1,1,0,0,1,1,0,1,1,1,0,0,0,1,1,1,1,1,0,0,0,0,0,1,0,1,1,0,0,0,1,0,1,0,0,0,0,1,1,0,0,1,1,0,1,0,0,1,1,0,0,1,1,0,0,1,0,1,0,0,1,0,1,1,1,0,0,1,0,1,1,1,0,1,1,1,1,1,0,1,1,0,0,0,0,1,0,1,0,0,1,1,1,1,0,0,1,0,1,0,0,0,1,1,0,1,1,1,1,0,0,0,0,0,0,1,1,0,0,1,1,1,0,0,0,1,1,1,0,0,0,0,1,1,1,1,0,0,1,0,1,0,1,0,1,0,1,0,1,1,1,1,0,0,1,1,0,1,1,0,0,1,1,1,0,0,0,1,1,0.0,-4446.329999999997,1
0,1,0,1,1,1,0,0,1,0,1,0,0,1,1,0,0,0,0,0,1,0,0,1,1,1,0,1,1,1,0,0,1,1,0,1,1,0,0,1,1,1,1,0,0,1,1,0,0,0,0,0,1,0,0,1,1,0,0,0,0,1,0,0,0,1,0,1,0,0,1,0,1,1,0,1,1,1,0,0,1,0,1,0,0,1,0,0,1,1,0,0,0,1,0,1,1,1,1,1,1,1,0,0,1,1,0,1,1,0,1,0,1,1,0,0,0,1,1,1,0,0,1,1,0,1,0,0,0,1,0,0,0,0,1,1,0,1,1,1,1,0,1,0,0,1,1,0,1,0,1,1,1,0,1,0,0,0,0,0,1,0,0,1,0,1,0,1,1,0,1,1,0,0,0,1,1,0,1,0,0.0,-4444.37,1
0,1,0,0,1,1,0,1,0,1,1,1,1,0,0,0,0,0,1,0,1,1,0,0,0,0,0,1,1,0,0,1,1,1,1,1,1,0,0,1,1,0,1,0,1,1,1,0,0,0,0,0,1,1,1,1,0,0,0,1,0,1,0,0,0,1,0,0,0,0,1,0,1,0,1,0,0,0,0,0,1,0,0,1,0,1,0,1,0,1,0,0,1,1,0,0,1,0,1,1,0,1,1,0,1,0,0,0,1,1,0,0,0,0,1,0,0,1,1,1,0,0,1,0,0,0,0,1,0,0,0,0,0,0,1,1,1,1,1,1,0,1,0,1,0,0,1,0,1,1,1,1,1,0,0,1,0,1,1,1,1,0,1,1,1,1,1,0,0,0,1,1,1,0,1,1,1,1,0,0,0.0,-4444.15,1
0,0,1,0,0,0,0,1,0,1,1,0,1,1,0,0,1,0,0,1,1,1,0,0,0,0,1,1,0,0,0,0,0,0,0,1,1,0,0,1,0,0,1,0,1,1,1,1,0,1,0,1,1,1,1,1,1,0,0,0,1,1,0,0,1,0,0,0,1,0,0,0,1,0,1,0,0,0,1,1,1,0,0,1,1,1,1,0,0,0,1,1,1,1,1,1,0,0,0,1,0,0,0,0,0,1,1,0,1,0,0,0,0,0,1,0,0,0,0,0,0,1,1,1,0,1,0,1,1,0,1,0,0,1,1,1,0,0,0,1,0,1,0,0,0,0,0,0,0,0,0,1,1,1,0,1,1,0,1,1,1,1,1,0,1,0,1,0,1,0,1,1,1,0,1,0,1,1,0,1,0.0,-4443.089999999999,1
1,0,0,0,0,0,0,1,0,1,1,1,1,0,0,0,0,0,0,1,1,1,0,0,0,1,0,0,0,0,0,0,0,1,0,1,0,0,0,1,1,0,0,0,1,1,0,0,0,1,0,0,1,1,1,1,0,0,0,1,1,1,0,1,1,0,0,0,0,0,1,1,1,0,1,1,0,0,0,0,0,0,1,0,1,0,1,1,0,1,1,0,1,1,0,1,1,1,1,0,0,0,0,0,1,1,1,0,1,1,0,0,0,0,1,0,0,1,1,1,1,0,0,0,0,1,1,1,0,0,0,0,1,0,0,1,0,1,1,1,0,0,0,1,1,0,0,0,1,0,1,0,1,0,0,1,0,0,1,1,1,1,1,1,1,0,1,1,0,0,1,1,1,0,1,1,0,1,0,0,0.0,-4442.8499999999985,1
0,1,1,1,0,1,0,1,0,1,1,1,1,1,0,0,1,0,0,1,1,1,0,0,0,0,1,1,0,0,0,0,0,0,0,1,1,0,0,1,1,0,0,0,1,0,1,0,1,0,0,1,1,1,1,1,1,0,1,0,0,0,0,1,1,1,1,0,0,0,0,1,1,0,0,0,0,0,1,0,1,0,0,1,1,1,0,1,0,0,1,0,1,1,1,1,0,1,1,0,0,1,0,0,0,0,1,0,0,1,1,1,0,0,1,0,0,0,1,1,0,0,0,1,0,1,1,1,0,1,1,0,1,1,0,1,0,0,0,1,0,1,0,1,1,0,1,0,1,1,0,0,1,0,1,0,0,0,1,1,0,0,1,1,1,1,0,1,0,0,1,1,1,1,1,1,0,1,0,0,0.0,-4442.010000000001,1
0,0,1,1,0,0,0,1,0,1,0,0,1,1,1,0,1,0,0,1,1,1,0,0,0,0,0,0,0,0,0,0,1,1,0,1,0,0,0,0,1,0,1,1,1,1,0,0,0,0,0,1,1,0,1,1,1,0,1,0,0,1,0,0,1,0,0,1,1,0,0,0,0,0,1,0,0,0,1,1,1,0,0,1,0,1,0,0,0,0,1,1,1,0,1,1,0,0,0,1,0,1,0,1,0,1,1,0,1,0,1,1,0,0,1,0,0,0,1,1,0,1,1,1,0,1,0,1,0,1,1,0,1,1,1,1,0,0,0,1,0,1,1,0,0,0,1,1,1,0,0,0,1,0,1,1,0,0,1,0,0,1,1,0,1,0,0,0,1,0,1,1,1,1,1,1,1,1,1,0,0.0,-4441.910000000001,1
1,1,0,1,0,1,0,1,0,1,0,1,1,1,0,0,0,0,0,1,1,1,0,1,0,1,1,0,0,0,0,0,1,0,0,1,0,0,0,0,1,0,1,1,1,1,0,1,0,1,0,0,1,1,1,1,1,0,0,0,0,1,0,0,1,1,0,0,0,0,1,0,0,0,0,1,0,0,1,0,0,0,1,0,0,0,1,0,0,1,0,0,1,0,0,0,0,1,1,1,1,0,1,1,0,1,0,0,1,0,1,0,0,0,0,0,0,1,0,1,1,0,1,1,0,1,0,1,1,1,0,0,1,1,1,1,0,1,1,1,0,0,1,0,0,0,0,1,1,0,1,0,1,0,1,1,1,1,1,1,1,1,1,0,1,0,0,1,1,0,1,1,0,0,0,1,1,1,0,0,0.0,-4439.91,1
0,0,0,0,0,0,1,1,0,1,0,0,1,0,1,1,0,1,1,1,0,1,1,0,1,1,1,0,0,0,1,0,0,0,1,1,0,1,0,0,1,0,0,1,0,0,0,0,1,0,1,0,1,1,0,0,1,1,0,0,1,0,1,1,1,0,0,1,1,1,1,1,0,0,0,1,0,0,0,1,0,0,1,0,1,1,0,1,1,1,0,1,0,0,0,0,1,1,1,0,1,1,1,1,1,0,0,0,0,1,1,1,0,1,1,1,1,1,1,0,0,0,0,0,1,0,1,1,0,1,0,1,0,0,0,0,1,1,1,0,0,0,0,1,1,1,1,1,1,1,1,1,0,0,0,0,0,1,1,0,0,1,1,1,0,1,0,1,0,0,0,0,0,0,1,1,0,0,1,0,0.0,-4439.229999999999,1
1,1,0,1,0,1,0,0,1,0,1,0,0,0,1,1,0,0,1,1,0,1,1,1,1,0,1,0,0,1,0,0,0,0,1,0,0,1,1,0,0,0,1,1,0,1,0,0,0,1,0,0,0,0,0,1,1,0,0,0,0,1,1,0,1,1,1,1,0,0,1,0,1,0,0,0,1,1,0,0,0,0,0,1,1,0,1,0,0,1,0,0,0,0,0,1,1,1,1,1,1,1,0,0,1,1,0,0,1,1,1,0,1,1,0,0,1,1,1,0,1,0,1,0,1,0,0,0,0,1,0,1,0,0,1,0,1,1,1,0,1,0,1,0,1,1,0,1,0,0,1,1,0,1,1,0,0,0,1,0,1,0,0,1,0,1,0,1,1,0,0,0,0,0,0,0,1,0,1,1,0.0,-4439.02,1
1,0,0,1,0,0,0,0,1,0,0,0,0,0,1,1,0,0,1,1,1,1,0,1,1,1,1,0,0,1,1,0,1,0,1,0,0,0,1,1,1,0,1,0,0,1,0,0,0,0,0,0,0,1,0,1,1,0,0,0,1,1,0,0,1,0,0,1,1,0,1,0,0,1,0,1,1,1,1,0,0,1,1,0,0,1,0,0,0,1,1,1,0,1,0,0,0,1,1,1,0,1,1,0,1,1,0,0,1,0,1,1,1,1,0,0,1,1,1,1,0,0,1,0,0,0,0,0,0,1,0,0,0,0,1,1,1,1,1,1,1,0,1,0,0,1,0,1,1,0,1,1,0,0,1,1,0,1,1,0,0,1,0,1,0,1,0,1,1,1,1,0,1,0,0,1,1,0,1,0,0.0,-4438.750000000001,1
0,1,0,1,0,1,0,0,1,0,1,1,0,0,1,1,1,0,1,1,1,0,0,0,1,1,1,1,0,0,0,0,0,0,1,0,1,0,0,1,1,0,1,0,0,1,0,0,0,0,0,0,1,0,0,1,1,0,1,0,0,1,1,0,1,1,1,1,0,0,0,0,1,0,0,1,1,1,1,0,1,0,1,0,1,0,0,0,1,0,1,0,0,1,0,1,1,1,1,1,1,1,0,0,1,1,0,0,1,1,1,0,0,1,1,0,1,1,1,1,1,0,1,0,0,0,0,0,0,1,1,0,0,0,1,0,1,1,1,0,1,0,1,0,0,1,1,1,1,0,0,1,0,0,1,0,0,0,1,0,1,1,0,1,0,0,0,1,1,0,0,0,0,1,1,1,1,0,1,0,0.0,-4438.610000000001,1
0,0,1,0,0,1,0,0,1,0,1,1,0,0,1,1,0,0,1,1,1,1,0,0,0,0,0,0,0,1,0,0,1,1,1,1,0,1,1,0,0,0,0,1,1,1,1,0,0,0,0,0,0,1,1,1,0,0,0,1,1,1,1,1,1,1,0,1,0,0,1,1,1,0,1,0,1,1,1,1,0,0,0,1,0,0,0,1,0,1,1,0,1,0,0,0,0,1,0,0,1,1,1,1,1,0,0,0,0,1,0,0,1,0,1,0,1,1,1,1,1,1,0,0,1,0,1,0,0,0,0,1,1,0,0,0,1,1,1,0,1,1,1,1,1,0,1,0,0,1,1,0,0,1,0,1,0,1,1,0,1,1,0,1,1,1,1,1,0,0,0,0,0,0,1,0,0,1,1,1,0.0,-4438.309999999999,1
0,1,1,0,0,0,1,0,1,0,0,1,0,0,0,1,1,1,1,1,0,1,1,0,0,1,1,0,0,0,1,0,0,0,1,0,0,0,0,1,0,0,0,0,0,0,1,1,1,0,1,1,1,1,1,0,0,1,0,1,0,0,1,1,1,0,0,0,1,1,0,1,0,0,1,1,1,1,0,0,0,0,1,0,1,1,0,1,1,1,1,1,0,1,1,0,0,1,1,0,0,0,1,0,0,0,1,0,0,0,0,1,0,0,1,1,1,0,0,0,0,0,0,0,1,0,1,0,1,0,1,0,1,1,0,0,1,0,0,1,1,0,1,1,1,1,1,0,0,1,1,0,0,1,0,0,1,1,1,1,0,1,0,0,1,0,1,1,0,0,1,0,1,0,1,0,0,0,0,1,0.0,-4437.74,1
1,1,0,1,1,0,1,1,0,1,1,1,1,0,1,0,0,1,0,0,0,1,1,1,0,1,1,0,1,1,1,1,0,0,0,1,1,0,1,1,1,0,1,0,1,1,0,0,0,0,1,0,0,1,1,0,1,1,0,0,0,1,0,0,0,0,1,1,1,1,1,0,1,1,0,1,0,0,0,1,0,1,1,0,1,1,0,1,0,1,0,1,1,1,0,0,1,0,0,1,0,1,1,0,1,0,0,0,1,1,1,1,1,0,0,1,0,1,1,0,0,1,1,0,0,1,0,1,0,1,0,0,1,0,1,1,0,1,1,1,1,1,0,1,0,0,1,1,1,1,0,0,1,0,1,0,0,1,1,0,0,0,1,1,1,0,0,0,0,1,1,1,1,0,0,1,1,1,1,0,0.0,-4436.629999999998,1
0,0,1,1,1,1,0,1,0,1,1,1,1,0,1,1,0,0,1,0,1,0,0,0,1,0,0,1,1,0,0,1,1,1,1,0,1,0,0,1,1,1,1,0,0,1,1,0,0,0,0,0,1,1,0,1,1,0,1,0,1,1,1,0,0,1,0,1,0,0,0,0,1,1,0,0,0,0,1,1,1,1,0,1,0,1,0,1,1,1,1,1,0,1,0,1,1,1,0,1,0,1,0,0,1,1,0,1,1,0,1,1,0,1,1,0,1,0,1,1,0,1,1,0,0,0,0,1,0,1,1,0,0,0,1,0,1,0,0,0,0,1,1,1,0,1,0,1,1,0,1,0,0,0,1,1,0,0,0,0,0,0,1,1,0,1,0,1,0,1,0,0,1,1,1,1,1,0,1,0,0.0,-4436.109999999998,1
0,1,1,0,0,0,0,1,0,1,1,0,1,0,0,0,1,0,0,1,1,1,0,0,0,0,1,0,0,0,0,0,0,0,0,1,0,0,0,1,1,0,1,0,1,1,0,1,0,0,0,1,1,1,1,1,0,0,1,1,0,1,0,0,1,0,0,0,1,0,0,0,1,1,1,1,0,0,0,0,0,1,1,0,1,0,0,1,0,1,0,0,1,1,1,1,1,0,1,1,0,0,0,0,0,1,1,0,1,0,0,1,0,0,1,0,0,0,0,0,1,0,1,0,0,1,0,1,1,0,1,0,1,1,1,1,0,0,0,1,0,0,0,0,0,0,1,1,1,0,1,0,1,0,0,1,1,0,1,1,0,1,1,0,1,0,1,0,0,1,1,1,1,1,1,1,1,1,0,0,0.0,-4435.7300000000005,1
0,0,0,0,0,0,0,0,1,0,1,1,0,0,0,1,0,0,1,1,0,1,1,0,0,1,0,0,0,1,0,0,0,1,1,0,0,0,1,1,1,0,1,0,1,1,0,0,0,0,0,0,0,1,1,1,0,0,0,1,1,1,1,0,1,0,0,0,1,0,1,0,1,1,1,1,1,1,1,0,0,1,1,0,1,1,0,1,0,0,1,0,0,1,0,1,1,0,1,1,1,1,0,0,1,1,0,0,1,1,0,0,1,0,1,0,1,0,1,0,0,0,1,0,0,0,0,0,0,0,0,0,1,0,1,0,1,1,1,0,1,0,1,1,0,0,0,1,1,0,0,0,0,0,0,0,0,0,1,1,1,1,0,1,1,1,1,0,0,1,0,0,0,0,1,1,1,1,0,0,0.0,-4435.6799999999985,1
0,1,1,1,0,0,0,1,0,0,1,0,1,1,1,0,1,0,0,1,1,1,0,0,0,0,0,1,0,0,0,0,0,1,0,1,1,1,1,0,0,0,0,1,1,0,0,0,1,1,0,1,1,1,0,1,1,0,1,0,0,0,0,1,1,0,1,1,1,0,0,1,1,1,0,0,0,0,1,1,1,1,0,1,1,1,1,1,0,1,0,1,1,0,1,1,0,0,0,0,1,1,0,1,0,0,1,0,0,0,1,0,0,0,1,0,0,0,1,1,0,1,0,1,0,1,1,0,0,1,1,1,1,1,0,1,0,0,0,1,0,1,1,1,1,0,1,0,0,1,1,0,1,1,1,1,0,0,1,0,1,1,1,0,1,1,0,0,0,1,1,1,0,1,1,0,0,1,0,1,0.0,-4434.12,1
1,0,0,0,1,1,1,1,0,1,1,1,1,1,0,1,0,0,1,0,0,0,1,0,1,0,1,0,1,0,1,1,0,0,1,0,0,1,1,0,0,1,1,1,0,0,0,1,1,1,1,0,1,0,0,0,0,0,0,1,1,0,1,0,0,1,0,0,0,1,1,0,1,1,1,0,0,0,0,1,1,1,0,0,1,0,1,0,1,0,1,0,0,0,0,1,1,1,0,1,0,0,0,0,1,1,0,1,1,1,0,0,0,1,1,0,1,1,0,0,1,1,1,1,1,0,0,1,1,0,0,1,0,0,1,0,1,1,1,0,0,1,0,0,0,1,1,1,0,0,0,1,0,1,0,1,1,0,0,1,1,0,1,1,0,1,1,1,1,1,0,0,1,0,1,0,1,0,0,1,0.0,-4433.969999999999,1
1,0,1,0,1,0,0,0,1,0,0,0,0,0,1,1,0,0,0,0,1,0,0,0,1,0,1,1,1,1,0,0,1,0,0,0,1,1,1,0,0,1,0,1,0,1,1,0,0,1,0,1,0,1,0,1,0,0,1,1,1,1,1,1,0,0,0,1,0,0,1,1,0,1,1,0,1,1,1,1,1,1,0,1,0,0,1,1,1,0,1,0,0,0,1,1,0,1,0,0,1,1,0,1,0,0,1,1,0,0,0,0,1,1,1,0,1,0,1,1,1,1,0,0,1,1,1,0,0,0,1,1,0,1,0,0,0,0,0,0,1,1,1,1,1,1,0,0,0,1,1,1,0,1,0,0,0,0,0,0,1,0,0,0,0,1,1,1,0,1,0,0,0,1,1,0,0,0,1,1,0.0,-4433.069999999999,1
1,1,1,1,1,0,1,0,0,0,0,0,1,1,0,0,0,1,0,0,0,1,1,1,0,1,1,0,1,1,1,1,0,0,0,1,0,1,0,0,1,0,0,1,1,0,0,1,1,1,1,1,0,0,1,0,1,1,0,0,0,0,0,1,0,0,1,0,1,1,1,1,0,0,0,1,1,1,0,1,0,1,1,0,1,1,1,0,0,0,1,1,1,0,1,0,0,1,0,0,1,0,1,1,0,0,1,0,0,0,1,0,1,0,0,1,0,0,0,0,0,1,0,1,1,1,1,0,1,1,0,1,1,1,0,1,0,0,0,1,1,1,1,0,1,0,0,0,1,1,0,0,1,0,1,0,1,1,1,1,1,0,0,0,1,0,0,1,1,1,1,1,0,0,0,1,0,1,0,0,0.0,-4432.83,1
0,1,1,0,0,0,0,1,0,1,0,1,1,0,0,0,1,0,0,1,1,1,0,1,0,0,0,0,0,0,0,0,0,1,0,1,0,1,0,0,0,0,1,1,1,1,0,0,0,1,0,1,1,1,1,1,0,0,1,1,0,1,0,0,1,0,1,0,1,0,0,0,0,0,1,0,0,1,0,0,0,0,0,1,1,1,1,1,0,1,0,1,1,0,1,1,0,0,1,1,0,1,0,1,0,1,1,0,1,0,0,1,0,0,0,0,0,0,1,1,0,0,1,0,0,1,0,1,0,0,1,1,0,1,1,1,0,0,0,1,0,0,0,1,0,0,1,1,0,0,1,1,1,1,0,1,0,0,1,1,0,1,1,0,1,0,1,0,0,0,1,1,1,1,0,0,1,1,0,1,0.0,-4432.17,1
0,1,1,1,0,0,1,0,1,0,1,0,0,1,1,0,1,1,0,1,0,0,1,0,1,1,1,1,1,1,1,0,0,0,0,0,1,0,1,1,1,1,1,0,0,0,1,1,1,0,1,1,0,1,0,0,1,1,0,0,0,0,0,1,0,0,1,1,1,1,0,1,1,0,0,1,1,1,0,1,1,0,1,0,1,1,0,1,1,0,1,1,0,1,1,1,0,0,1,0,1,0,0,0,0,0,1,1,0,1,1,1,1,1,1,1,0,0,0,0,0,0,0,1,0,1,1,0,1,1,1,0,0,1,0,1,0,0,0,1,1,1,1,1,1,1,0,0,1,1,0,1,1,0,1,0,1,0,0,0,0,1,0,1,0,0,0,0,0,0,1,0,0,0,1,1,0,0,1,0,0.0,-4432.129999999999,1
0,1,1,1,0,1,0,0,1,0,1,1,0,1,1,0,1,0,0,1,1,1,0,1,0,1,1,0,0,1,0,0,0,0,0,1,0,0,1,1,1,0,1,0,1,1,1,1,0,0,0,1,0,1,1,1,0,0,1,1,0,1,0,0,1,1,1,1,0,0,0,0,1,0,0,1,1,1,1,0,0,0,1,0,1,0,0,1,1,1,0,0,1,1,1,0,0,1,1,1,1,0,1,0,0,0,1,0,1,0,1,1,1,0,0,0,0,0,1,1,1,0,1,1,0,1,0,0,0,1,1,0,0,1,1,1,0,0,0,1,1,0,1,1,0,0,0,1,1,1,1,0,1,0,1,0,0,1,1,0,1,1,0,0,1,1,0,1,0,0,1,1,0,1,0,1,1,1,1,0,0.0,-4430.919999999998,1
1,0,1,0,1,0,1,0,1,0,1,1,0,1,0,1,1,1,1,0,0,0,1,0,1,0,0,0,1,1,1,1,0,1,0,1,0,1,1,1,1,1,0,0,0,0,0,1,1,1,1,1,0,0,0,0,0,1,1,1,1,0,1,1,0,0,0,0,0,1,0,1,1,0,1,0,1,1,0,1,0,0,0,1,1,0,1,0,0,1,1,0,0,1,1,0,1,1,0,0,1,0,1,0,0,0,1,1,0,0,0,0,1,1,1,1,1,0,0,0,1,1,0,1,0,0,1,0,1,0,1,1,0,0,0,0,1,0,0,0,1,1,1,0,1,1,1,0,0,1,1,1,0,1,0,0,1,1,0,1,1,0,0,0,0,0,1,1,1,0,0,0,0,1,1,0,0,0,1,1,0.0,-4430.39,1
1,0,1,0,0,1,0,1,0,1,0,1,1,0,0,0,1,0,0,1,1,1,0,0,0,1,1,0,0,0,0,0,0,0,0,1,0,1,0,0,0,0,0,1,1,1,1,1,0,0,0,1,1,1,1,1,0,0,1,1,1,1,0,1,1,0,1,0,0,0,0,0,0,0,1,1,0,0,1,0,0,0,1,0,1,0,0,1,0,1,1,0,1,0,1,1,0,0,1,1,0,0,0,1,0,1,1,0,0,0,0,0,0,0,1,0,0,0,0,1,1,0,1,0,0,1,1,1,1,0,1,1,1,1,1,1,0,0,0,1,0,0,0,1,1,0,0,1,0,0,0,0,1,1,0,1,1,0,1,1,1,1,1,0,1,1,1,0,0,0,1,1,1,1,1,0,0,1,0,1,0.0,-4429.700000000001,1
0,1,1,1,0,0,1,1,0,1,1,0,1,0,1,0,1,1,0,1,0,1,1,0,0,0,1,1,0,0,0,0,0,0,0,1,1,0,0,1,1,0,1,0,1,0,0,1,1,1,1,1,1,0,1,0,1,1,0,0,1,0,0,0,1,0,0,1,1,1,0,0,1,0,0,0,0,0,0,1,1,0,0,1,1,0,1,1,1,0,1,0,1,1,1,1,0,0,0,1,0,0,0,0,0,0,1,0,1,0,1,1,0,0,1,1,0,0,0,0,1,1,1,0,1,1,0,1,1,1,1,0,1,1,1,1,0,0,0,1,0,1,0,1,0,0,1,1,1,1,0,0,1,0,1,0,1,0,1,0,0,1,1,0,1,0,0,0,1,0,1,1,1,0,1,1,1,1,1,0,0.0,-4429.43,1
1,1,0,0,0,0,1,1,0,1,0,1,1,1,1,0,0,1,1,1,0,1,1,0,0,0,1,0,0,0,1,1,0,0,1,1,0,0,0,1,1,0,1,0,1,0,0,1,1,0,1,0,1,0,1,0,0,1,0,1,0,0,0,0,1,0,1,1,1,1,1,1,0,1,1,0,0,0,0,0,0,1,0,0,1,1,0,0,0,1,0,1,1,1,0,0,1,1,0,0,0,0,1,1,1,1,0,0,1,1,0,0,0,0,1,1,0,1,0,0,0,1,1,1,0,0,0,1,1,0,0,0,1,0,1,1,1,1,1,1,0,0,0,0,0,0,1,1,1,0,1,0,1,0,0,1,1,1,1,0,1,1,1,0,1,1,1,1,1,1,1,1,1,0,1,1,1,1,1,0,0.0,-4428.910000000001,1
1,1,1,1,0,0,0,0,1,0,1,1,0,0,1,1,1,0,1,1,0,1,1,1,0,0,0,0,0,1,0,0,1,1,1,0,0,0,0,1,0,0,1,0,1,1,1,0,0,1,0,1,0,0,1,1,1,0,1,0,0,1,1,0,1,0,1,1,1,0,0,0,1,1,0,0,1,1,0,1,1,1,0,1,0,1,1,0,0,0,0,1,1,1,1,1,0,0,0,1,1,1,0,0,0,0,1,0,1,0,1,0,1,0,0,0,1,0,1,0,0,1,1,0,0,0,1,0,0,1,1,0,1,1,1,0,1,0,0,0,1,1,1,0,0,0,0,0,0,1,0,0,0,1,1,1,0,0,1,0,1,1,0,0,1,1,0,0,1,1,0,0,0,1,0,0,1,1,1,1,0.0,-4428.5199999999995,1
1,1,1,0,0,0,0,1,1,1,0,1,0,1,0,0,1,0,0,1,1,1,0,1,0,1,1,0,0,0,0,0,1,0,0,1,0,0,0,1,0,0,1,0,1,1,1,0,0,0,0,1,1,1,1,1,0,0,1,1,0,1,0,0,1,0,0,0,1,0,0,0,0,1,1,1,0,0,1,0,0,1,1,0,0,1,0,1,0,1,0,1,0,1,1,0,0,0,1,1,0,1,1,0,0,0,1,0,1,0,0,0,0,0,0,1,0,0,1,1,0,0,1,1,0,1,0,1,0,0,1,0,1,1,1,1,0,0,0,1,0,0,0,1,1,0,1,1,0,1,1,0,1,1,0,0,0,1,1,1,1,1,1,1,1,1,1,0,0,1,1,1,1,1,0,0,1,1,0,1,0.0,-4426.7699999999995,1
0,1,1,1,1,1,0,0,1,0,0,0,0,0,1,1,1,0,1,0,1,0,0,1,1,0,1,1,1,1,1,1,1,0,1,0,1,0,1,1,0,1,1,0,0,1,1,1,0,1,0,1,0,0,0,1,1,0,1,0,0,1,1,0,0,1,0,0,0,0,0,0,0,0,0,0,1,1,1,1,0,0,0,1,0,0,1,0,1,1,0,0,0,1,1,1,0,1,0,1,1,0,0,1,0,1,1,1,0,0,1,0,1,1,0,0,1,0,1,1,1,1,1,0,1,0,0,0,0,1,1,0,0,1,1,0,1,0,0,0,1,1,1,1,0,1,0,0,0,0,1,1,0,1,1,0,0,0,0,1,1,0,0,0,0,1,0,1,1,0,0,0,0,1,0,0,1,0,0,1,0.0,-4426.68,1
1,1,1,1,0,0,0,1,0,1,0,1,1,0,1,1,1,0,1,1,1,1,0,0,1,0,0,1,0,0,0,0,1,1,1,0,1,1,0,0,1,0,0,1,0,1,0,0,0,0,0,1,1,0,0,1,1,0,1,0,0,1,1,0,1,0,1,1,1,0,0,0,0,1,0,0,0,0,1,1,1,1,0,1,0,1,0,0,1,0,0,1,0,0,1,1,0,0,0,1,0,1,0,1,0,1,1,0,1,1,1,1,0,1,1,0,1,0,1,1,0,1,1,0,1,0,0,1,0,1,1,1,0,1,1,0,1,0,0,0,0,1,0,0,0,1,0,1,1,0,0,1,0,0,1,0,0,0,1,0,1,1,1,0,0,1,0,0,1,1,0,0,1,0,1,1,1,0,1,0,0.0,-4425.55,1
0,1,1,0,0,1,0,0,1,0,1,1,0,0,0,0,0,0,0,1,1,0,0,1,0,1,1,1,1,1,0,0,1,0,0,1,1,0,1,1,0,1,1,0,1,1,0,0,0,1,0,1,0,1,1,1,0,0,0,1,0,1,0,0,0,1,1,0,0,0,1,0,1,1,1,1,1,1,1,0,1,1,1,0,0,0,1,0,0,0,1,0,0,1,1,0,0,1,1,1,1,1,1,0,0,1,1,1,1,0,0,0,1,0,0,0,0,1,1,1,1,0,1,0,0,1,0,0,0,0,0,0,1,1,1,1,0,0,0,1,1,0,1,0,0,0,0,1,0,0,0,1,1,1,0,0,0,1,0,1,1,1,0,1,1,1,1,1,1,1,1,1,0,0,0,0,1,1,0,1,0.0,-4425.49,1
0,1,1,0,1,0,0,0,1,0,0,1,0,1,0,1,0,0,1,0,1,0,0,1,1,0,0,1,1,0,0,1,1,1,1,0,1,1,0,0,0,1,0,1,0,1,0,0,0,1,0,1,1,0,0,1,0,0,0,1,0,1,1,1,0,0,1,1,1,0,1,1,0,1,1,0,1,1,1,0,1,0,0,1,0,1,1,0,1,1,0,1,0,0,1,1,0,1,1,0,1,1,0,1,0,0,1,1,0,0,0,0,0,1,0,0,1,0,1,1,0,0,0,1,1,0,1,0,0,0,0,1,0,1,0,0,1,0,0,0,0,0,1,0,1,1,0,0,0,1,0,0,0,1,1,0,0,0,0,0,1,0,0,0,0,1,1,1,1,0,0,0,0,0,0,0,0,0,1,1,0.0,-4425.4,1
0,1,1,1,0,0,1,1,0,1,1,0,1,0,1,1,1,1,1,1,1,1,0,0,1,0,1,0,0,0,1,0,0,0,1,0,0,0,0,1,1,0,1,0,0,0,1,1,1,1,1,1,1,1,0,0,1,1,1,0,0,0,1,1,1,0,0,1,1,1,0,1,1,1,0,0,0,0,1,0,0,1,0,1,1,1,1,1,0,1,0,1,0,1,1,1,0,0,1,0,0,0,0,0,0,1,1,0,0,0,1,0,0,1,1,1,1,0,0,1,0,0,0,0,1,0,1,1,1,1,1,0,0,1,0,0,1,0,0,0,0,1,0,1,1,1,1,0,1,0,1,1,0,0,1,1,1,0,1,0,1,0,1,1,0,0,0,0,0,1,0,0,1,1,1,1,0,0,1,0,0.0,-4424.2300000000005,1
0,0,1,0,0,0,0,0,1,0,0,0,0,0,1,1,1,0,1,1,1,1,0,0,1,1,1,0,0,1,1,0,1,0,1,0,0,1,1,0,1,0,0,1,0,0,1,0,1,1,0,1,0,0,0,1,0,0,1,1,1,0,1,1,1,0,1,1,1,0,0,1,0,0,1,1,1,1,1,0,0,0,1,0,0,1,1,0,0,1,0,1,0,0,1,0,0,0,1,0,1,1,1,1,0,1,1,0,0,0,0,0,1,1,1,0,1,0,1,1,0,0,0,0,0,0,1,0,0,0,1,1,0,1,0,0,1,0,0,0,1,0,1,0,0,1,1,0,0,0,1,0,0,1,0,0,0,1,1,0,1,1,0,0,0,1,1,0,1,0,0,0,0,1,1,0,0,0,1,1,0.0,-4423.899999999999,1
1,1,0,1,0,1,0,0,1,1,0,0,0,1,1,0,0,0,0,1,1,1,0,1,0,0,1,0,0,0,0,0,1,0,0,1,0,0,1,0,0,0,1,1,1,1,1,1,0,0,0,0,0,0,1,1,1,0,0,0,0,1,0,0,1,1,0,1,0,0,1,0,1,1,0,0,0,0,0,1,0,1,0,1,0,0,0,0,1,1,1,0,1,0,0,1,1,1,0,1,0,0,0,0,1,1,0,0,1,1,1,0,0,0,0,0,0,1,0,1,1,1,1,1,0,1,0,1,1,1,0,0,1,0,1,1,0,1,1,1,0,1,0,0,0,0,0,1,0,0,1,0,1,1,1,0,1,0,1,0,1,1,0,0,1,1,0,1,1,1,1,1,1,0,0,0,1,1,1,1,0.0,-4423.860000000001,1
1,0,1,1,0,0,0,1,0,1,0,1,1,0,0,0,0,0,0,1,0,1,1,1,0,0,1,0,0,0,0,0,1,0,0,1,0,1,0,0,1,0,1,1,1,1,0,0,0,0,0,1,1,0,1,1,1,0,0,0,0,1,0,0,1,0,1,0,1,0,1,0,0,1,0,0,0,0,0,1,0,1,0,1,0,1,0,0,0,1,1,1,1,0,1,0,0,1,0,1,0,1,1,1,0,1,1,0,1,0,1,0,0,0,0,0,0,1,1,0,0,1,1,0,1,1,0,1,0,1,0,1,1,1,1,1,0,0,0,1,0,0,0,0,0,0,0,1,1,0,1,0,1,0,1,1,0,1,1,1,1,1,1,0,1,1,0,1,1,0,1,1,1,0,0,1,1,1,0,0,0.0,-4423.650000000001,1
0,1,1,0,0,0,1,1,0,1,0,0,1,1,0,1,1,1,1,1,0,0,1,0,1,1,1,1,0,0,1,0,1,0,0,0,1,1,0,0,0,1,0,1,0,0,0,0,1,1,1,1,1,1,0,0,0,1,0,1,0,0,1,1,1,0,1,0,1,1,0,1,0,1,1,1,0,0,0,0,1,1,1,0,0,1,1,1,1,1,0,1,0,0,1,1,0,1,1,0,1,0,0,1,0,0,1,1,0,0,0,1,0,1,1,1,1,0,1,0,0,0,0,1,0,0,1,1,0,0,1,1,0,1,0,0,1,0,0,0,0,0,0,1,1,1,1,0,0,1,1,1,0,1,0,1,0,0,0,1,0,1,1,1,0,1,1,1,0,1,0,0,0,0,1,0,0,0,0,1,0.0,-4423.219999999998,1
1,0,0,0,0,1,1,1,0,1,1,0,1,1,1,1,1,1,1,1,0,0,1,1,1,1,1,0,0,0,1,0,0,0,1,0,0,0,0,1,1,1,1,0,0,0,1,1,1,1,1,0,1,1,0,0,0,1,1,1,1,0,1,0,1,0,0,1,0,1,0,1,1,0,1,1,0,0,1,0,1,0,1,0,1,0,1,0,1,0,0,0,0,1,0,0,1,0,1,0,0,0,1,0,1,1,0,1,1,1,0,0,0,1,0,1,1,1,0,0,1,0,0,1,1,0,0,1,1,0,1,0,0,0,1,0,1,1,1,0,0,0,0,0,0,1,1,0,1,0,0,0,0,0,0,1,1,1,0,0,1,1,1,1,0,0,1,0,0,0,0,0,1,1,0,1,1,0,1,0,0.0,-4422.969999999998,1
0,0,0,0,0,1,1,0,1,0,0,1,0,0,0,0,0,1,0,1,0,1,1,1,0,1,1,1,0,1,1,0,0,0,0,0,1,1,1,0,1,0,1,1,1,0,0,0,1,0,1,0,0,0,1,0,0,1,1,1,1,0,0,0,1,1,1,0,1,1,0,1,0,0,0,1,1,1,1,0,1,0,1,0,1,1,0,0,1,0,0,1,1,0,0,0,1,1,1,0,1,1,1,1,1,1,0,0,1,1,0,1,1,0,0,1,0,1,1,0,0,0,0,0,0,1,0,0,0,0,1,1,1,0,1,1,0,1,1,1,1,0,1,0,0,0,0,0,1,0,0,0,1,0,0,0,0,1,1,1,0,1,0,1,1,1,1,1,1,0,1,1,0,1,0,1,1,1,0,0,0.0,-4421.9800000000005,1
1,1,0,0,0,1,0,0,1,0,0,0,0,0,1,0,1,0,0,1,0,1,1,1,0,0,1,0,0,1,0,0,0,0,0,1,0,1,1,0,1,0,0,1,1,1,1,0,0,1,0,0,0,1,1,1,0,0,1,1,0,1,0,1,1,1,0,1,1,0,0,1,0,1,1,0,1,1,0,1,0,1,0,1,1,0,1,1,0,0,0,0,1,0,0,0,1,0,0,0,1,1,1,1,1,1,0,0,0,1,0,0,1,0,0,0,0,1,1,0,1,1,0,0,0,1,1,0,0,0,1,1,1,0,0,1,0,1,1,1,1,0,1,1,1,0,0,0,1,0,0,0,1,0,0,0,0,1,1,0,1,1,0,1,1,1,1,0,0,1,1,1,0,1,0,1,0,1,1,0,0.0,-4421.589999999998,1
1,0,1,0,0,1,1,1,0,1,1,1,1,0,0,0,0,1,0,1,1,1,0,0,0,1,1,0,0,0,1,0,1,0,0,1,0,0,0,1,0,0,1,0,1,0,0,0,1,0,1,1,1,1,1,0,0,1,0,1,1,0,0,0,1,1,0,0,0,1,0,0,1,1,1,1,0,0,0,0,0,1,1,0,0,0,0,1,0,1,1,0,1,1,1,0,0,0,1,1,1,1,1,0,0,0,1,0,1,0,0,0,0,0,1,1,0,0,1,1,1,0,1,0,0,1,0,1,0,0,1,0,0,1,1,1,0,0,0,1,0,0,0,1,0,0,1,1,1,1,1,1,1,0,0,1,0,1,1,1,1,1,1,0,1,1,1,0,0,1,1,1,0,0,1,1,1,1,0,1,0.0,-4421.5099999999975,1
0,1,1,1,1,1,0,0,1,0,0,1,0,0,1,1,0,0,1,0,1,0,0,0,1,0,1,1,1,1,0,1,1,0,1,0,1,1,0,0,0,1,1,1,0,1,0,0,0,1,0,1,0,0,0,1,0,0,1,1,0,1,1,0,0,1,0,1,0,0,1,0,0,1,0,0,1,1,1,0,1,1,0,1,0,1,1,0,1,1,1,0,0,0,1,1,0,1,1,1,1,1,0,1,0,0,1,1,1,1,0,0,1,1,1,0,1,0,1,1,0,0,1,0,1,0,0,0,0,1,0,1,0,1,1,0,1,0,0,0,1,0,1,0,0,1,0,1,0,1,1,1,0,1,1,0,0,0,0,0,1,0,0,0,0,1,1,1,1,1,0,0,0,1,1,0,1,0,1,1,0.0,-4421.009999999999,1
1,1,1,0,1,0,0,1,0,1,0,0,1,0,0,1,0,0,1,0,1,0,0,0,1,0,1,1,1,0,0,1,0,0,1,0,1,0,0,1,1,1,0,0,0,1,0,0,0,1,0,1,1,1,0,1,0,0,0,1,0,1,1,1,0,0,0,0,1,0,1,1,0,1,1,0,0,0,0,0,1,1,0,1,1,1,1,1,1,0,1,1,0,1,1,1,0,0,0,0,0,1,0,1,0,1,1,1,1,0,0,1,0,1,1,0,1,0,1,1,0,1,0,0,1,0,1,1,0,0,0,0,0,1,0,0,1,0,0,0,0,1,0,1,1,1,1,0,0,0,1,0,0,1,0,1,0,0,0,1,0,0,1,0,0,1,1,0,0,1,0,0,1,0,1,0,0,0,0,1,0.0,-4420.219999999998,1
1,0,1,0,1,0,0,0,1,0,0,0,0,1,0,1,1,0,1,0,1,0,0,0,0,0,1,1,1,1,0,1,1,0,1,0,1,0,1,0,0,1,1,1,0,1,1,0,0,1,0,1,0,1,1,1,0,0,0,1,1,1,1,0,0,0,1,0,1,0,0,0,0,1,1,0,1,1,0,0,1,1,0,1,0,1,1,1,1,0,1,1,0,0,1,1,1,1,1,1,1,1,0,1,0,1,1,1,1,0,0,0,1,0,1,0,1,0,0,1,0,0,1,1,0,0,0,0,0,0,1,0,1,1,1,0,1,0,0,1,1,0,1,1,0,1,1,1,0,0,0,0,0,1,0,0,0,0,0,1,1,0,0,1,1,1,1,1,0,1,1,0,0,0,1,0,1,0,0,1,0.0,-4420.01,1
0,0,1,0,1,0,0,1,0,1,1,0,1,0,0,1,0,0,1,0,1,0,0,1,1,1,1,0,0,0,0,1,1,0,1,0,0,0,1,1,0,1,0,0,0,1,1,0,0,1,0,1,0,1,0,1,0,0,1,1,1,1,1,1,1,0,0,0,0,0,0,1,1,1,1,1,0,0,0,0,0,1,1,0,0,0,1,1,1,1,1,0,0,1,1,1,0,1,1,0,0,1,0,0,0,0,1,1,0,0,0,1,0,1,0,0,1,0,1,1,1,0,0,0,1,0,1,1,0,0,1,0,0,1,0,0,1,0,0,1,0,0,0,1,1,1,0,0,0,1,1,1,0,1,0,1,0,0,0,1,0,0,1,0,0,1,1,1,0,1,1,0,1,1,0,0,0,0,1,1,0.0,-4419.259999999998,1
0,0,1,0,0,1,0,0,1,0,1,0,0,1,1,0,1,0,0,1,1,1,0,1,0,0,1,1,0,0,0,0,0,0,1,0,1,0,1,1,0,0,0,0,1,1,0,1,0,0,0,1,1,0,1,1,0,0,1,1,1,1,0,1,1,1,0,1,0,0,0,1,1,0,0,0,1,1,1,0,1,0,0,1,1,0,0,0,0,0,1,0,1,1,1,1,0,0,1,0,1,0,0,0,0,1,1,0,0,0,0,0,0,0,0,0,0,0,0,1,1,0,0,1,0,1,1,0,1,0,1,0,1,1,0,1,0,0,0,1,1,1,1,0,1,0,1,0,0,0,0,0,1,1,0,0,1,0,1,0,1,1,0,0,1,0,1,0,1,0,1,1,0,1,0,0,0,1,1,1,0.0,-4418.510000000002,1
0,0,0,0,0,1,1,0,1,0,0,1,0,0,0,1,0,1,1,1,1,0,0,0,1,1,0,0,0,1,1,0,0,1,1,0,0,0,1,1,1,1,0,0,0,0,0,0,1,1,1,0,0,1,0,0,0,1,0,1,1,0,1,1,1,1,1,0,0,1,1,1,0,0,0,1,1,1,0,0,0,1,1,0,1,1,1,1,0,1,0,1,0,1,0,0,1,0,1,0,1,1,1,1,1,1,1,1,0,1,0,1,1,1,1,1,1,1,1,1,0,0,0,0,1,0,1,0,0,0,0,0,1,0,0,0,1,1,1,0,1,1,1,1,1,1,1,0,1,0,1,0,0,0,0,0,0,1,0,1,0,1,0,1,0,1,1,0,0,1,0,0,0,0,1,1,0,0,0,0,0.0,-4417.229999999997,1
0,0,0,0,0,1,0,1,0,1,1,0,1,1,1,0,0,0,0,1,1,1,0,0,0,0,1,0,0,0,0,0,0,0,0,1,0,0,0,1,0,0,1,0,1,0,0,0,1,1,0,0,1,0,1,1,1,0,0,0,1,0,0,0,1,1,0,1,0,0,1,0,1,0,0,0,0,0,1,0,0,0,0,1,1,0,1,1,0,1,1,0,1,1,0,0,1,1,1,1,0,1,1,0,1,1,0,0,1,0,1,1,0,0,1,0,0,1,1,1,1,0,1,1,0,1,0,1,0,1,0,0,1,0,1,1,0,1,1,1,0,0,0,1,0,0,0,1,0,0,1,0,1,1,1,1,0,1,1,0,0,1,1,1,1,1,0,1,0,0,1,1,1,0,1,0,1,1,1,1,0.0,-4415.4400000000005,1
1,0,0,1,1,0,0,1,0,1,0,1,1,1,1,1,0,0,1,0,1,0,0,0,1,0,1,0,1,1,0,1,1,0,1,0,0,0,1,1,0,1,1,0,0,1,0,1,0,1,0,0,0,1,0,1,1,0,0,0,1,1,1,0,0,0,0,1,1,0,1,0,0,1,0,0,0,0,1,0,0,1,0,1,0,1,1,1,1,1,1,1,0,1,0,0,0,0,1,1,0,0,1,1,1,1,0,1,1,1,1,1,1,1,1,0,1,1,0,1,0,0,1,1,0,0,0,1,1,1,0,0,0,0,1,0,1,1,1,0,1,1,0,1,0,1,1,1,0,0,1,1,0,1,1,1,1,1,0,0,0,0,1,1,0,0,0,1,0,1,0,0,1,0,1,0,1,0,1,1,0.0,-4411.78,1
1,1,0,0,1,1,0,1,0,1,1,0,1,0,1,0,1,0,0,0,1,1,0,1,0,0,1,0,0,0,0,1,0,0,1,0,0,0,0,1,1,0,0,0,1,0,1,1,1,0,0,0,1,1,1,1,0,0,1,1,0,0,0,1,1,1,1,1,0,0,0,1,1,0,0,0,0,0,0,0,0,0,0,1,1,0,0,1,0,0,1,0,1,1,0,0,1,1,1,0,0,0,1,0,1,0,0,0,0,1,0,0,0,0,0,0,0,1,0,1,1,0,0,0,0,1,1,1,1,0,1,0,1,0,0,1,0,1,1,1,0,0,0,1,1,0,0,0,1,1,0,0,1,0,0,1,1,1,1,0,1,0,1,1,1,0,1,1,0,0,1,1,1,1,0,1,0,1,1,0,0.0,-4411.77,1
0,1,0,1,1,1,0,1,0,1,0,0,1,0,0,1,0,0,1,0,1,0,0,0,1,0,1,0,1,0,0,1,1,0,1,0,0,1,0,0,1,1,1,1,0,1,1,0,0,0,0,1,1,0,0,1,1,0,0,0,0,1,0,0,0,0,1,0,0,0,1,0,0,0,0,0,0,0,0,1,0,1,0,1,0,0,0,0,0,1,0,0,0,0,0,1,1,1,0,1,0,1,0,1,1,1,1,1,1,0,1,0,0,1,1,0,1,1,1,0,1,1,1,0,0,0,0,1,0,1,0,1,0,0,1,1,1,1,1,1,0,1,0,0,0,1,1,1,1,0,1,1,0,0,1,1,0,0,0,1,1,0,1,1,0,1,0,1,1,1,1,0,1,0,1,1,1,0,0,0,0.0,-4411.170000000001,1
1,1,0,0,1,1,0,1,1,1,1,0,0,0,0,0,0,0,0,0,1,0,0,0,1,0,1,1,1,0,1,1,1,0,0,1,0,0,0,1,1,1,1,0,0,1,0,0,0,1,0,0,1,0,0,1,0,0,0,1,0,1,0,0,0,1,0,0,0,0,1,0,1,0,1,0,0,0,1,1,1,0,0,1,0,1,1,1,1,0,1,1,0,1,0,0,1,1,0,1,0,1,1,0,1,1,0,1,1,1,0,0,0,1,1,0,0,1,1,1,0,1,1,0,0,1,0,1,0,0,0,0,0,0,1,1,0,1,1,1,0,1,1,1,0,1,1,1,1,0,0,1,1,0,0,0,0,1,0,1,1,0,1,0,0,1,1,1,1,0,1,1,1,0,1,1,1,0,0,0,0.0,-4411.149999999999,1
0,1,1,0,0,0,0,0,1,0,1,1,0,0,1,1,1,0,1,1,1,0,0,1,1,1,1,0,0,1,0,0,0,0,1,0,0,0,1,1,0,1,1,0,0,1,1,0,0,0,0,1,0,1,0,1,0,0,1,1,0,1,1,0,1,0,1,1,1,0,0,0,1,1,1,1,1,1,1,0,0,0,1,0,1,1,0,0,1,1,0,1,0,1,1,1,1,0,1,1,1,1,0,0,0,1,1,0,1,1,0,0,1,1,0,0,1,0,1,1,0,0,1,0,0,0,0,0,0,0,1,0,0,1,1,0,1,0,0,1,1,0,1,0,0,1,1,1,0,0,1,1,0,1,0,0,0,0,0,0,1,1,1,1,0,1,1,0,0,0,1,0,0,1,0,0,1,0,1,1,0.0,-4410.7,1
0,1,0,1,0,1,1,0,1,0,1,1,0,1,1,0,0,1,0,1,0,1,1,0,0,1,0,0,0,0,1,0,0,1,0,1,0,1,0,1,1,0,1,0,1,0,0,1,1,0,1,0,1,1,1,0,1,1,0,0,0,0,0,0,1,1,1,1,0,1,1,0,1,0,0,1,1,1,0,0,0,0,1,0,1,1,0,1,0,0,0,0,0,1,0,1,1,1,1,1,1,0,0,0,1,1,0,0,1,1,1,1,0,0,1,1,0,1,0,0,0,0,1,1,1,1,0,0,1,1,0,0,1,0,1,1,0,1,1,1,0,1,1,1,0,0,0,1,1,0,0,0,1,0,1,0,1,0,1,0,0,1,0,1,1,0,0,1,0,0,1,1,0,0,1,1,1,1,0,0,0.0,-4409.8,1
1,0,1,0,0,0,1,1,0,1,1,1,1,0,0,1,0,1,1,1,0,0,1,0,1,1,1,0,0,0,1,0,0,0,1,0,0,0,1,1,1,1,1,0,0,1,0,0,0,1,1,1,1,0,0,0,0,1,0,1,1,1,1,0,1,0,0,0,1,1,1,0,1,0,1,1,0,0,0,0,0,0,1,0,1,1,1,0,1,1,1,1,0,1,1,0,0,0,1,1,0,1,1,0,0,1,1,1,1,0,0,0,0,1,1,1,1,0,1,0,0,0,1,0,1,0,0,1,0,0,0,0,1,1,1,0,1,0,0,0,0,0,0,0,0,1,1,1,0,0,0,1,0,1,0,1,0,1,0,1,1,1,1,1,0,0,1,0,1,0,0,0,1,0,1,0,1,0,0,0,0.0,-4408.829999999997,1
1,1,1,1,0,0,0,0,1,0,1,1,0,0,0,1,1,0,1,1,1,1,0,1,1,1,1,0,0,1,1,0,0,0,1,0,0,0,1,1,0,0,0,0,0,0,1,0,1,0,0,1,0,1,0,1,1,0,0,0,0,0,0,1,1,0,0,0,1,0,1,1,1,0,0,1,1,1,0,1,0,0,1,0,1,1,0,0,1,1,0,1,0,1,1,1,0,0,1,0,1,1,0,0,0,1,1,0,0,0,1,0,1,1,0,0,1,0,1,1,0,0,0,0,0,0,1,0,0,1,0,0,0,1,0,1,1,0,0,1,1,1,1,0,1,1,0,0,0,0,1,1,0,1,1,0,0,0,1,1,1,1,0,0,0,0,0,0,0,0,1,0,0,0,0,0,0,0,0,1,0.0,-4408.719999999999,1
1,1,1,0,1,1,0,0,1,0,0,1,0,0,0,1,1,0,1,0,1,0,0,1,0,0,1,1,1,1,0,1,1,0,1,0,1,1,1,0,0,1,0,1,0,1,1,0,0,0,0,1,0,1,1,1,0,0,1,1,0,1,1,1,0,1,1,0,0,0,0,1,0,1,1,0,1,1,1,1,1,1,0,1,0,0,1,0,1,0,0,0,0,0,1,1,0,1,0,0,1,1,0,1,0,0,1,1,0,0,0,0,1,0,0,0,1,0,0,0,1,1,0,0,1,0,1,0,0,0,1,1,1,1,0,0,1,0,0,0,1,0,0,0,1,1,1,0,0,1,0,0,0,1,0,0,0,0,0,1,1,0,0,0,1,1,1,1,0,1,0,0,0,1,0,0,0,0,0,1,0.0,-4405.68,1
0,1,1,0,1,0,0,1,0,1,0,1,1,0,1,1,1,0,1,0,1,0,0,0,1,1,1,1,1,0,0,1,1,0,0,0,1,0,0,1,1,1,1,0,0,1,0,1,0,1,0,1,1,1,0,1,0,0,0,1,0,1,1,0,0,0,0,1,1,0,1,0,1,0,1,1,0,0,1,0,1,1,1,0,0,1,1,1,1,1,1,1,0,1,1,1,0,0,1,1,0,0,0,0,0,1,1,1,1,0,0,0,0,1,1,0,1,0,0,1,0,0,1,0,1,0,0,1,1,0,0,0,0,1,1,0,1,0,0,0,0,0,0,1,0,1,1,1,1,0,1,1,0,0,0,1,1,0,0,0,1,0,1,1,0,0,1,0,0,1,1,0,1,0,1,1,1,0,1,0,0.0,-4404.539999999999,1
0,0,1,0,0,0,0,1,0,1,0,1,1,1,0,1,0,0,1,1,1,0,0,0,1,1,0,1,0,0,0,0,0,1,0,0,1,0,0,1,1,1,1,0,0,1,0,0,0,1,0,1,1,1,0,1,0,0,0,1,1,1,1,0,1,0,0,0,1,0,1,0,0,0,1,1,0,0,0,0,1,0,1,0,1,1,1,1,1,0,1,1,0,1,1,0,1,1,1,1,0,1,1,0,0,1,1,1,0,1,0,1,0,1,1,0,1,0,1,1,0,0,1,1,0,0,0,1,0,0,0,0,0,1,1,0,1,0,0,0,0,0,0,1,0,1,1,1,1,0,0,1,0,0,0,0,0,1,0,1,0,1,1,1,0,1,1,1,0,0,0,0,1,0,1,1,1,0,0,0,0.0,-4401.909999999998,1
0,0,0,0,1,0,0,1,0,1,1,1,1,1,0,1,1,0,1,0,1,0,0,0,1,1,1,1,1,0,0,1,0,0,0,0,1,0,0,1,1,1,0,0,0,1,0,1,0,1,0,0,1,1,0,1,0,0,0,1,1,1,1,1,0,0,0,0,1,0,1,1,1,0,1,1,0,0,0,0,1,0,1,0,1,1,1,0,0,0,1,1,0,1,0,1,1,0,1,0,1,0,0,0,1,1,0,1,0,1,0,1,0,1,1,0,1,1,0,1,0,0,0,1,1,0,1,1,1,0,0,0,0,0,0,0,1,1,1,0,0,0,0,0,1,1,1,0,1,0,0,1,0,0,0,0,1,0,0,1,0,0,1,0,0,0,1,0,1,0,0,0,0,0,0,1,0,0,0,0,0.0,-4400.559999999999,1
1,0,1,0,1,0,0,0,1,0,0,1,0,0,0,1,0,0,1,0,1,0,0,1,1,1,1,0,1,1,0,1,1,0,1,0,0,0,1,1,1,1,1,0,0,1,1,0,0,1,0,1,0,1,0,1,0,0,0,1,1,1,1,1,0,0,0,0,1,0,1,1,0,0,1,1,1,1,1,1,0,0,1,0,0,0,1,0,1,1,0,0,0,1,1,1,0,0,0,0,1,1,0,0,0,1,1,1,0,0,0,1,1,1,0,0,0,0,1,1,1,1,0,0,1,0,1,0,0,0,0,0,0,1,0,0,1,0,0,0,1,1,1,0,1,1,0,1,1,0,1,0,0,0,0,0,0,0,0,1,0,0,0,0,0,1,1,0,1,0,0,0,0,0,0,1,0,0,0,0,0.0,-4400.059999999998,1
0,0,0,0,0,1,0,1,0,1,1,1,1,0,0,1,0,0,1,1,1,1,0,0,1,1,0,0,0,0,0,0,0,1,1,1,0,0,0,1,1,0,0,0,0,0,0,0,1,0,0,0,1,1,0,1,1,0,0,0,1,0,1,1,1,0,1,0,0,0,1,1,1,0,1,1,0,0,1,0,0,0,1,0,1,1,0,1,1,1,1,0,0,1,0,1,1,0,1,0,0,1,0,0,1,1,0,1,0,1,0,0,0,1,1,0,1,1,1,1,0,0,0,0,1,0,1,1,0,0,0,0,0,0,0,0,1,1,1,0,0,0,0,1,1,1,1,0,1,0,1,0,0,0,0,1,0,0,1,1,1,1,1,0,0,1,1,0,0,0,0,0,1,0,1,1,0,0,0,0,0.0,-4397.789999999998,1
0,0,1,0,1,1,0,0,1,0,1,1,0,0,0,0,1,0,0,0,1,0,0,1,0,1,1,1,1,0,1,1,1,0,0,1,1,0,0,1,1,1,0,0,1,1,1,0,0,0,0,1,1,0,1,1,0,0,0,1,1,1,1,1,0,1,0,0,0,0,0,1,1,0,1,1,1,1,1,0,1,0,1,0,0,0,0,1,0,0,1,0,1,1,1,1,0,1,1,0,1,1,0,0,0,1,1,1,0,0,0,1,0,0,0,0,0,0,1,1,1,0,0,0,0,1,1,0,0,0,1,0,1,1,0,0,0,0,0,0,1,0,1,1,1,0,0,0,1,0,0,0,1,0,0,0,0,0,0,1,0,1,0,0,1,1,1,1,0,0,0,1,0,0,0,1,0,1,0,0,0.0,-4397.209999999999,1
0,0,1,0,0,1,1,0,1,0,1,0,0,1,0,1,0,1,1,1,0,0,1,1,0,0,1,1,1,1,0,0,0,0,1,1,1,0,1,1,0,1,1,0,0,0,0,1,1,0,1,1,0,0,1,0,1,1,0,1,1,0,1,0,0,1,0,0,0,1,1,0,1,0,1,0,1,1,0,0,1,0,0,1,1,0,0,0,1,0,1,0,0,1,1,1,1,1,1,1,1,0,0,0,0,1,1,1,1,0,0,0,1,0,0,1,1,0,0,0,1,0,1,1,0,0,0,0,1,0,0,0,0,1,1,0,1,0,0,0,1,0,1,0,0,1,1,1,0,0,0,1,0,1,0,0,1,0,0,1,1,1,0,0,1,0,1,1,1,0,0,0,0,0,0,0,1,0,0,1,0.0,-4395.280000000002,1
0,1,1,0,0,0,1,1,0,1,0,0,1,1,1,1,1,1,1,1,0,1,1,0,1,0,1,1,0,0,1,1,0,0,1,0,1,0,0,1,0,0,1,0,0,0,1,1,1,1,1,1,1,0,0,0,0,1,1,1,0,0,1,0,1,0,1,1,1,1,0,0,0,1,1,0,0,0,0,1,1,1,0,1,1,0,1,0,1,0,0,1,0,1,1,1,1,1,0,1,0,0,0,0,0,0,1,0,0,0,0,0,0,1,1,1,1,0,0,0,1,1,1,1,1,0,1,1,1,0,1,0,0,1,0,0,1,0,0,0,0,1,0,1,1,1,1,1,0,1,0,1,0,1,0,0,1,0,1,0,1,1,1,0,0,0,1,1,1,1,0,0,1,1,1,0,0,0,1,1,0.0,-4393.240000000001,1
0,1,0,0,1,1,0,0,1,0,0,1,0,0,0,1,1,0,1,1,0,0,1,1,1,1,1,0,1,1,0,0,1,0,1,0,0,1,1,0,0,1,1,1,0,1,0,0,0,1,0,1,0,1,0,1,0,0,0,1,0,1,1,0,0,1,1,0,0,0,1,0,0,0,1,1,1,1,0,0,0,0,1,0,0,1,1,1,1,1,1,1,0,0,0,0,1,0,1,1,1,1,1,1,1,1,1,1,1,0,0,0,1,1,0,0,1,1,1,0,0,0,1,0,0,0,0,0,0,0,0,1,0,0,1,0,1,1,1,0,1,0,1,1,0,1,1,1,1,0,1,1,0,0,0,0,0,1,0,1,1,0,0,0,0,1,1,0,0,0,0,0,0,0,0,1,1,0,0,1,0.0,-4392.359999999999,1
0,1,1,1,0,0,1,1,0,1,1,0,1,1,0,1,0,1,1,1,0,0,1,1,1,0,1,1,0,0,1,0,0,0,0,0,1,1,0,0,0,1,1,1,0,1,0,0,0,1,1,1,1,0,0,0,1,1,0,0,0,1,1,0,1,0,0,0,1,1,1,0,0,0,0,0,0,0,1,1,1,0,0,1,1,1,1,0,1,0,0,1,0,0,1,1,0,1,0,1,0,1,0,1,0,1,1,1,1,0,1,1,0,1,0,1,1,0,1,0,0,1,1,1,1,0,0,1,0,1,0,1,0,1,1,0,1,0,0,0,0,1,0,0,0,1,0,1,0,0,0,1,0,1,1,1,0,0,0,1,1,1,1,0,0,1,0,1,1,0,0,0,1,0,0,0,1,0,0,1,0.0,-4390.239999999998,1
1,0,1,1,0,0,0,0,1,0,0,1,0,0,1,0,0,0,0,1,1,1,0,1,0,1,1,0,0,1,1,0,0,0,0,1,0,0,1,0,1,0,0,1,1,0,0,0,1,1,0,1,0,0,1,1,1,0,0,0,0,0,0,0,1,0,1,1,1,0,1,0,0,1,0,1,1,1,1,1,0,1,1,0,1,1,1,0,0,1,1,1,1,0,1,1,1,1,0,1,1,1,0,1,0,1,1,0,1,1,1,1,1,0,0,0,0,0,1,1,0,1,1,0,0,1,0,0,0,1,0,0,1,1,1,1,0,0,0,1,1,1,1,1,0,0,1,1,0,0,1,0,1,1,1,0,0,0,1,0,0,1,0,1,1,1,0,1,1,1,1,1,0,0,0,0,1,1,1,0,0.0,-4388.89,1
0,1,1,0,1,1,0,1,1,1,1,1,0,0,1,1,1,0,1,0,1,0,0,1,1,1,1,1,1,1,0,1,0,0,1,0,1,0,0,1,0,1,0,0,0,1,1,0,0,0,0,1,1,1,0,1,0,0,1,1,0,1,1,1,0,1,0,1,0,0,0,1,1,0,0,1,0,0,0,0,1,0,1,0,1,0,0,1,1,0,1,0,0,1,1,0,0,1,1,0,0,1,1,0,0,0,1,1,0,1,0,1,1,1,0,0,1,0,1,1,1,0,0,0,1,0,1,1,0,0,1,0,0,1,0,0,1,0,0,0,0,0,0,1,1,1,0,0,0,1,1,1,0,1,0,1,0,1,0,0,0,0,1,1,0,0,1,1,0,0,0,0,1,1,0,0,0,0,1,1,0.0,-4388.049999999999,1
0,0,1,0,1,1,1,0,1,0,0,1,0,1,1,1,1,0,1,0,1,0,0,0,1,1,1,1,1,1,0,1,0,0,1,0,1,0,1,1,0,1,0,0,0,0,1,1,1,1,1,1,0,1,0,0,0,0,1,1,1,0,1,1,0,1,1,1,0,1,0,0,0,1,1,1,1,1,1,0,1,1,1,0,1,0,1,1,1,0,1,0,0,1,1,1,0,1,1,1,1,0,0,1,0,0,1,1,0,0,0,0,1,1,1,0,1,0,1,1,1,0,0,1,1,0,1,0,1,0,1,0,0,1,0,0,1,0,0,0,1,0,1,1,1,1,1,0,0,1,1,1,0,1,0,0,1,0,0,0,1,0,0,1,0,1,1,1,0,1,0,0,0,1,1,0,0,0,1,1,0.0,-4385.289999999999,1
0,1,0,0,0,0,1,1,0,1,1,1,1,0,0,0,0,1,0,1,1,1,0,0,0,1,1,0,0,0,0,0,0,0,0,1,0,0,0,1,1,0,1,0,1,0,1,1,1,0,1,0,1,1,1,0,0,1,0,1,0,0,0,0,1,0,0,0,0,0,1,0,1,1,1,1,0,0,1,1,0,1,1,0,1,0,0,1,0,0,1,0,1,1,0,0,0,1,0,1,0,0,1,0,1,1,0,0,1,0,0,1,0,0,1,1,0,1,0,0,1,1,1,0,1,1,0,1,1,0,0,0,1,0,1,1,0,1,1,1,0,1,0,1,1,0,1,1,1,0,0,0,1,0,0,1,1,1,1,1,0,1,1,1,1,0,1,1,0,1,1,1,1,0,1,1,1,1,0,0,0.0,-4385.0999999999985,1
0,1,1,0,0,1,1,0,1,0,1,0,0,1,0,1,1,1,1,1,0,0,1,1,1,0,1,0,0,1,1,0,0,0,0,1,0,0,1,1,0,1,1,0,0,0,0,0,1,0,1,1,0,0,0,0,0,1,0,1,0,0,1,1,1,1,0,0,0,1,0,1,1,1,1,0,1,1,0,0,0,0,0,1,1,1,0,0,0,1,0,1,0,1,1,1,0,0,1,0,1,1,0,0,0,1,1,1,1,0,0,0,1,1,0,1,1,0,1,0,0,0,0,1,1,0,0,0,0,0,1,0,0,1,1,0,1,0,0,0,1,0,1,0,0,1,0,0,0,0,1,1,0,1,0,0,0,0,0,1,1,1,0,0,0,1,1,0,1,0,0,0,0,0,0,0,1,0,0,1,0.0,-4385.02,1
1,0,0,0,0,0,1,1,0,1,1,0,1,0,0,0,0,1,0,1,0,1,1,1,0,0,0,0,0,0,0,0,0,1,0,1,0,0,1,1,1,0,0,0,1,0,0,0,1,0,1,1,0,1,1,0,0,1,0,1,1,0,0,1,1,0,0,0,1,1,1,1,1,1,0,0,0,0,0,0,0,1,0,1,1,1,0,1,0,1,0,1,1,1,1,1,0,1,1,0,0,1,0,0,0,0,1,0,0,0,0,0,0,0,0,0,0,1,1,0,0,0,0,0,0,1,1,1,0,0,0,0,1,1,0,1,0,1,1,1,0,0,0,1,1,0,1,1,0,1,1,0,1,1,0,1,0,0,1,1,1,1,0,0,1,0,1,1,0,1,1,1,1,0,0,0,0,1,0,1,0.0,-4384.77,1
0,1,0,0,1,0,0,1,0,1,0,1,1,0,0,0,0,0,0,0,1,0,0,1,1,0,1,1,1,0,0,1,1,0,0,0,1,1,0,0,0,1,1,1,0,1,0,0,0,0,0,0,1,1,0,1,0,0,0,1,1,1,0,0,0,0,1,0,1,0,1,0,0,0,1,0,0,0,1,0,1,0,0,1,0,1,0,0,1,0,1,0,0,0,0,0,1,1,1,1,0,1,1,1,1,0,0,1,1,1,0,1,0,1,0,0,0,1,1,1,0,0,1,0,0,1,0,1,0,0,0,1,0,0,1,1,0,1,1,1,0,1,0,0,1,1,1,1,0,1,0,1,1,1,0,1,0,1,0,1,0,0,1,1,0,0,1,1,0,0,1,0,1,0,0,0,1,0,0,1,0.0,-4383.520000000001,1
0,1,1,1,0,0,0,0,1,0,0,0,0,1,1,0,1,0,0,1,1,1,0,0,0,0,1,0,0,1,0,0,1,0,0,1,0,0,1,1,1,0,1,0,1,1,1,1,0,0,0,1,0,1,1,1,0,0,1,1,0,1,0,0,1,0,0,1,1,0,0,0,0,1,0,0,1,1,0,0,0,1,0,0,0,1,0,1,1,1,0,1,1,1,1,0,1,1,1,1,0,0,1,0,0,1,1,0,1,0,1,0,1,0,1,0,0,0,0,1,0,0,1,1,0,1,0,0,1,1,1,0,1,1,1,1,0,0,0,1,1,0,1,1,0,0,0,1,1,0,1,0,1,0,1,0,1,1,1,0,1,1,0,1,1,0,0,1,0,1,1,1,0,1,1,1,1,1,1,0,0.0,-4379.97,1
1,0,0,1,0,1,0,1,0,1,1,0,1,1,0,0,0,0,0,1,0,1,1,0,0,0,1,0,0,1,0,0,0,0,0,1,0,0,1,1,1,0,1,0,1,1,0,1,0,0,0,0,1,0,1,1,1,0,0,0,1,1,0,0,1,1,1,0,0,0,1,1,1,0,0,0,0,0,0,1,0,0,0,1,1,0,0,1,0,1,1,0,1,1,0,1,0,1,0,0,0,0,0,0,1,1,0,0,1,0,1,0,0,0,1,0,0,0,0,0,1,1,0,1,0,1,0,1,1,1,0,0,1,0,1,1,0,1,1,1,0,1,0,1,0,0,1,0,1,0,0,0,1,0,1,1,1,0,1,1,1,1,1,1,1,0,0,1,1,0,1,1,1,0,1,1,1,1,0,0,0.0,-4378.14,1
0,0,0,1,0,1,1,1,0,1,1,1,1,0,0,0,0,1,0,1,1,1,0,1,0,0,1,1,0,0,0,0,0,0,0,1,1,0,0,1,1,0,0,0,1,0,0,0,1,0,1,0,1,1,1,0,1,1,0,0,1,0,0,1,1,1,1,0,0,1,1,1,1,0,0,0,0,0,1,0,1,0,0,1,1,0,0,1,1,0,1,0,0,1,0,0,1,1,1,0,0,1,1,0,1,1,1,0,0,0,1,0,0,0,0,1,0,1,1,1,1,0,0,0,1,1,0,1,0,1,0,0,1,0,0,1,0,1,1,1,0,0,0,0,1,0,1,0,1,0,1,0,1,0,1,1,0,1,1,1,1,1,1,1,1,1,0,1,0,0,1,1,1,0,0,1,0,1,0,0,0.0,-4375.38,1
0,1,1,1,1,1,0,0,1,0,1,0,0,0,0,0,1,0,0,0,1,0,0,0,0,1,1,1,1,1,0,0,1,0,0,1,1,0,0,1,0,1,0,0,1,1,0,0,0,0,0,1,0,0,1,1,1,0,1,0,0,1,0,1,0,1,0,0,0,0,0,1,1,1,0,1,1,1,1,0,1,0,1,0,0,1,0,0,1,0,0,1,1,1,1,0,1,1,1,0,1,1,1,0,0,0,1,1,0,0,1,1,1,0,1,1,0,1,1,1,0,0,0,0,0,1,1,0,0,1,1,0,1,1,0,1,0,0,0,1,1,1,1,0,1,0,1,0,0,1,0,0,1,1,1,0,0,1,0,1,0,0,0,0,1,1,0,1,1,0,1,1,0,1,1,0,0,1,0,1,0.0,-4370.630000000001,1
0,0,0,0,0,1,1,1,0,1,0,0,1,0,1,0,0,1,0,1,1,1,0,0,0,1,1,0,0,1,0,0,1,0,0,1,0,1,0,0,1,0,1,1,1,1,0,0,0,1,1,0,0,0,1,0,1,1,0,0,1,1,0,0,1,1,1,1,0,1,1,0,0,0,1,1,0,0,0,1,0,0,1,0,0,1,1,1,0,1,1,1,1,0,0,0,1,0,1,1,0,1,1,1,1,1,0,0,1,1,0,0,1,0,1,1,0,1,1,1,0,0,1,0,1,1,0,1,0,0,0,1,0,0,1,1,0,1,1,1,0,1,0,1,0,0,1,1,1,0,1,1,1,0,0,1,0,1,1,0,1,1,1,1,1,1,1,0,0,0,1,1,1,0,1,1,1,1,1,0,0.0,-4369.129999999998,1
0,0,1,1,0,1,1,1,0,1,0,0,1,1,0,1,0,1,1,1,0,0,1,1,0,0,1,1,0,0,0,0,1,0,1,0,1,1,0,0,0,1,1,1,0,1,0,1,0,0,1,1,1,0,1,0,1,1,0,0,1,1,1,0,1,1,1,0,0,1,1,0,0,0,0,0,0,0,1,1,1,0,0,1,0,0,0,0,1,0,0,0,0,0,1,0,0,0,0,1,1,0,1,1,0,1,1,1,0,0,1,1,0,0,0,1,1,1,0,0,1,1,1,1,1,0,0,1,1,1,0,1,1,1,1,0,1,0,0,0,0,0,0,0,0,1,0,1,0,0,0,0,0,1,1,1,1,1,0,1,0,1,1,0,1,0,0,0,1,0,0,0,0,0,0,0,1,0,0,1,0.0,-4368.11,1
0,1,1,1,0,1,1,1,1,0,1,1,0,0,1,0,1,1,0,1,1,1,0,1,0,1,1,1,0,0,0,0,1,0,0,0,1,0,0,1,0,0,1,0,1,0,1,0,1,0,1,1,1,1,1,0,1,1,1,0,0,0,0,0,1,1,0,1,0,1,0,0,1,0,0,1,0,0,1,1,1,0,1,0,0,1,0,0,0,0,1,1,1,1,1,1,0,1,1,1,1,1,0,0,0,1,1,0,1,0,1,0,0,0,0,1,0,0,1,1,0,0,1,0,0,1,0,0,0,1,1,0,1,1,1,1,0,0,0,1,0,1,1,0,0,0,0,1,0,0,1,0,1,1,1,1,0,0,1,0,1,1,1,1,1,1,0,1,0,0,1,1,0,1,0,0,1,1,1,1,0.0,-4367.86,1
1,0,0,0,1,1,0,1,0,0,0,1,1,0,0,1,0,0,0,1,1,0,0,1,1,1,1,1,1,0,0,0,1,0,0,0,1,1,0,0,1,1,0,1,0,1,0,1,0,1,0,0,1,0,0,1,0,0,1,1,1,1,1,1,0,1,1,0,0,0,1,1,0,1,0,1,0,0,1,0,1,1,1,0,0,0,1,0,1,0,0,0,0,0,0,1,1,0,1,0,0,0,0,1,1,0,0,0,0,1,0,1,0,1,0,0,1,1,0,1,1,0,0,0,0,1,1,1,1,0,0,1,0,0,0,0,0,1,1,0,0,0,1,0,1,1,0,0,1,1,0,1,0,0,0,1,1,0,0,1,0,0,1,1,0,1,1,0,1,1,0,0,1,1,0,1,0,0,0,0,0.0,-4367.640000000001,1
1,1,0,0,0,1,0,0,1,0,1,1,0,0,0,1,0,0,1,1,1,1,0,0,1,1,1,0,0,1,0,0,1,0,1,0,0,0,1,1,0,0,0,0,0,1,0,1,0,1,0,0,0,1,0,1,0,0,0,1,0,1,1,1,1,1,0,0,0,0,1,0,1,1,1,1,1,1,1,0,0,0,1,0,1,1,1,1,1,1,0,0,0,1,0,0,1,0,1,1,1,0,1,0,1,0,0,0,0,1,0,1,1,1,1,0,1,1,0,1,0,0,1,0,0,0,1,0,1,0,0,0,0,0,0,0,1,1,1,1,1,0,1,1,1,1,0,1,0,1,1,1,0,1,0,0,1,1,1,1,0,1,0,1,0,0,1,0,0,0,1,0,0,0,1,0,0,0,1,1,0.0,-4360.9400000000005,1
1,1,0,1,1,0,0,1,0,1,0,0,1,0,1,1,0,0,1,0,1,0,0,0,0,0,1,1,1,0,0,1,1,0,1,0,1,0,0,1,1,1,1,0,0,1,0,1,0,1,0,0,1,0,1,1,1,0,1,0,0,1,1,0,0,0,1,1,1,0,0,0,0,1,0,0,0,0,1,0,1,0,0,1,0,0,1,1,1,0,1,1,0,1,0,0,1,0,1,1,0,0,1,1,1,1,0,1,1,0,1,0,0,0,1,0,1,1,0,1,1,0,1,0,1,0,0,1,1,1,1,0,1,0,1,0,1,1,1,0,0,0,0,1,0,1,1,1,1,0,0,1,0,0,1,1,1,1,0,0,1,0,1,0,1,1,0,0,1,0,0,0,1,1,1,1,1,0,1,0,0.0,-4359.82,1
0,1,1,0,0,0,0,0,1,0,1,1,0,0,0,0,1,0,0,1,1,1,0,0,0,1,1,0,1,1,0,0,0,0,0,1,0,0,1,1,0,0,1,0,1,0,1,0,1,1,0,1,0,1,1,1,0,0,1,1,0,0,0,0,0,0,0,0,1,0,0,0,1,0,1,1,1,1,1,1,0,0,1,0,1,1,1,1,0,1,0,1,1,1,1,0,0,1,0,1,1,1,1,0,0,1,1,0,1,0,0,0,1,0,1,0,0,0,1,1,0,1,1,0,0,1,0,0,0,0,1,0,0,1,1,1,0,0,0,1,1,1,1,1,0,0,1,1,1,0,1,1,1,0,0,0,0,1,1,1,0,1,0,1,1,1,1,1,0,0,1,1,0,1,1,1,1,1,1,1,0.0,-4357.409999999998,1
1,1,1,0,0,1,0,1,0,1,1,0,1,0,1,0,1,0,0,0,1,1,0,0,0,0,1,0,0,0,0,1,1,0,0,1,0,0,0,1,1,0,0,0,1,1,1,0,0,1,0,1,1,1,1,1,1,0,1,0,0,1,0,1,1,1,1,1,0,0,0,1,1,0,0,0,0,0,0,0,0,0,0,1,0,0,1,1,0,1,1,0,1,1,1,1,0,0,0,0,0,1,0,0,0,0,1,0,0,0,0,1,0,0,1,0,0,0,1,1,1,1,0,0,0,1,0,1,0,0,1,0,1,1,0,1,0,0,0,1,0,0,0,1,1,0,1,0,1,1,1,0,1,0,0,1,0,0,1,0,0,1,1,1,1,1,0,0,0,0,1,1,1,1,1,1,0,1,1,0,0.0,-4353.46,1
0,1,0,0,0,0,0,1,0,1,0,1,1,0,1,0,1,0,0,1,1,1,0,0,0,1,1,0,0,0,0,0,1,0,0,1,0,0,0,1,0,0,1,0,1,1,1,0,0,0,0,0,1,0,1,1,0,0,1,1,0,1,0,0,0,0,1,1,1,0,0,0,0,1,1,1,0,0,0,0,0,1,1,0,0,1,0,0,0,1,0,1,1,1,0,1,0,1,1,1,0,1,0,1,1,0,0,0,1,0,0,1,0,0,1,0,0,1,1,1,0,0,1,0,1,1,0,1,0,0,1,0,1,0,1,1,0,1,1,0,0,1,0,0,0,0,1,1,0,1,1,0,1,1,0,1,0,0,1,0,0,1,1,1,1,1,1,1,1,1,0,1,1,1,1,0,1,1,1,1,0.0,-4349.650000000001,1
1,0,1,1,1,0,1,1,0,1,1,0,0,1,1,1,1,1,1,0,0,0,1,1,0,1,0,1,1,0,1,1,0,1,1,0,1,1,0,0,1,1,1,1,0,0,1,0,1,0,1,1,1,0,1,0,1,1,1,0,1,0,1,0,0,0,0,1,1,1,0,0,1,1,0,1,0,0,0,0,1,1,1,0,1,1,0,0,1,0,0,1,0,0,1,1,0,1,1,1,1,1,0,1,0,0,1,1,1,0,1,0,0,0,0,1,1,0,1,0,0,0,1,1,1,0,0,1,0,1,1,1,0,1,1,0,1,0,0,0,0,0,0,0,1,1,0,1,1,1,0,1,0,0,1,1,0,0,0,0,1,0,1,0,1,0,0,1,1,1,0,0,0,1,0,1,1,0,1,0,0.0,-4347.96,1
0,0,1,0,0,1,0,1,0,1,1,1,1,0,0,0,1,0,0,1,1,1,0,0,0,0,1,0,0,0,0,0,0,0,0,1,0,0,0,1,0,0,1,0,1,1,0,0,0,1,0,1,1,1,1,1,1,0,1,0,1,1,0,0,1,1,1,0,0,0,0,0,1,0,1,1,0,0,0,0,0,0,1,0,1,1,1,1,0,1,1,0,1,1,1,1,0,1,1,1,1,1,0,0,0,1,1,0,0,0,0,0,0,0,1,0,0,0,1,1,0,0,1,0,0,1,0,1,0,0,1,0,1,1,1,1,0,0,0,1,0,0,1,1,0,0,1,1,0,0,1,0,1,1,0,1,0,0,1,1,0,1,1,0,1,1,0,1,0,0,1,1,0,1,1,0,1,1,0,1,0.0,-4339.129999999999,1
0,0,0,1,1,0,0,0,1,0,0,1,0,0,1,1,0,0,1,0,0,0,1,0,1,0,0,1,1,1,0,1,1,1,1,0,1,0,1,1,0,1,1,0,0,1,0,1,0,1,0,1,0,1,0,1,1,0,0,0,1,1,1,0,0,0,0,1,1,0,1,0,1,0,0,0,1,1,1,0,0,0,0,1,0,0,1,1,1,1,1,1,0,1,1,0,0,1,1,1,0,0,1,0,0,1,0,1,1,0,1,0,1,1,1,0,1,0,0,0,1,0,1,0,0,0,0,0,1,1,0,0,0,1,1,0,1,0,0,0,1,0,1,1,0,1,1,1,1,0,1,1,0,0,1,0,1,1,0,0,1,0,0,1,0,0,0,1,0,0,0,0,1,0,1,1,1,0,1,0,0.0,-4337.190000000001,1
1,1,1,1,1,1,0,1,0,1,0,1,1,0,0,1,0,0,1,0,1,0,0,0,1,0,1,1,1,0,0,1,1,0,1,0,1,0,0,0,1,1,1,1,0,1,1,0,0,0,0,1,1,1,0,1,1,0,0,0,0,1,1,0,0,1,1,0,0,0,1,0,0,1,0,0,0,0,1,1,1,1,0,1,0,0,0,0,0,1,1,0,0,0,1,1,0,0,0,1,0,1,0,1,0,1,1,1,0,0,1,1,0,1,1,0,1,0,1,1,1,1,1,0,0,0,1,1,0,1,0,0,0,1,0,0,1,0,0,0,0,1,0,0,1,1,0,0,1,0,0,0,0,0,1,1,0,0,0,1,0,0,1,0,0,1,0,0,1,1,0,0,1,0,1,1,0,0,0,0,0.0,-4336.949999999999,1
0,1,0,1,1,1,0,0,1,0,1,0,0,1,1,1,0,0,1,0,1,1,0,0,0,1,1,0,0,1,0,1,0,0,1,1,0,1,1,1,1,0,1,0,1,1,1,1,0,0,0,0,0,0,1,1,1,0,1,0,0,1,1,0,1,1,1,1,0,0,1,0,1,0,0,1,1,1,0,0,0,0,1,0,1,0,0,1,0,1,0,0,1,1,0,1,0,0,1,1,1,0,0,0,1,1,0,0,1,1,1,0,1,0,1,0,1,0,0,1,1,0,1,1,0,0,0,0,1,1,0,1,1,0,1,0,1,1,1,0,1,0,1,1,0,0,1,1,1,0,1,0,0,0,1,0,1,0,1,0,0,0,0,0,1,0,0,0,0,0,0,0,0,1,1,1,1,1,1,0,0.0,-4336.929999999999,1
1,1,1,1,0,0,1,1,0,1,0,1,1,0,1,0,1,1,0,1,0,1,1,1,0,0,1,0,0,1,1,0,0,0,0,1,0,0,1,0,0,0,0,1,1,0,0,1,1,0,1,1,0,0,1,0,1,1,1,0,0,0,0,1,1,0,1,1,0,1,0,1,0,0,0,0,0,0,1,1,0,0,0,1,1,0,0,0,0,1,0,0,1,0,1,1,1,0,0,0,0,0,0,1,0,1,1,0,0,0,1,0,1,0,0,1,0,0,0,0,1,1,0,0,1,1,0,1,1,1,1,0,0,1,0,1,0,0,0,0,1,1,0,0,1,0,1,1,0,0,1,0,1,1,1,1,1,0,1,0,1,1,1,0,1,0,0,0,1,0,0,1,1,1,0,0,0,1,1,1,0.0,-4319.700000000002,1
0,0,0,1,0,1,0,1,0,1,1,1,1,0,0,1,1,0,1,1,1,1,0,1,1,1,1,0,0,0,0,0,1,0,1,0,0,0,0,1,0,0,0,0,0,1,0,0,0,1,0,0,1,0,0,1,1,0,1,0,1,1,1,1,1,1,1,0,0,0,0,1,1,0,0,1,0,0,0,1,0,0,1,0,0,1,1,1,0,1,1,1,0,1,0,1,1,0,1,0,0,1,0,0,1,1,0,0,0,0,1,1,0,1,0,0,1,1,1,1,0,0,0,0,1,0,1,1,0,1,1,0,0,0,0,0,1,1,1,0,0,1,0,1,1,1,1,0,1,0,1,1,0,0,1,1,0,0,1,1,0,1,0,0,0,1,0,0,0,0,0,0,1,1,0,1,0,0,0,0,0.0,-4315.019999999999,1
0,0,1,1,1,1,1,1,0,1,1,1,1,0,0,1,1,1,1,0,0,0,1,1,1,1,1,0,1,0,1,1,0,0,1,0,0,0,0,1,0,1,1,0,0,0,1,1,1,1,1,1,1,1,0,0,1,1,1,0,1,0,0,0,0,1,0,0,0,1,0,0,1,1,0,1,0,0,0,0,0,1,1,0,1,1,1,0,1,1,0,0,0,1,1,1,1,1,1,1,0,0,0,0,0,1,0,1,1,0,1,1,0,1,0,1,1,0,0,1,0,0,1,0,1,0,0,1,1,1,1,0,1,1,1,1,1,0,0,1,0,0,0,0,0,1,0,1,1,0,1,0,0,0,1,1,1,0,0,1,0,0,1,1,0,1,0,1,1,1,1,0,1,1,0,1,1,0,0,0,0.0,-4312.980000000001,1
0,0,1,0,1,1,0,0,1,0,1,1,0,0,0,1,1,0,0,0,1,0,0,1,1,1,1,1,1,1,1,1,1,0,0,0,1,0,0,1,0,1,1,0,0,0,1,0,1,0,0,1,0,0,0,1,0,0,0,1,1,1,1,0,0,1,1,0,0,0,0,0,1,0,1,1,1,1,1,0,1,0,1,0,0,0,0,0,1,1,1,0,1,1,1,1,0,1,1,1,1,1,0,0,0,0,1,1,1,0,0,1,1,1,0,0,1,0,1,1,1,0,1,0,0,0,0,0,0,0,1,0,1,1,1,0,1,0,0,0,1,0,1,0,1,1,0,1,0,1,1,0,0,1,0,1,0,0,0,1,0,0,0,0,0,0,1,1,1,0,0,0,0,0,0,0,1,0,0,1,0.0,-4304.72,1
0,1,0,1,1,0,0,0,1,0,0,1,0,0,1,1,0,0,1,1,1,0,0,0,1,0,0,1,1,1,1,0,0,1,1,0,1,0,0,1,1,1,0,0,0,1,1,0,0,1,0,0,0,1,0,1,1,0,0,0,0,1,1,1,0,0,0,1,0,0,1,1,0,0,0,0,1,1,1,0,1,0,0,1,1,0,1,0,1,0,1,0,0,1,0,1,0,0,1,0,1,1,0,0,1,1,1,1,0,0,1,1,1,1,1,0,1,1,1,1,1,0,0,0,1,0,1,0,0,1,0,0,1,0,0,0,1,1,1,0,1,0,1,0,1,1,0,1,1,0,0,0,0,0,1,0,0,0,0,0,0,0,0,0,0,1,0,0,1,0,0,0,0,0,1,1,0,0,1,0,0.0,-4299.6799999999985,1
0,1,0,0,0,1,1,1,0,1,0,0,1,1,0,0,1,1,0,1,0,1,1,1,0,0,1,1,0,0,0,0,0,0,0,1,1,1,1,0,0,1,0,1,1,0,0,1,1,0,1,0,1,0,1,0,0,1,1,1,0,0,1,1,1,1,0,0,0,1,0,1,0,1,0,0,0,0,0,0,1,0,0,1,1,1,0,0,0,1,1,0,1,0,0,0,1,0,1,0,0,0,1,1,1,0,0,1,0,1,0,0,0,0,0,1,0,1,1,0,0,0,0,1,0,1,1,1,1,0,1,1,1,0,0,0,0,1,1,0,0,0,0,0,1,0,0,0,0,1,1,0,1,1,0,1,1,1,0,1,1,1,1,1,1,0,1,0,1,0,0,1,1,1,0,0,0,1,0,1,0.0,-4299.259999999999,1
0,1,1,0,0,0,0,1,0,0,1,1,1,0,0,0,0,0,0,1,1,0,0,1,1,1,0,0,0,0,0,0,1,1,0,1,0,0,0,1,1,1,1,0,0,1,0,0,0,0,0,1,1,0,0,1,1,0,0,1,0,1,0,0,1,0,0,0,1,0,1,0,1,0,0,1,0,0,1,0,0,0,1,0,0,1,0,0,1,1,1,1,0,1,1,0,0,0,1,1,1,1,1,0,0,1,0,1,1,1,0,1,0,1,0,0,0,0,1,1,0,0,1,0,0,1,0,0,0,0,0,0,0,1,1,1,0,0,0,1,0,1,1,0,0,1,0,1,0,0,1,0,1,1,0,1,0,1,0,1,0,1,1,0,0,0,1,0,1,0,1,1,0,0,0,0,1,0,0,0,0.0,-4299.24,1
1,0,1,1,1,0,1,1,0,1,0,1,1,0,1,0,0,1,0,0,0,0,1,0,0,1,0,1,1,0,1,1,0,1,0,1,1,1,0,0,1,1,1,1,1,0,1,0,1,0,1,1,1,0,1,0,1,1,1,0,1,0,0,0,0,0,0,1,1,1,0,1,0,0,0,1,0,0,0,0,1,1,1,0,1,1,0,0,0,1,1,1,1,0,1,0,0,1,1,0,0,1,1,1,0,1,1,1,1,0,1,0,0,0,1,1,0,0,1,0,0,0,1,0,0,1,0,1,0,1,1,1,0,1,1,1,0,0,0,1,0,0,0,0,1,0,0,0,0,0,1,0,1,1,1,0,0,1,0,0,1,0,1,0,1,1,0,1,1,1,1,1,1,1,1,0,1,1,0,0,0.0,-4293.290000000001,1
1,1,0,1,0,0,0,1,0,1,1,1,1,0,0,1,0,0,1,1,1,0,0,0,1,1,1,1,0,0,0,0,1,0,1,0,1,1,0,1,0,1,1,0,0,1,1,0,0,1,0,0,1,0,0,1,1,0,0,0,0,1,0,0,1,0,1,0,1,0,1,0,1,0,0,1,0,0,0,0,1,0,1,0,0,1,1,0,1,1,1,1,0,1,0,1,0,1,0,1,0,1,0,0,1,1,0,1,1,0,1,0,0,1,1,0,0,1,1,1,0,1,1,0,0,0,0,1,0,1,0,1,0,1,1,1,1,1,1,1,0,0,0,0,0,1,1,1,0,0,1,0,0,1,1,1,0,0,0,1,1,1,1,1,0,1,0,1,1,0,1,0,1,0,1,0,1,0,0,1,0.0,-4229.27,1
